ENSMMUG00000023296	0
ENSMMUG00000036181	1
ENSMMUG00000000634	161
ENSMMUG00000037875	59
ENSMMUG00000000632	8
ENSMMUG00000064799	2
ENSMMUG00000057389	105
ENSMMUG00000031200	179
ENSMMUG00000052613	0
ENSMMUG00000031199	0
ENSMMUG00000053841	0
ENSMMUG00000017095	0
ENSMMUG00000025700	0
ENSMMUG00000049101	0
ENSMMUG00000048289	0
ENSMMUG00000017368	0
ENSMMUG00000055842	0
ENSMMUG00000031198	0
ENSMMUG00000062331	0
ENSMMUG00000049901	0
ENSMMUG00000064657	0
ENSMMUG00000005566	0
ENSMMUG00000064874	0
ENSMMUG00000039595	0
ENSMMUG00000038524	0
ENSMMUG00000049432	0
ENSMMUG00000050812	0
ENSMMUG00000059065	0
ENSMMUG00000064763	0
ENSMMUG00000053957	0
ENSMMUG00000062908	0
ENSMMUG00000057748	0
ENSMMUG00000051218	0
ENSMMUG00000050041	0
ENSMMUG00000052261	0
ENSMMUG00000054556	0
ENSMMUG00000060886	0
ENSMMUG00000062168	0
ENSMMUG00000059751	0
ENSMMUG00000018891	0
ENSMMUG00000056262	0
ENSMMUG00000038159	0
ENSMMUG00000005570	26
ENSMMUG00000006214	0
ENSMMUG00000056211	0
ENSMMUG00000049478	0
ENSMMUG00000062849	5
ENSMMUG00000064145	0
ENSMMUG00000059455	0
ENSMMUG00000016175	0
ENSMMUG00000016176	0
ENSMMUG00000058340	0
ENSMMUG00000005955	0
ENSMMUG00000012954	0
ENSMMUG00000060427	0
ENSMMUG00000005949	16
ENSMMUG00000005946	0
ENSMMUG00000052686	0
ENSMMUG00000019585	0
ENSMMUG00000064912	0
ENSMMUG00000021266	0
ENSMMUG00000058602	0
ENSMMUG00000059322	0
ENSMMUG00000004566	0
ENSMMUG00000058214	4
ENSMMUG00000023311	0
ENSMMUG00000050290	0
ENSMMUG00000054567	12
ENSMMUG00000031191	0
ENSMMUG00000061999	0
ENSMMUG00000016408	1
ENSMMUG00000049281	0
ENSMMUG00000053269	2
ENSMMUG00000022208	0
ENSMMUG00000056452	0
ENSMMUG00000050866	0
ENSMMUG00000057881	0
ENSMMUG00000062560	0
ENSMMUG00000064226	0
ENSMMUG00000061675	0
ENSMMUG00000053105	0
ENSMMUG00000044246	0
ENSMMUG00000052988	0
ENSMMUG00000051199	0
ENSMMUG00000058983	0
ENSMMUG00000050099	0
ENSMMUG00000053289	0
ENSMMUG00000050167	0
ENSMMUG00000054394	0
ENSMMUG00000050971	0
ENSMMUG00000026576	49
ENSMMUG00000050302	0
ENSMMUG00000061587	0
ENSMMUG00000064992	0
ENSMMUG00000025558	0
ENSMMUG00000060709	3
ENSMMUG00000035621	0
ENSMMUG00000050926	0
ENSMMUG00000047025	0
ENSMMUG00000051961	0
ENSMMUG00000056846	0
ENSMMUG00000062726	0
ENSMMUG00000036728	0
ENSMMUG00000050964	0
ENSMMUG00000065137	0
ENSMMUG00000057829	0
ENSMMUG00000061941	0
ENSMMUG00000054812	0
ENSMMUG00000059354	0
ENSMMUG00000054381	0
ENSMMUG00000055981	0
ENSMMUG00000052461	0
ENSMMUG00000058124	46
ENSMMUG00000060426	1
ENSMMUG00000059666	1
ENSMMUG00000060006	0
ENSMMUG00000025681	0
ENSMMUG00000062580	5
ENSMMUG00000001382	0
ENSMMUG00000043586	0
ENSMMUG00000052364	0
ENSMMUG00000052910	0
ENSMMUG00000064896	0
ENSMMUG00000060928	0
ENSMMUG00000011380	0
ENSMMUG00000002585	0
ENSMMUG00000062933	0
ENSMMUG00000059690	112
ENSMMUG00000055490	0
ENSMMUG00000055003	0
ENSMMUG00000005777	1
ENSMMUG00000024556	0
ENSMMUG00000008153	0
ENSMMUG00000017324	8
ENSMMUG00000050220	0
ENSMMUG00000052401	0
ENSMMUG00000059892	0
ENSMMUG00000027317	0
ENSMMUG00000008847	0
ENSMMUG00000011424	0
ENSMMUG00000057396	0
ENSMMUG00000036930	0
ENSMMUG00000060683	0
ENSMMUG00000051140	0
ENSMMUG00000053368	31
ENSMMUG00000036090	0
ENSMMUG00000050136	0
ENSMMUG00000060516	0
ENSMMUG00000021098	7
ENSMMUG00000059986	0
ENSMMUG00000062668	0
ENSMMUG00000058292	0
ENSMMUG00000031175	450
ENSMMUG00000048085	0
ENSMMUG00000062648	0
ENSMMUG00000054073	0
ENSMMUG00000057626	0
ENSMMUG00000018525	0
ENSMMUG00000022310	0
ENSMMUG00000058133	0
ENSMMUG00000052237	0
ENSMMUG00000012031	3
ENSMMUG00000000021	0
ENSMMUG00000008636	0
ENSMMUG00000050632	4
ENSMMUG00000021388	0
ENSMMUG00000062093	6
ENSMMUG00000000016	0
ENSMMUG00000012028	3
ENSMMUG00000010176	0
ENSMMUG00000000015	0
ENSMMUG00000058747	0
ENSMMUG00000059503	0
ENSMMUG00000053405	0
ENSMMUG00000058339	0
ENSMMUG00000041413	0
ENSMMUG00000006252	31
ENSMMUG00000048772	0
ENSMMUG00000039543	0
ENSMMUG00000053438	0
ENSMMUG00000047935	0
ENSMMUG00000011832	1
ENSMMUG00000055596	0
ENSMMUG00000008149	54
ENSMMUG00000015664	2
ENSMMUG00000061500	0
ENSMMUG00000019771	106
ENSMMUG00000063991	0
ENSMMUG00000058567	0
ENSMMUG00000055600	0
ENSMMUG00000058282	0
ENSMMUG00000044406	0
ENSMMUG00000049847	0
ENSMMUG00000026424	3
ENSMMUG00000055817	0
ENSMMUG00000042021	0
ENSMMUG00000006251	4
ENSMMUG00000002141	10
ENSMMUG00000008836	602
ENSMMUG00000002142	0
ENSMMUG00000019995	7
ENSMMUG00000053224	1
ENSMMUG00000015158	5
ENSMMUG00000008835	20
ENSMMUG00000008146	3
ENSMMUG00000064143	23
ENSMMUG00000010977	0
ENSMMUG00000008145	0
ENSMMUG00000056564	0
ENSMMUG00000015156	4
ENSMMUG00000057586	0
ENSMMUG00000054804	6
ENSMMUG00000003343	4
ENSMMUG00000060391	5
ENSMMUG00000055518	0
ENSMMUG00000025174	0
ENSMMUG00000057562	10
ENSMMUG00000015155	0
ENSMMUG00000050796	0
ENSMMUG00000045106	0
ENSMMUG00000061927	0
ENSMMUG00000008638	0
ENSMMUG00000010973	7
ENSMMUG00000010978	0
ENSMMUG00000051774	0
ENSMMUG00000052045	0
ENSMMUG00000019994	65
ENSMMUG00000050423	0
ENSMMUG00000031655	0
ENSMMUG00000053265	0
ENSMMUG00000022884	10
ENSMMUG00000063102	0
ENSMMUG00000010979	0
ENSMMUG00000015150	1
ENSMMUG00000010970	0
ENSMMUG00000010980	0
ENSMMUG00000064110	8577
ENSMMUG00000008917	6
ENSMMUG00000053474	13
ENSMMUG00000022886	0
ENSMMUG00000058556	0
ENSMMUG00000011221	0
ENSMMUG00000049444	0
ENSMMUG00000040678	0
ENSMMUG00000006022	5
ENSMMUG00000001803	0
ENSMMUG00000010961	0
ENSMMUG00000059457	0
ENSMMUG00000022173	0
ENSMMUG00000047604	0
ENSMMUG00000056485	0
ENSMMUG00000032222	0
ENSMMUG00000022171	0
ENSMMUG00000061389	0
ENSMMUG00000004833	0
ENSMMUG00000031291	0
ENSMMUG00000004835	0
ENSMMUG00000012185	0
ENSMMUG00000036025	3
ENSMMUG00000056752	0
ENSMMUG00000052576	0
ENSMMUG00000005740	1
ENSMMUG00000047853	0
ENSMMUG00000045584	39
ENSMMUG00000013857	0
ENSMMUG00000052341	0
ENSMMUG00000015142	0
ENSMMUG00000004832	0
ENSMMUG00000022170	263
ENSMMUG00000038517	0
ENSMMUG00000021387	0
ENSMMUG00000015056	0
ENSMMUG00000044778	1
ENSMMUG00000052344	0
ENSMMUG00000059270	0
ENSMMUG00000061945	2
ENSMMUG00000064796	5
ENSMMUG00000006868	0
ENSMMUG00000008435	0
ENSMMUG00000049733	0
ENSMMUG00000005634	3
ENSMMUG00000006865	0
ENSMMUG00000019287	16
ENSMMUG00000013090	0
ENSMMUG00000058244	2
ENSMMUG00000052239	0
ENSMMUG00000053940	0
ENSMMUG00000064041	0
ENSMMUG00000032677	0
ENSMMUG00000060204	1
ENSMMUG00000053534	0
ENSMMUG00000045550	0
ENSMMUG00000051554	0
ENSMMUG00000022168	0
ENSMMUG00000009773	74
ENSMMUG00000042187	0
ENSMMUG00000043598	0
ENSMMUG00000055481	0
ENSMMUG00000061167	0
ENSMMUG00000045959	0
ENSMMUG00000019815	0
ENSMMUG00000031430	1
ENSMMUG00000021750	0
ENSMMUG00000064805	0
ENSMMUG00000051645	0
ENSMMUG00000057430	0
ENSMMUG00000051591	1
ENSMMUG00000064352	0
ENSMMUG00000059169	0
ENSMMUG00000013738	0
ENSMMUG00000008990	0
ENSMMUG00000021862	0
ENSMMUG00000049143	8
ENSMMUG00000037766	0
ENSMMUG00000019812	0
ENSMMUG00000015924	43
ENSMMUG00000055077	0
ENSMMUG00000050331	0
ENSMMUG00000041086	0
ENSMMUG00000011732	0
ENSMMUG00000053964	5
ENSMMUG00000015555	0
ENSMMUG00000061474	0
ENSMMUG00000055316	0
ENSMMUG00000019914	0
ENSMMUG00000020834	0
ENSMMUG00000054857	0
ENSMMUG00000010764	0
ENSMMUG00000055798	0
ENSMMUG00000036441	0
ENSMMUG00000064729	0
ENSMMUG00000057296	0
ENSMMUG00000011733	20
ENSMMUG00000023624	0
ENSMMUG00000015922	3
ENSMMUG00000001264	14
ENSMMUG00000063702	0
ENSMMUG00000054613	0
ENSMMUG00000008992	13
ENSMMUG00000016215	2
ENSMMUG00000042618	0
ENSMMUG00000011711	2
ENSMMUG00000017740	0
ENSMMUG00000019806	40
ENSMMUG00000011735	0
ENSMMUG00000002492	0
ENSMMUG00000016214	0
ENSMMUG00000037367	0
ENSMMUG00000055038	0
ENSMMUG00000054634	0
ENSMMUG00000044175	0
ENSMMUG00000051719	0
ENSMMUG00000027973	0
ENSMMUG00000052260	0
ENSMMUG00000059561	0
ENSMMUG00000054650	0
ENSMMUG00000058472	0
ENSMMUG00000058332	0
ENSMMUG00000043588	0
ENSMMUG00000064604	0
ENSMMUG00000056940	0
ENSMMUG00000062759	0
ENSMMUG00000062448	0
ENSMMUG00000063749	3
ENSMMUG00000050859	0
ENSMMUG00000055266	0
ENSMMUG00000041482	0
ENSMMUG00000012479	0
ENSMMUG00000061742	0
ENSMMUG00000051816	0
ENSMMUG00000063085	0
ENSMMUG00000005635	3
ENSMMUG00000017104	12
ENSMMUG00000001966	0
ENSMMUG00000013602	10
ENSMMUG00000032231	1
ENSMMUG00000053960	0
ENSMMUG00000016812	1
ENSMMUG00000049843	0
ENSMMUG00000062996	0
ENSMMUG00000004265	1
ENSMMUG00000049286	0
ENSMMUG00000003581	6
ENSMMUG00000053735	0
ENSMMUG00000023382	0
ENSMMUG00000017103	7
ENSMMUG00000058094	0
ENSMMUG00000005210	0
ENSMMUG00000056808	0
ENSMMUG00000056341	848
ENSMMUG00000013596	16
ENSMMUG00000050804	0
ENSMMUG00000053498	0
ENSMMUG00000035346	0
ENSMMUG00000000352	0
ENSMMUG00000052516	0
ENSMMUG00000058456	0
ENSMMUG00000001967	0
ENSMMUG00000053723	0
ENSMMUG00000003579	0
ENSMMUG00000017101	8
ENSMMUG00000053323	1
ENSMMUG00000015081	0
ENSMMUG00000061598	4
ENSMMUG00000060345	0
ENSMMUG00000009951	15
ENSMMUG00000009040	0
ENSMMUG00000040888	3
ENSMMUG00000052779	0
ENSMMUG00000056511	0
ENSMMUG00000065322	0
ENSMMUG00000045421	78
ENSMMUG00000060445	2
ENSMMUG00000023145	45
ENSMMUG00000009948	10
ENSMMUG00000059472	0
ENSMMUG00000059665	0
ENSMMUG00000008761	0
ENSMMUG00000061947	0
ENSMMUG00000053610	0
ENSMMUG00000015084	0
ENSMMUG00000063539	0
ENSMMUG00000058486	0
ENSMMUG00000053934	3
ENSMMUG00000064774	0
ENSMMUG00000055760	0
ENSMMUG00000063807	0
ENSMMUG00000021386	1
ENSMMUG00000020756	0
ENSMMUG00000016808	9
ENSMMUG00000040694	6
ENSMMUG00000043675	0
ENSMMUG00000006894	16
ENSMMUG00000013561	36
ENSMMUG00000008763	9
ENSMMUG00000063725	0
ENSMMUG00000007129	80
ENSMMUG00000019536	0
ENSMMUG00000003309	0
ENSMMUG00000043775	0
ENSMMUG00000016786	8
ENSMMUG00000062596	441
ENSMMUG00000053652	0
ENSMMUG00000058256	0
ENSMMUG00000005736	0
ENSMMUG00000039340	0
ENSMMUG00000055285	0
ENSMMUG00000065199	0
ENSMMUG00000020754	0
ENSMMUG00000001479	0
ENSMMUG00000019793	3
ENSMMUG00000052469	0
ENSMMUG00000000476	0
ENSMMUG00000023200	0
ENSMMUG00000051332	3
ENSMMUG00000036946	0
ENSMMUG00000006892	25
ENSMMUG00000014970	13
ENSMMUG00000061825	0
ENSMMUG00000005669	0
ENSMMUG00000040115	0
ENSMMUG00000043124	0
ENSMMUG00000045495	4
ENSMMUG00000037178	2
ENSMMUG00000006119	3
ENSMMUG00000005668	0
ENSMMUG00000025420	6
ENSMMUG00000051071	0
ENSMMUG00000051142	5
ENSMMUG00000057445	0
ENSMMUG00000018618	0
ENSMMUG00000050205	0
ENSMMUG00000008453	63
ENSMMUG00000005073	20
ENSMMUG00000005735	0
ENSMMUG00000061293	0
ENSMMUG00000053581	0
ENSMMUG00000026958	0
ENSMMUG00000023199	6
ENSMMUG00000026847	0
ENSMMUG00000011914	0
ENSMMUG00000051009	45
ENSMMUG00000057466	5
ENSMMUG00000008552	0
ENSMMUG00000009024	0
ENSMMUG00000025705	24
ENSMMUG00000008857	0
ENSMMUG00000005667	0
ENSMMUG00000006697	76
ENSMMUG00000061360	0
ENSMMUG00000005072	27
ENSMMUG00000026870	0
ENSMMUG00000002454	0
ENSMMUG00000017718	87
ENSMMUG00000001481	0
ENSMMUG00000054974	8
ENSMMUG00000015133	0
ENSMMUG00000032681	0
ENSMMUG00000026648	1
ENSMMUG00000021577	0
ENSMMUG00000028449	1
ENSMMUG00000057010	0
ENSMMUG00000018014	6
ENSMMUG00000015631	0
ENSMMUG00000039139	0
ENSMMUG00000054776	0
ENSMMUG00000046184	0
ENSMMUG00000002455	0
ENSMMUG00000021575	0
ENSMMUG00000012221	2
ENSMMUG00000060685	0
ENSMMUG00000057015	0
ENSMMUG00000061582	0
ENSMMUG00000056473	0
ENSMMUG00000015632	0
ENSMMUG00000012477	0
ENSMMUG00000058111	0
ENSMMUG00000059358	1
ENSMMUG00000050315	0
ENSMMUG00000010729	0
ENSMMUG00000028051	0
ENSMMUG00000061414	51
ENSMMUG00000040207	0
ENSMMUG00000006891	0
ENSMMUG00000054758	0
ENSMMUG00000056255	0
ENSMMUG00000005070	5
ENSMMUG00000049415	3
ENSMMUG00000050602	0
ENSMMUG00000057342	0
ENSMMUG00000023277	0
ENSMMUG00000011156	9
ENSMMUG00000049315	0
ENSMMUG00000004563	0
ENSMMUG00000009234	1
ENSMMUG00000064473	2
ENSMMUG00000015066	7
ENSMMUG00000023144	2
ENSMMUG00000015634	0
ENSMMUG00000050628	0
ENSMMUG00000020398	0
ENSMMUG00000049470	130
ENSMMUG00000054679	0
ENSMMUG00000033058	0
ENSMMUG00000022009	7
ENSMMUG00000056871	0
ENSMMUG00000005836	0
ENSMMUG00000064824	0
ENSMMUG00000032217	71
ENSMMUG00000015580	44
ENSMMUG00000021574	0
ENSMMUG00000031497	0
ENSMMUG00000035358	0
ENSMMUG00000031435	0
ENSMMUG00000043005	1
ENSMMUG00000023275	3
ENSMMUG00000049853	0
ENSMMUG00000051230	0
ENSMMUG00000065039	13
ENSMMUG00000057845	0
ENSMMUG00000062651	0
ENSMMUG00000006688	43
ENSMMUG00000051883	0
ENSMMUG00000057560	0
ENSMMUG00000062883	0
ENSMMUG00000043951	0
ENSMMUG00000052612	0
ENSMMUG00000065223	5
ENSMMUG00000059650	0
ENSMMUG00000054334	0
ENSMMUG00000032084	2
ENSMMUG00000005371	6
ENSMMUG00000013839	1
ENSMMUG00000041183	0
ENSMMUG00000003887	0
ENSMMUG00000019154	11
ENSMMUG00000018458	22
ENSMMUG00000005372	0
ENSMMUG00000002970	4
ENSMMUG00000016931	0
ENSMMUG00000026504	0
ENSMMUG00000052967	0
ENSMMUG00000046192	0
ENSMMUG00000024249	0
ENSMMUG00000022040	0
ENSMMUG00000005185	0
ENSMMUG00000002968	0
ENSMMUG00000021385	86
ENSMMUG00000058838	1
ENSMMUG00000064202	0
ENSMMUG00000001869	1
ENSMMUG00000055525	37
ENSMMUG00000006754	4
ENSMMUG00000008455	4
ENSMMUG00000051390	0
ENSMMUG00000065207	0
ENSMMUG00000024513	8
ENSMMUG00000053800	0
ENSMMUG00000002461	20
ENSMMUG00000064868	0
ENSMMUG00000026923	0
ENSMMUG00000029649	15
ENSMMUG00000062716	0
ENSMMUG00000058564	0
ENSMMUG00000060855	0
ENSMMUG00000022639	0
ENSMMUG00000064377	0
ENSMMUG00000022038	0
ENSMMUG00000055536	0
ENSMMUG00000018664	57
ENSMMUG00000058153	0
ENSMMUG00000026240	0
ENSMMUG00000005068	0
ENSMMUG00000061518	0
ENSMMUG00000053969	3
ENSMMUG00000055847	0
ENSMMUG00000021442	0
ENSMMUG00000007338	19
ENSMMUG00000003369	0
ENSMMUG00000060243	0
ENSMMUG00000016479	4
ENSMMUG00000060353	0
ENSMMUG00000060259	0
ENSMMUG00000057953	0
ENSMMUG00000053968	0
ENSMMUG00000009114	0
ENSMMUG00000050186	1
ENSMMUG00000014340	0
ENSMMUG00000023089	0
ENSMMUG00000034447	0
ENSMMUG00000008338	0
ENSMMUG00000016054	4
ENSMMUG00000002420	7
ENSMMUG00000007806	0
ENSMMUG00000058078	0
ENSMMUG00000050045	0
ENSMMUG00000059198	0
ENSMMUG00000042929	0
ENSMMUG00000063277	0
ENSMMUG00000022640	0
ENSMMUG00000005186	0
ENSMMUG00000054726	0
ENSMMUG00000050712	0
ENSMMUG00000054856	0
ENSMMUG00000021531	0
ENSMMUG00000044826	0
ENSMMUG00000016738	1
ENSMMUG00000015083	0
ENSMMUG00000058513	0
ENSMMUG00000002416	1
ENSMMUG00000015650	15
ENSMMUG00000016925	0
ENSMMUG00000054712	0
ENSMMUG00000052432	24
ENSMMUG00000029348	0
ENSMMUG00000021449	1
ENSMMUG00000000812	13
ENSMMUG00000013679	0
ENSMMUG00000061399	4
ENSMMUG00000050533	0
ENSMMUG00000060016	0
ENSMMUG00000001152	0
ENSMMUG00000049264	0
ENSMMUG00000010096	1
ENSMMUG00000008420	0
ENSMMUG00000005000	0
ENSMMUG00000059542	0
ENSMMUG00000061301	0
ENSMMUG00000056972	0
ENSMMUG00000060894	0
ENSMMUG00000061845	0
ENSMMUG00000041790	2
ENSMMUG00000047901	0
ENSMMUG00000052395	0
ENSMMUG00000063954	0
ENSMMUG00000047765	0
ENSMMUG00000054842	0
ENSMMUG00000002791	2
ENSMMUG00000005992	2
ENSMMUG00000053896	0
ENSMMUG00000002105	0
ENSMMUG00000059514	0
ENSMMUG00000023438	0
ENSMMUG00000033018	0
ENSMMUG00000063676	1
ENSMMUG00000016568	0
ENSMMUG00000056375	0
ENSMMUG00000013681	3
ENSMMUG00000061702	0
ENSMMUG00000063455	0
ENSMMUG00000052547	0
ENSMMUG00000056247	0
ENSMMUG00000008419	0
ENSMMUG00000040654	0
ENSMMUG00000013680	45
ENSMMUG00000061410	3
ENSMMUG00000026478	0
ENSMMUG00000006645	2
ENSMMUG00000052510	0
ENSMMUG00000018460	187
ENSMMUG00000062154	0
ENSMMUG00000051599	0
ENSMMUG00000016053	4
ENSMMUG00000016567	0
ENSMMUG00000031260	0
ENSMMUG00000042531	0
ENSMMUG00000032180	8
ENSMMUG00000010095	0
ENSMMUG00000016051	46
ENSMMUG00000023085	4
ENSMMUG00000014167	0
ENSMMUG00000058879	0
ENSMMUG00000024679	0
ENSMMUG00000013673	0
ENSMMUG00000027950	0
ENSMMUG00000063534	0
ENSMMUG00000053181	0
ENSMMUG00000036119	0
ENSMMUG00000016049	314
ENSMMUG00000062323	0
ENSMMUG00000049347	0
ENSMMUG00000001060	0
ENSMMUG00000004998	4
ENSMMUG00000040271	0
ENSMMUG00000061128	1
ENSMMUG00000057902	0
ENSMMUG00000023086	0
ENSMMUG00000056788	0
ENSMMUG00000061559	0
ENSMMUG00000046901	2
ENSMMUG00000045482	0
ENSMMUG00000009189	53
ENSMMUG00000057675	0
ENSMMUG00000057834	0
ENSMMUG00000055431	0
ENSMMUG00000016048	8
ENSMMUG00000060193	0
ENSMMUG00000019108	0
ENSMMUG00000054343	0
ENSMMUG00000063390	0
ENSMMUG00000059723	0
ENSMMUG00000058954	0
ENSMMUG00000059587	0
ENSMMUG00000008418	2
ENSMMUG00000056106	0
ENSMMUG00000000811	34
ENSMMUG00000053036	0
ENSMMUG00000007244	0
ENSMMUG00000059855	0
ENSMMUG00000012505	0
ENSMMUG00000049609	4
ENSMMUG00000016043	0
ENSMMUG00000014946	2
ENSMMUG00000007180	1
ENSMMUG00000022927	4
ENSMMUG00000022679	0
ENSMMUG00000020976	30
ENSMMUG00000026519	0
ENSMMUG00000022062	26
ENSMMUG00000016399	0
ENSMMUG00000022677	0
ENSMMUG00000059214	0
ENSMMUG00000052282	0
ENSMMUG00000054190	4
ENSMMUG00000001860	0
ENSMMUG00000023096	462
ENSMMUG00000018684	18
ENSMMUG00000001859	0
ENSMMUG00000007246	2
ENSMMUG00000041046	2
ENSMMUG00000062764	0
ENSMMUG00000054017	0
ENSMMUG00000050154	0
ENSMMUG00000008722	1
ENSMMUG00000032951	0
ENSMMUG00000039738	0
ENSMMUG00000010328	0
ENSMMUG00000041470	0
ENSMMUG00000004466	3
ENSMMUG00000063814	0
ENSMMUG00000054439	0
ENSMMUG00000007256	0
ENSMMUG00000016056	0
ENSMMUG00000060649	0
ENSMMUG00000053692	0
ENSMMUG00000007213	0
ENSMMUG00000035555	0
ENSMMUG00000053077	0
ENSMMUG00000063359	268
ENSMMUG00000062177	0
ENSMMUG00000005466	0
ENSMMUG00000006300	0
ENSMMUG00000055302	2
ENSMMUG00000057054	0
ENSMMUG00000022065	0
ENSMMUG00000064173	0
ENSMMUG00000000952	0
ENSMMUG00000054255	4
ENSMMUG00000059598	20
ENSMMUG00000007257	0
ENSMMUG00000058542	0
ENSMMUG00000063754	0
ENSMMUG00000009257	0
ENSMMUG00000022066	0
ENSMMUG00000062824	0
ENSMMUG00000006669	10
ENSMMUG00000020972	1
ENSMMUG00000049848	0
ENSMMUG00000024597	0
ENSMMUG00000016733	3
ENSMMUG00000064398	0
ENSMMUG00000009188	187
ENSMMUG00000010323	49
ENSMMUG00000010073	3
ENSMMUG00000004070	0
ENSMMUG00000007258	0
ENSMMUG00000004463	6
ENSMMUG00000064331	0
ENSMMUG00000064197	0
ENSMMUG00000015022	103
ENSMMUG00000052186	0
ENSMMUG00000050060	0
ENSMMUG00000061036	0
ENSMMUG00000059072	5
ENSMMUG00000016734	60
ENSMMUG00000015949	60
ENSMMUG00000037540	22
ENSMMUG00000061181	0
ENSMMUG00000019986	0
ENSMMUG00000059673	0
ENSMMUG00000063990	0
ENSMMUG00000043047	0
ENSMMUG00000004071	0
ENSMMUG00000065163	0
ENSMMUG00000016349	0
ENSMMUG00000009679	0
ENSMMUG00000002892	0
ENSMMUG00000052382	3
ENSMMUG00000015020	2
ENSMMUG00000014828	0
ENSMMUG00000015947	0
ENSMMUG00000062407	0
ENSMMUG00000016735	9
ENSMMUG00000054615	26
ENSMMUG00000060284	1
ENSMMUG00000051523	0
ENSMMUG00000008519	0
ENSMMUG00000011264	0
ENSMMUG00000054078	0
ENSMMUG00000016405	0
ENSMMUG00000053885	0
ENSMMUG00000040506	0
ENSMMUG00000002741	0
ENSMMUG00000055059	0
ENSMMUG00000014218	0
ENSMMUG00000033539	0
ENSMMUG00000058040	0
ENSMMUG00000061560	0
ENSMMUG00000004362	0
ENSMMUG00000049685	0
ENSMMUG00000009967	0
ENSMMUG00000023057	2
ENSMMUG00000053512	0
ENSMMUG00000064206	0
ENSMMUG00000015518	1
ENSMMUG00000016736	7
ENSMMUG00000051267	0
ENSMMUG00000061073	0
ENSMMUG00000014018	0
ENSMMUG00000004614	0
ENSMMUG00000060377	0
ENSMMUG00000054836	0
ENSMMUG00000054610	0
ENSMMUG00000015948	7
ENSMMUG00000063454	0
ENSMMUG00000038839	0
ENSMMUG00000027803	0
ENSMMUG00000040630	0
ENSMMUG00000027766	0
ENSMMUG00000046023	35
ENSMMUG00000016223	0
ENSMMUG00000058107	0
ENSMMUG00000005306	1
ENSMMUG00000016099	0
ENSMMUG00000051730	0
ENSMMUG00000041607	0
ENSMMUG00000007969	149
ENSMMUG00000021544	0
ENSMMUG00000058020	3
ENSMMUG00000054563	0
ENSMMUG00000064782	0
ENSMMUG00000051893	0
ENSMMUG00000062353	0
ENSMMUG00000023401	0
ENSMMUG00000015946	0
ENSMMUG00000057392	0
ENSMMUG00000007183	15
ENSMMUG00000016220	0
ENSMMUG00000058713	0
ENSMMUG00000005307	102
ENSMMUG00000020434	84
ENSMMUG00000023889	0
ENSMMUG00000027412	0
ENSMMUG00000028053	0
ENSMMUG00000052703	0
ENSMMUG00000063311	0
ENSMMUG00000008513	0
ENSMMUG00000060619	4
ENSMMUG00000062066	0
ENSMMUG00000019642	102
ENSMMUG00000052587	0
ENSMMUG00000054730	0
ENSMMUG00000023052	1
ENSMMUG00000055227	17
ENSMMUG00000054571	0
ENSMMUG00000005585	5
ENSMMUG00000060464	3
ENSMMUG00000025964	0
ENSMMUG00000059204	1
ENSMMUG00000016102	7
ENSMMUG00000020471	0
ENSMMUG00000053022	0
ENSMMUG00000063318	0
ENSMMUG00000060603	4
ENSMMUG00000053859	5
ENSMMUG00000054797	0
ENSMMUG00000005410	3
ENSMMUG00000062140	0
ENSMMUG00000058881	18
ENSMMUG00000048590	20
ENSMMUG00000001742	0
ENSMMUG00000019640	2
ENSMMUG00000058089	0
ENSMMUG00000020433	3
ENSMMUG00000061152	0
ENSMMUG00000005426	1
ENSMMUG00000059055	0
ENSMMUG00000057426	0
ENSMMUG00000058364	0
ENSMMUG00000054908	0
ENSMMUG00000062240	0
ENSMMUG00000055782	0
ENSMMUG00000055501	0
ENSMMUG00000024186	0
ENSMMUG00000023143	0
ENSMMUG00000053074	1
ENSMMUG00000057556	0
ENSMMUG00000036857	0
ENSMMUG00000064365	0
ENSMMUG00000064626	0
ENSMMUG00000056455	0
ENSMMUG00000018869	4
ENSMMUG00000064010	0
ENSMMUG00000061239	0
ENSMMUG00000056384	0
ENSMMUG00000054590	0
ENSMMUG00000060874	0
ENSMMUG00000062109	0
ENSMMUG00000013487	1
ENSMMUG00000050633	0
ENSMMUG00000054496	0
ENSMMUG00000017789	78
ENSMMUG00000054771	0
ENSMMUG00000056294	0
ENSMMUG00000006224	113
ENSMMUG00000063734	0
ENSMMUG00000061381	3
ENSMMUG00000048493	0
ENSMMUG00000052871	0
ENSMMUG00000063830	0
ENSMMUG00000043556	0
ENSMMUG00000053670	0
ENSMMUG00000061090	0
ENSMMUG00000036124	0
ENSMMUG00000057963	0
ENSMMUG00000046645	0
ENSMMUG00000057014	0
ENSMMUG00000058794	0
ENSMMUG00000063769	0
ENSMMUG00000053818	0
ENSMMUG00000044273	0
ENSMMUG00000020383	0
ENSMMUG00000056619	0
ENSMMUG00000051734	0
ENSMMUG00000053033	0
ENSMMUG00000023141	0
ENSMMUG00000059500	0
ENSMMUG00000062807	0
ENSMMUG00000056128	0
ENSMMUG00000052366	0
ENSMMUG00000051812	0
ENSMMUG00000055711	0
ENSMMUG00000020432	0
ENSMMUG00000060400	3
ENSMMUG00000060804	0
ENSMMUG00000017790	375
ENSMMUG00000058027	0
ENSMMUG00000052865	0
ENSMMUG00000050019	0
ENSMMUG00000064326	58
ENSMMUG00000032096	0
ENSMMUG00000054599	0
ENSMMUG00000056648	0
ENSMMUG00000052259	2
ENSMMUG00000059024	0
ENSMMUG00000018313	2
ENSMMUG00000058837	0
ENSMMUG00000049884	0
ENSMMUG00000053312	0
ENSMMUG00000031232	1
ENSMMUG00000019515	6
ENSMMUG00000056076	0
ENSMMUG00000031427	0
ENSMMUG00000054551	0
ENSMMUG00000049823	0
ENSMMUG00000055754	0
ENSMMUG00000063674	0
ENSMMUG00000024139	0
ENSMMUG00000038562	2
ENSMMUG00000007182	2
ENSMMUG00000017338	3
ENSMMUG00000056325	0
ENSMMUG00000007497	4
ENSMMUG00000042612	0
ENSMMUG00000057742	0
ENSMMUG00000031997	0
ENSMMUG00000043999	6
ENSMMUG00000051155	0
ENSMMUG00000018309	8
ENSMMUG00000058709	0
ENSMMUG00000057510	0
ENSMMUG00000013783	10
ENSMMUG00000022715	0
ENSMMUG00000000813	2
ENSMMUG00000039930	0
ENSMMUG00000055722	0
ENSMMUG00000053531	0
ENSMMUG00000063165	0
ENSMMUG00000016212	7
ENSMMUG00000045843	0
ENSMMUG00000050770	0
ENSMMUG00000049505	2
ENSMMUG00000061193	0
ENSMMUG00000025148	0
ENSMMUG00000044046	2
ENSMMUG00000059931	2
ENSMMUG00000056449	0
ENSMMUG00000063736	0
ENSMMUG00000057438	0
ENSMMUG00000008507	6
ENSMMUG00000010306	0
ENSMMUG00000037284	0
ENSMMUG00000000868	32
ENSMMUG00000064543	40
ENSMMUG00000004217	0
ENSMMUG00000057604	3
ENSMMUG00000056970	32
ENSMMUG00000064242	36
ENSMMUG00000015135	50
ENSMMUG00000054466	8
ENSMMUG00000013878	0
ENSMMUG00000063313	3
ENSMMUG00000004216	0
ENSMMUG00000036570	4
ENSMMUG00000053573	0
ENSMMUG00000061343	0
ENSMMUG00000053923	0
ENSMMUG00000050281	0
ENSMMUG00000011688	5
ENSMMUG00000005216	0
ENSMMUG00000053423	215
ENSMMUG00000059449	13
ENSMMUG00000054069	2
ENSMMUG00000051399	0
ENSMMUG00000001415	0
ENSMMUG00000023462	0
ENSMMUG00000008506	1
ENSMMUG00000021447	9
ENSMMUG00000019548	4
ENSMMUG00000051024	0
ENSMMUG00000013879	1
ENSMMUG00000062294	0
ENSMMUG00000020560	1
ENSMMUG00000059941	0
ENSMMUG00000006836	3
ENSMMUG00000002680	1
ENSMMUG00000002052	0
ENSMMUG00000017396	0
ENSMMUG00000006238	0
ENSMMUG00000053408	0
ENSMMUG00000059860	17
ENSMMUG00000062859	0
ENSMMUG00000059176	0
ENSMMUG00000014622	2
ENSMMUG00000003902	13
ENSMMUG00000063273	0
ENSMMUG00000051430	0
ENSMMUG00000025367	0
ENSMMUG00000061357	1
ENSMMUG00000006819	0
ENSMMUG00000008509	0
ENSMMUG00000053629	0
ENSMMUG00000007783	23
ENSMMUG00000008340	2
ENSMMUG00000016711	74
ENSMMUG00000006389	0
ENSMMUG00000054102	0
ENSMMUG00000003546	0
ENSMMUG00000057171	0
ENSMMUG00000019549	277
ENSMMUG00000013882	9
ENSMMUG00000035602	0
ENSMMUG00000052115	0
ENSMMUG00000023675	32
ENSMMUG00000034732	0
ENSMMUG00000059651	4
ENSMMUG00000062949	0
ENSMMUG00000026899	0
ENSMMUG00000054560	0
ENSMMUG00000024875	0
ENSMMUG00000036474	0
ENSMMUG00000050592	0
ENSMMUG00000055740	0
ENSMMUG00000061350	0
ENSMMUG00000064971	0
ENSMMUG00000003269	10
ENSMMUG00000023463	0
ENSMMUG00000052491	0
ENSMMUG00000018375	25
ENSMMUG00000060924	0
ENSMMUG00000052206	0
ENSMMUG00000037423	0
ENSMMUG00000061264	0
ENSMMUG00000008030	0
ENSMMUG00000032248	0
ENSMMUG00000061580	0
ENSMMUG00000010174	5
ENSMMUG00000056753	0
ENSMMUG00000019551	14
ENSMMUG00000052772	0
ENSMMUG00000026897	12
ENSMMUG00000051954	0
ENSMMUG00000064212	0
ENSMMUG00000050055	0
ENSMMUG00000027053	7
ENSMMUG00000051013	0
ENSMMUG00000022500	49
ENSMMUG00000035912	0
ENSMMUG00000065239	0
ENSMMUG00000023674	32
ENSMMUG00000003268	0
ENSMMUG00000001380	0
ENSMMUG00000056665	0
ENSMMUG00000051788	0
ENSMMUG00000007635	1
ENSMMUG00000049341	2
ENSMMUG00000024613	13
ENSMMUG00000008029	0
ENSMMUG00000004907	29
ENSMMUG00000012729	18
ENSMMUG00000019554	0
ENSMMUG00000064434	0
ENSMMUG00000003267	0
ENSMMUG00000016307	0
ENSMMUG00000013884	45
ENSMMUG00000007784	16
ENSMMUG00000023398	0
ENSMMUG00000023449	11
ENSMMUG00000008155	12
ENSMMUG00000047035	0
ENSMMUG00000017314	0
ENSMMUG00000042432	7
ENSMMUG00000003173	20
ENSMMUG00000047794	0
ENSMMUG00000062921	0
ENSMMUG00000037336	0
ENSMMUG00000019020	1
ENSMMUG00000011608	0
ENSMMUG00000038021	1
ENSMMUG00000015097	16
ENSMMUG00000056386	0
ENSMMUG00000063911	0
ENSMMUG00000060274	0
ENSMMUG00000019687	2
ENSMMUG00000047392	0
ENSMMUG00000062030	2
ENSMMUG00000050791	0
ENSMMUG00000046275	0
ENSMMUG00000020851	0
ENSMMUG00000016964	0
ENSMMUG00000053547	0
ENSMMUG00000037060	0
ENSMMUG00000006285	0
ENSMMUG00000064079	0
ENSMMUG00000022499	0
ENSMMUG00000061077	0
ENSMMUG00000025514	0
ENSMMUG00000062121	0
ENSMMUG00000053797	0
ENSMMUG00000008158	4
ENSMMUG00000055102	0
ENSMMUG00000015976	6
ENSMMUG00000009562	11
ENSMMUG00000053353	0
ENSMMUG00000023397	0
ENSMMUG00000007612	0
ENSMMUG00000016905	3
ENSMMUG00000023396	29
ENSMMUG00000063120	16
ENSMMUG00000060319	0
ENSMMUG00000013203	0
ENSMMUG00000010474	0
ENSMMUG00000032249	3
ENSMMUG00000023395	0
ENSMMUG00000062713	0
ENSMMUG00000006284	9
ENSMMUG00000033417	0
ENSMMUG00000003906	17
ENSMMUG00000062342	3
ENSMMUG00000016904	0
ENSMMUG00000053002	2
ENSMMUG00000059833	0
ENSMMUG00000013188	0
ENSMMUG00000023372	17
ENSMMUG00000049603	0
ENSMMUG00000055902	4
ENSMMUG00000025722	0
ENSMMUG00000044265	0
ENSMMUG00000054846	1
ENSMMUG00000017312	2
ENSMMUG00000016900	0
ENSMMUG00000034621	0
ENSMMUG00000048881	0
ENSMMUG00000054847	0
ENSMMUG00000027014	0
ENSMMUG00000050209	3
ENSMMUG00000017482	0
ENSMMUG00000013197	13
ENSMMUG00000052610	0
ENSMMUG00000017309	0
ENSMMUG00000058693	0
ENSMMUG00000059039	0
ENSMMUG00000063512	0
ENSMMUG00000014849	0
ENSMMUG00000057404	0
ENSMMUG00000033178	9
ENSMMUG00000061254	0
ENSMMUG00000056609	0
ENSMMUG00000014573	5
ENSMMUG00000057535	0
ENSMMUG00000052649	0
ENSMMUG00000017301	0
ENSMMUG00000060387	0
ENSMMUG00000053807	0
ENSMMUG00000019326	0
ENSMMUG00000054157	0
ENSMMUG00000009184	0
ENSMMUG00000022288	0
ENSMMUG00000023671	1
ENSMMUG00000051579	0
ENSMMUG00000028667	0
ENSMMUG00000062170	0
ENSMMUG00000015132	129
ENSMMUG00000060706	0
ENSMMUG00000005820	2
ENSMMUG00000025971	0
ENSMMUG00000023097	0
ENSMMUG00000049574	0
ENSMMUG00000008157	0
ENSMMUG00000063360	0
ENSMMUG00000009076	53
ENSMMUG00000017302	0
ENSMMUG00000057453	0
ENSMMUG00000057282	0
ENSMMUG00000005720	0
ENSMMUG00000013853	2
ENSMMUG00000008427	65
ENSMMUG00000012469	20
ENSMMUG00000005819	121
ENSMMUG00000010020	0
ENSMMUG00000010380	46
ENSMMUG00000062316	0
ENSMMUG00000062568	4
ENSMMUG00000053858	0
ENSMMUG00000008156	0
ENSMMUG00000007611	3
ENSMMUG00000043979	0
ENSMMUG00000037413	0
ENSMMUG00000026944	0
ENSMMUG00000051669	0
ENSMMUG00000058658	0
ENSMMUG00000062232	0
ENSMMUG00000025232	0
ENSMMUG00000045455	0
ENSMMUG00000055977	0
ENSMMUG00000025287	0
ENSMMUG00000060711	0
ENSMMUG00000013852	4
ENSMMUG00000003149	23
ENSMMUG00000055789	0
ENSMMUG00000053582	0
ENSMMUG00000000308	9
ENSMMUG00000005818	7
ENSMMUG00000012156	0
ENSMMUG00000010387	0
ENSMMUG00000055655	0
ENSMMUG00000057631	1
ENSMMUG00000008932	0
ENSMMUG00000009081	1
ENSMMUG00000003148	9
ENSMMUG00000026505	0
ENSMMUG00000007834	0
ENSMMUG00000051782	0
ENSMMUG00000065038	0
ENSMMUG00000058297	0
ENSMMUG00000019746	1
ENSMMUG00000021238	2
ENSMMUG00000063675	6
ENSMMUG00000007606	17
ENSMMUG00000049510	0
ENSMMUG00000033899	0
ENSMMUG00000008151	5
ENSMMUG00000021921	0
ENSMMUG00000021399	27
ENSMMUG00000062157	18
ENSMMUG00000051387	0
ENSMMUG00000062202	27
ENSMMUG00000036858	3
ENSMMUG00000005361	6
ENSMMUG00000064353	191
ENSMMUG00000010660	9
ENSMMUG00000007605	0
ENSMMUG00000056472	19
ENSMMUG00000007829	3
ENSMMUG00000056080	0
ENSMMUG00000054748	0
ENSMMUG00000009085	2
ENSMMUG00000054365	0
ENSMMUG00000059718	0
ENSMMUG00000005816	9
ENSMMUG00000010389	0
ENSMMUG00000054770	8
ENSMMUG00000009265	0
ENSMMUG00000007604	0
ENSMMUG00000019406	1
ENSMMUG00000052628	0
ENSMMUG00000005815	0
ENSMMUG00000004379	0
ENSMMUG00000050018	0
ENSMMUG00000058596	0
ENSMMUG00000044139	38
ENSMMUG00000061772	1
ENSMMUG00000025161	0
ENSMMUG00000064825	2
ENSMMUG00000038708	0
ENSMMUG00000019743	0
ENSMMUG00000054308	0
ENSMMUG00000051660	0
ENSMMUG00000015403	0
ENSMMUG00000004754	1
ENSMMUG00000055727	0
ENSMMUG00000053602	0
ENSMMUG00000016857	1
ENSMMUG00000019884	0
ENSMMUG00000007893	0
ENSMMUG00000038079	0
ENSMMUG00000051186	0
ENSMMUG00000015402	0
ENSMMUG00000047454	34
ENSMMUG00000063902	0
ENSMMUG00000021423	1
ENSMMUG00000007896	0
ENSMMUG00000061990	0
ENSMMUG00000063379	0
ENSMMUG00000021917	0
ENSMMUG00000004751	0
ENSMMUG00000008426	98
ENSMMUG00000007828	1
ENSMMUG00000006203	0
ENSMMUG00000062446	0
ENSMMUG00000057669	0
ENSMMUG00000012766	0
ENSMMUG00000005812	1
ENSMMUG00000061865	0
ENSMMUG00000004952	0
ENSMMUG00000041837	0
ENSMMUG00000063485	0
ENSMMUG00000034442	20
ENSMMUG00000000390	3
ENSMMUG00000020063	7
ENSMMUG00000001021	40
ENSMMUG00000056299	80
ENSMMUG00000041725	0
ENSMMUG00000033830	0
ENSMMUG00000034494	0
ENSMMUG00000056987	0
ENSMMUG00000002981	0
ENSMMUG00000009940	8
ENSMMUG00000013520	8
ENSMMUG00000010127	3
ENSMMUG00000051978	23
ENSMMUG00000049738	0
ENSMMUG00000014263	78
ENSMMUG00000058001	0
ENSMMUG00000010159	132
ENSMMUG00000000431	0
ENSMMUG00000049752	0
ENSMMUG00000053065	0
ENSMMUG00000034048	0
ENSMMUG00000059044	0
ENSMMUG00000007527	1
ENSMMUG00000002642	0
ENSMMUG00000022183	82
ENSMMUG00000033715	0
ENSMMUG00000004677	0
ENSMMUG00000008713	0
ENSMMUG00000021398	2
ENSMMUG00000017444	0
ENSMMUG00000063766	0
ENSMMUG00000057353	0
ENSMMUG00000017766	0
ENSMMUG00000012716	0
ENSMMUG00000062144	0
ENSMMUG00000058270	0
ENSMMUG00000011860	0
ENSMMUG00000055283	0
ENSMMUG00000022182	21
ENSMMUG00000058703	0
ENSMMUG00000010161	19
ENSMMUG00000010395	0
ENSMMUG00000036290	0
ENSMMUG00000053959	0
ENSMMUG00000042158	0
ENSMMUG00000015025	16
ENSMMUG00000057017	0
ENSMMUG00000059938	0
ENSMMUG00000015380	0
ENSMMUG00000050725	0
ENSMMUG00000053436	0
ENSMMUG00000023669	2
ENSMMUG00000025581	0
ENSMMUG00000000406	0
ENSMMUG00000064850	0
ENSMMUG00000059972	0
ENSMMUG00000061267	0
ENSMMUG00000057694	0
ENSMMUG00000010158	2
ENSMMUG00000009939	0
ENSMMUG00000063202	14
ENSMMUG00000000404	2
ENSMMUG00000021166	0
ENSMMUG00000015026	2
ENSMMUG00000002752	0
ENSMMUG00000064974	11
ENSMMUG00000053366	0
ENSMMUG00000056596	1
ENSMMUG00000055488	0
ENSMMUG00000058808	0
ENSMMUG00000023517	0
ENSMMUG00000053866	0
ENSMMUG00000008970	0
ENSMMUG00000000402	0
ENSMMUG00000015375	1
ENSMMUG00000042176	5
ENSMMUG00000024022	0
ENSMMUG00000023668	2
ENSMMUG00000051742	10
ENSMMUG00000064367	0
ENSMMUG00000005873	0
ENSMMUG00000010156	0
ENSMMUG00000005283	0
ENSMMUG00000063979	768
ENSMMUG00000025554	0
ENSMMUG00000024535	0
ENSMMUG00000008967	0
ENSMMUG00000025533	0
ENSMMUG00000038181	2
ENSMMUG00000056413	0
ENSMMUG00000003457	0
ENSMMUG00000010155	0
ENSMMUG00000013519	0
ENSMMUG00000028346	0
ENSMMUG00000051717	0
ENSMMUG00000062711	6
ENSMMUG00000058849	19
ENSMMUG00000059632	0
ENSMMUG00000062180	0
ENSMMUG00000032251	0
ENSMMUG00000064564	16
ENSMMUG00000051576	5
ENSMMUG00000050878	17
ENSMMUG00000063853	0
ENSMMUG00000004951	0
ENSMMUG00000025317	14
ENSMMUG00000021837	0
ENSMMUG00000022908	2
ENSMMUG00000054966	0
ENSMMUG00000000870	3
ENSMMUG00000059597	0
ENSMMUG00000032121	0
ENSMMUG00000016546	0
ENSMMUG00000057319	11
ENSMMUG00000049986	0
ENSMMUG00000009431	0
ENSMMUG00000008744	15
ENSMMUG00000014826	0
ENSMMUG00000057416	10
ENSMMUG00000065228	0
ENSMMUG00000056592	0
ENSMMUG00000036088	0
ENSMMUG00000053796	0
ENSMMUG00000012695	1
ENSMMUG00000000625	3
ENSMMUG00000056635	0
ENSMMUG00000053318	0
ENSMMUG00000016591	0
ENSMMUG00000017266	0
ENSMMUG00000001434	0
ENSMMUG00000007145	0
ENSMMUG00000062867	0
ENSMMUG00000000373	23
ENSMMUG00000018562	0
ENSMMUG00000054963	0
ENSMMUG00000002261	0
ENSMMUG00000030300	6
ENSMMUG00000033718	0
ENSMMUG00000013333	0
ENSMMUG00000035645	25
ENSMMUG00000053492	0
ENSMMUG00000025663	0
ENSMMUG00000009429	1
ENSMMUG00000034993	0
ENSMMUG00000050624	0
ENSMMUG00000057452	0
ENSMMUG00000012698	0
ENSMMUG00000055830	0
ENSMMUG00000007141	608
ENSMMUG00000063838	0
ENSMMUG00000041825	0
ENSMMUG00000014807	0
ENSMMUG00000057763	0
ENSMMUG00000045444	0
ENSMMUG00000059136	0
ENSMMUG00000057772	0
ENSMMUG00000036335	0
ENSMMUG00000039959	0
ENSMMUG00000055134	0
ENSMMUG00000038185	0
ENSMMUG00000056103	1
ENSMMUG00000061310	0
ENSMMUG00000017344	0
ENSMMUG00000057249	4
ENSMMUG00000048522	0
ENSMMUG00000051043	9
ENSMMUG00000051737	0
ENSMMUG00000055744	0
ENSMMUG00000056975	6
ENSMMUG00000049196	0
ENSMMUG00000064245	6
ENSMMUG00000065074	0
ENSMMUG00000052309	0
ENSMMUG00000061849	0
ENSMMUG00000061256	5
ENSMMUG00000055692	20
ENSMMUG00000000652	0
ENSMMUG00000057326	0
ENSMMUG00000062311	0
ENSMMUG00000049830	0
ENSMMUG00000048762	0
ENSMMUG00000039424	0
ENSMMUG00000062201	0
ENSMMUG00000049288	0
ENSMMUG00000058317	0
ENSMMUG00000034895	4
ENSMMUG00000060220	0
ENSMMUG00000059404	0
ENSMMUG00000054458	0
ENSMMUG00000062327	0
ENSMMUG00000042232	0
ENSMMUG00000020320	0
ENSMMUG00000000651	35
ENSMMUG00000032252	0
ENSMMUG00000038004	2
ENSMMUG00000058824	0
ENSMMUG00000060609	1
ENSMMUG00000025132	0
ENSMMUG00000036006	0
ENSMMUG00000058535	0
ENSMMUG00000000648	0
ENSMMUG00000055258	0
ENSMMUG00000047471	16
ENSMMUG00000059310	0
ENSMMUG00000055781	1
ENSMMUG00000047278	0
ENSMMUG00000051221	0
ENSMMUG00000060079	0
ENSMMUG00000059924	2
ENSMMUG00000019325	2
ENSMMUG00000052402	0
ENSMMUG00000045131	0
ENSMMUG00000056275	0
ENSMMUG00000031785	1
ENSMMUG00000059313	1
ENSMMUG00000024768	0
ENSMMUG00000002516	0
ENSMMUG00000050998	0
ENSMMUG00000051359	0
ENSMMUG00000017023	0
ENSMMUG00000012182	7
ENSMMUG00000056187	1
ENSMMUG00000049832	2
ENSMMUG00000000647	0
ENSMMUG00000002789	1
ENSMMUG00000021073	15
ENSMMUG00000026044	3
ENSMMUG00000037202	0
ENSMMUG00000016111	2
ENSMMUG00000004686	56
ENSMMUG00000036376	11
ENSMMUG00000053062	0
ENSMMUG00000000645	0
ENSMMUG00000048503	4
ENSMMUG00000006187	40
ENSMMUG00000021703	4
ENSMMUG00000036922	0
ENSMMUG00000064276	0
ENSMMUG00000022381	0
ENSMMUG00000013219	1
ENSMMUG00000060223	9
ENSMMUG00000003728	11
ENSMMUG00000053325	1
ENSMMUG00000057076	8
ENSMMUG00000005350	0
ENSMMUG00000019714	0
ENSMMUG00000059117	0
ENSMMUG00000019322	1
ENSMMUG00000056058	2
ENSMMUG00000061547	0
ENSMMUG00000013136	0
ENSMMUG00000002047	55
ENSMMUG00000000643	11
ENSMMUG00000054486	0
ENSMMUG00000053211	0
ENSMMUG00000002218	0
ENSMMUG00000058771	0
ENSMMUG00000013129	3
ENSMMUG00000042613	1
ENSMMUG00000019321	0
ENSMMUG00000062253	30
ENSMMUG00000054839	0
ENSMMUG00000054407	0
ENSMMUG00000050743	0
ENSMMUG00000020156	8
ENSMMUG00000007459	82
ENSMMUG00000021702	0
ENSMMUG00000063634	0
ENSMMUG00000032281	26
ENSMMUG00000020155	2
ENSMMUG00000007291	0
ENSMMUG00000023350	0
ENSMMUG00000017551	0
ENSMMUG00000013128	1
ENSMMUG00000057080	0
ENSMMUG00000049743	0
ENSMMUG00000009373	2
ENSMMUG00000052207	0
ENSMMUG00000050832	0
ENSMMUG00000007456	1
ENSMMUG00000014333	41
ENSMMUG00000051033	0
ENSMMUG00000003191	0
ENSMMUG00000006226	0
ENSMMUG00000057667	9
ENSMMUG00000062550	4
ENSMMUG00000018183	3
ENSMMUG00000027880	0
ENSMMUG00000032188	3
ENSMMUG00000063372	0
ENSMMUG00000062678	0
ENSMMUG00000000641	0
ENSMMUG00000023681	0
ENSMMUG00000051091	0
ENSMMUG00000021834	0
ENSMMUG00000052294	1
ENSMMUG00000062233	0
ENSMMUG00000058063	0
ENSMMUG00000035697	0
ENSMMUG00000065184	0
ENSMMUG00000013126	0
ENSMMUG00000017553	203
ENSMMUG00000052225	1
ENSMMUG00000039765	8
ENSMMUG00000034360	5
ENSMMUG00000051044	0
ENSMMUG00000008197	0
ENSMMUG00000058790	0
ENSMMUG00000061120	0
ENSMMUG00000055495	0
ENSMMUG00000001034	15
ENSMMUG00000050541	0
ENSMMUG00000062810	0
ENSMMUG00000022429	0
ENSMMUG00000000638	0
ENSMMUG00000019835	0
ENSMMUG00000023634	0
ENSMMUG00000064750	0
ENSMMUG00000058090	0
ENSMMUG00000046785	0
ENSMMUG00000035050	0
ENSMMUG00000055029	0
ENSMMUG00000006260	6
ENSMMUG00000023678	0
ENSMMUG00000014329	5
ENSMMUG00000051992	0
ENSMMUG00000002217	0
ENSMMUG00000009226	0
ENSMMUG00000054247	2
ENSMMUG00000019833	5
ENSMMUG00000019981	7
ENSMMUG00000006261	8
ENSMMUG00000061863	0
ENSMMUG00000063132	0
ENSMMUG00000058996	0
ENSMMUG00000053667	0
ENSMMUG00000023677	5
ENSMMUG00000000637	0
ENSMMUG00000019830	0
ENSMMUG00000049353	0
ENSMMUG00000006262	0
ENSMMUG00000014138	0
ENSMMUG00000056038	1
ENSMMUG00000056315	0
ENSMMUG00000010942	0
ENSMMUG00000057455	0
ENSMMUG00000050784	0
ENSMMUG00000046969	1
ENSMMUG00000049630	27
ENSMMUG00000052279	0
ENSMMUG00000051008	0
ENSMMUG00000060053	0
ENSMMUG00000019979	0
ENSMMUG00000060795	0
ENSMMUG00000023340	0
ENSMMUG00000028695	357
ENSMMUG00000008973	1
ENSMMUG00000057513	0
ENSMMUG00000023676	4
ENSMMUG00000057270	0
ENSMMUG00000056536	2
ENSMMUG00000012615	24
ENSMMUG00000049678	0
ENSMMUG00000008974	3
ENSMMUG00000053628	5
ENSMMUG00000050373	0
ENSMMUG00000040077	0
ENSMMUG00000063310	0
ENSMMUG00000039527	0
ENSMMUG00000060600	0
ENSMMUG00000056360	0
ENSMMUG00000003768	0
ENSMMUG00000053737	0
ENSMMUG00000060953	3
ENSMMUG00000065257	0
ENSMMUG00000058523	0
ENSMMUG00000031908	0
ENSMMUG00000024750	0
ENSMMUG00000055703	0
ENSMMUG00000057173	0
ENSMMUG00000022882	0
ENSMMUG00000026260	0
ENSMMUG00000032254	6
ENSMMUG00000018965	0
ENSMMUG00000064973	0
ENSMMUG00000052046	3
ENSMMUG00000042886	6
ENSMMUG00000063650	0
ENSMMUG00000051646	5
ENSMMUG00000023030	4
ENSMMUG00000057315	0
ENSMMUG00000062220	22
ENSMMUG00000050583	0
ENSMMUG00000059081	0
ENSMMUG00000054678	0
ENSMMUG00000004094	0
ENSMMUG00000025388	0
ENSMMUG00000007490	2
ENSMMUG00000056702	72
ENSMMUG00000052537	0
ENSMMUG00000015661	0
ENSMMUG00000045118	0
ENSMMUG00000061839	0
ENSMMUG00000004149	0
ENSMMUG00000055309	2
ENSMMUG00000023029	10
ENSMMUG00000003442	0
ENSMMUG00000049561	5
ENSMMUG00000052393	1
ENSMMUG00000003769	0
ENSMMUG00000003727	0
ENSMMUG00000003770	1
ENSMMUG00000062654	3
ENSMMUG00000057977	0
ENSMMUG00000036230	0
ENSMMUG00000012828	0
ENSMMUG00000058848	0
ENSMMUG00000062816	1
ENSMMUG00000062876	0
ENSMMUG00000022906	1
ENSMMUG00000048575	0
ENSMMUG00000054429	1
ENSMMUG00000063981	14
ENSMMUG00000039950	0
ENSMMUG00000016033	0
ENSMMUG00000053894	0
ENSMMUG00000008003	137
ENSMMUG00000040055	0
ENSMMUG00000062643	0
ENSMMUG00000061796	0
ENSMMUG00000055256	0
ENSMMUG00000062965	0
ENSMMUG00000056783	3
ENSMMUG00000062889	0
ENSMMUG00000055443	0
ENSMMUG00000053832	0
ENSMMUG00000012436	5
ENSMMUG00000003265	0
ENSMMUG00000017707	27
ENSMMUG00000018039	0
ENSMMUG00000035247	0
ENSMMUG00000031279	0
ENSMMUG00000061766	0
ENSMMUG00000015659	0
ENSMMUG00000051127	0
ENSMMUG00000020157	2
ENSMMUG00000036913	2
ENSMMUG00000053617	0
ENSMMUG00000007110	19
ENSMMUG00000051487	0
ENSMMUG00000050239	0
ENSMMUG00000023339	0
ENSMMUG00000058641	0
ENSMMUG00000004103	0
ENSMMUG00000008852	1
ENSMMUG00000000663	3
ENSMMUG00000014873	77
ENSMMUG00000048622	0
ENSMMUG00000049307	0
ENSMMUG00000023336	26
ENSMMUG00000012068	0
ENSMMUG00000011378	0
ENSMMUG00000046557	0
ENSMMUG00000012381	0
ENSMMUG00000062633	6
ENSMMUG00000054553	0
ENSMMUG00000049908	0
ENSMMUG00000064668	0
ENSMMUG00000004053	5
ENSMMUG00000010110	0
ENSMMUG00000003264	0
ENSMMUG00000059498	0
ENSMMUG00000006584	8
ENSMMUG00000036216	0
ENSMMUG00000046333	0
ENSMMUG00000012380	1
ENSMMUG00000055616	0
ENSMMUG00000013119	0
ENSMMUG00000002135	3
ENSMMUG00000011377	26
ENSMMUG00000060301	4
ENSMMUG00000063553	0
ENSMMUG00000058814	0
ENSMMUG00000000662	35
ENSMMUG00000006780	0
ENSMMUG00000016329	12
ENSMMUG00000050163	0
ENSMMUG00000035798	0
ENSMMUG00000045905	0
ENSMMUG00000065000	0
ENSMMUG00000063252	0
ENSMMUG00000052961	0
ENSMMUG00000032670	0
ENSMMUG00000035717	3
ENSMMUG00000060790	0
ENSMMUG00000056894	1
ENSMMUG00000052451	0
ENSMMUG00000063558	0
ENSMMUG00000064007	0
ENSMMUG00000057964	0
ENSMMUG00000054297	0
ENSMMUG00000016204	0
ENSMMUG00000006581	38
ENSMMUG00000042059	1
ENSMMUG00000061405	0
ENSMMUG00000061662	0
ENSMMUG00000014686	1
ENSMMUG00000053396	2
ENSMMUG00000002171	27
ENSMMUG00000006579	5
ENSMMUG00000012424	0
ENSMMUG00000017327	8
ENSMMUG00000005244	60
ENSMMUG00000063521	0
ENSMMUG00000015812	1
ENSMMUG00000049877	63
ENSMMUG00000006576	25
ENSMMUG00000024142	0
ENSMMUG00000005243	1
ENSMMUG00000050170	2
ENSMMUG00000060999	82
ENSMMUG00000054436	0
ENSMMUG00000050564	4
ENSMMUG00000014327	23
ENSMMUG00000015809	0
ENSMMUG00000018795	1
ENSMMUG00000055304	3
ENSMMUG00000061436	0
ENSMMUG00000052450	0
ENSMMUG00000026148	0
ENSMMUG00000037887	5
ENSMMUG00000014682	9
ENSMMUG00000047744	0
ENSMMUG00000056000	0
ENSMMUG00000005801	0
ENSMMUG00000015470	7
ENSMMUG00000017793	0
ENSMMUG00000063540	52
ENSMMUG00000054714	0
ENSMMUG00000002794	3
ENSMMUG00000015601	40
ENSMMUG00000010917	0
ENSMMUG00000003636	0
ENSMMUG00000011391	0
ENSMMUG00000063654	0
ENSMMUG00000057737	0
ENSMMUG00000020295	0
ENSMMUG00000053044	0
ENSMMUG00000012348	258
ENSMMUG00000059364	0
ENSMMUG00000027901	0
ENSMMUG00000010918	1
ENSMMUG00000049667	0
ENSMMUG00000055489	6
ENSMMUG00000061924	0
ENSMMUG00000005803	0
ENSMMUG00000046236	0
ENSMMUG00000016093	21
ENSMMUG00000020588	58
ENSMMUG00000011390	1
ENSMMUG00000021856	2
ENSMMUG00000014035	0
ENSMMUG00000040660	2
ENSMMUG00000017449	86
ENSMMUG00000047290	0
ENSMMUG00000000039	1
ENSMMUG00000060727	0
ENSMMUG00000035843	0
ENSMMUG00000051998	0
ENSMMUG00000055544	29
ENSMMUG00000008191	0
ENSMMUG00000032811	0
ENSMMUG00000021865	0
ENSMMUG00000005892	1
ENSMMUG00000050311	2
ENSMMUG00000000038	37
ENSMMUG00000012051	2
ENSMMUG00000062002	8
ENSMMUG00000012346	22
ENSMMUG00000006559	0
ENSMMUG00000024102	0
ENSMMUG00000024665	0
ENSMMUG00000024421	0
ENSMMUG00000034081	0
ENSMMUG00000005888	0
ENSMMUG00000004738	120
ENSMMUG00000061697	0
ENSMMUG00000053179	144
ENSMMUG00000000037	10
ENSMMUG00000049047	0
ENSMMUG00000012345	3
ENSMMUG00000006561	1
ENSMMUG00000051065	0
ENSMMUG00000065295	2
ENSMMUG00000021854	2
ENSMMUG00000060366	0
ENSMMUG00000002295	0
ENSMMUG00000063321	0
ENSMMUG00000016089	155
ENSMMUG00000006265	0
ENSMMUG00000010280	2
ENSMMUG00000062839	0
ENSMMUG00000059697	0
ENSMMUG00000038609	0
ENSMMUG00000055166	0
ENSMMUG00000064346	0
ENSMMUG00000005886	0
ENSMMUG00000059633	0
ENSMMUG00000060792	0
ENSMMUG00000012848	0
ENSMMUG00000017093	0
ENSMMUG00000046414	0
ENSMMUG00000018338	0
ENSMMUG00000018916	0
ENSMMUG00000059614	0
ENSMMUG00000055890	0
ENSMMUG00000019547	0
ENSMMUG00000064113	0
ENSMMUG00000064199	0
ENSMMUG00000053605	0
ENSMMUG00000057410	0
ENSMMUG00000050640	0
ENSMMUG00000024314	0
ENSMMUG00000063811	0
ENSMMUG00000025750	0
ENSMMUG00000062597	0
ENSMMUG00000017383	0
ENSMMUG00000053115	0
ENSMMUG00000057924	0
ENSMMUG00000052805	0
ENSMMUG00000064504	0
ENSMMUG00000059936	0
ENSMMUG00000063829	0
ENSMMUG00000058918	0
ENSMMUG00000063051	0
ENSMMUG00000057728	0
ENSMMUG00000055039	0
ENSMMUG00000019216	11
ENSMMUG00000061072	0
ENSMMUG00000005882	0
ENSMMUG00000026427	0
ENSMMUG00000025989	0
ENSMMUG00000026325	0
ENSMMUG00000060182	0
ENSMMUG00000014056	0
ENSMMUG00000060011	0
ENSMMUG00000019545	0
ENSMMUG00000009332	0
ENSMMUG00000034050	2
ENSMMUG00000005881	0
ENSMMUG00000016234	8
ENSMMUG00000056516	5
ENSMMUG00000054762	37
ENSMMUG00000033013	0
ENSMMUG00000018911	20
ENSMMUG00000010353	0
ENSMMUG00000002624	43
ENSMMUG00000020019	1
ENSMMUG00000005877	0
ENSMMUG00000022980	4616
ENSMMUG00000019993	13
ENSMMUG00000050920	0
ENSMMUG00000057708	0
ENSMMUG00000002623	16
ENSMMUG00000022978	7
ENSMMUG00000020021	1
ENSMMUG00000013788	6
ENSMMUG00000018678	2
ENSMMUG00000002622	0
ENSMMUG00000049760	0
ENSMMUG00000016554	0
ENSMMUG00000002287	0
ENSMMUG00000063030	0
ENSMMUG00000009330	0
ENSMMUG00000017080	1
ENSMMUG00000031357	1
ENSMMUG00000059083	0
ENSMMUG00000002621	0
ENSMMUG00000063261	7
ENSMMUG00000023364	19
ENSMMUG00000013789	2
ENSMMUG00000060250	262
ENSMMUG00000002285	1
ENSMMUG00000036810	25
ENSMMUG00000020023	0
ENSMMUG00000037235	0
ENSMMUG00000036573	0
ENSMMUG00000058821	2
ENSMMUG00000017841	33
ENSMMUG00000062295	0
ENSMMUG00000037337	0
ENSMMUG00000065293	0
ENSMMUG00000031286	0
ENSMMUG00000013790	0
ENSMMUG00000048329	0
ENSMMUG00000049204	0
ENSMMUG00000058944	0
ENSMMUG00000019106	0
ENSMMUG00000004735	67
ENSMMUG00000055373	0
ENSMMUG00000057519	0
ENSMMUG00000049952	0
ENSMMUG00000012965	220
ENSMMUG00000019514	0
ENSMMUG00000056034	0
ENSMMUG00000060563	0
ENSMMUG00000059291	0
ENSMMUG00000013840	0
ENSMMUG00000027475	0
ENSMMUG00000009509	2
ENSMMUG00000035851	0
ENSMMUG00000013795	2
ENSMMUG00000043518	0
ENSMMUG00000023363	0
ENSMMUG00000016696	6
ENSMMUG00000014498	0
ENSMMUG00000025679	0
ENSMMUG00000049781	0
ENSMMUG00000058724	0
ENSMMUG00000062980	0
ENSMMUG00000026730	0
ENSMMUG00000039533	0
ENSMMUG00000002219	0
ENSMMUG00000010814	0
ENSMMUG00000054886	257
ENSMMUG00000005863	0
ENSMMUG00000018175	0
ENSMMUG00000063984	0
ENSMMUG00000048389	0
ENSMMUG00000018172	49
ENSMMUG00000052202	0
ENSMMUG00000009508	0
ENSMMUG00000006756	0
ENSMMUG00000019513	6
ENSMMUG00000013292	0
ENSMMUG00000057120	586
ENSMMUG00000017838	16
ENSMMUG00000019086	0
ENSMMUG00000034750	0
ENSMMUG00000048753	0
ENSMMUG00000018170	2
ENSMMUG00000058159	430
ENSMMUG00000057172	0
ENSMMUG00000027037	0
ENSMMUG00000056206	0
ENSMMUG00000061573	0
ENSMMUG00000022094	0
ENSMMUG00000010810	85
ENSMMUG00000015972	144
ENSMMUG00000017966	0
ENSMMUG00000054489	0
ENSMMUG00000056833	1
ENSMMUG00000014075	0
ENSMMUG00000008511	0
ENSMMUG00000006225	139
ENSMMUG00000017965	0
ENSMMUG00000052224	0
ENSMMUG00000027472	0
ENSMMUG00000012252	1
ENSMMUG00000051030	0
ENSMMUG00000013995	6
ENSMMUG00000042262	0
ENSMMUG00000003998	1
ENSMMUG00000063331	4
ENSMMUG00000012850	0
ENSMMUG00000022091	1
ENSMMUG00000052789	2
ENSMMUG00000012393	0
ENSMMUG00000017833	0
ENSMMUG00000019034	0
ENSMMUG00000054261	0
ENSMMUG00000052550	206
ENSMMUG00000012392	0
ENSMMUG00000008776	7
ENSMMUG00000054032	5
ENSMMUG00000064443	0
ENSMMUG00000008779	0
ENSMMUG00000055960	0
ENSMMUG00000047929	133
ENSMMUG00000061830	0
ENSMMUG00000059328	0
ENSMMUG00000004790	0
ENSMMUG00000000092	0
ENSMMUG00000054568	0
ENSMMUG00000061785	0
ENSMMUG00000056098	0
ENSMMUG00000001896	2
ENSMMUG00000010683	0
ENSMMUG00000023042	3
ENSMMUG00000054977	193
ENSMMUG00000052807	0
ENSMMUG00000036811	0
ENSMMUG00000002387	0
ENSMMUG00000052119	0
ENSMMUG00000035925	0
ENSMMUG00000022086	0
ENSMMUG00000057915	15
ENSMMUG00000061472	0
ENSMMUG00000055053	0
ENSMMUG00000064219	0
ENSMMUG00000016792	0
ENSMMUG00000055996	0
ENSMMUG00000017722	25
ENSMMUG00000060773	0
ENSMMUG00000054408	5
ENSMMUG00000000090	5
ENSMMUG00000012243	0
ENSMMUG00000004049	0
ENSMMUG00000008572	3
ENSMMUG00000010808	0
ENSMMUG00000017720	1
ENSMMUG00000055834	0
ENSMMUG00000059898	0
ENSMMUG00000063069	0
ENSMMUG00000062431	0
ENSMMUG00000049771	0
ENSMMUG00000036651	0
ENSMMUG00000059326	0
ENSMMUG00000022798	14
ENSMMUG00000052744	0
ENSMMUG00000050224	0
ENSMMUG00000033441	0
ENSMMUG00000024325	0
ENSMMUG00000056807	0
ENSMMUG00000064779	0
ENSMMUG00000056971	0
ENSMMUG00000031542	3
ENSMMUG00000061914	0
ENSMMUG00000031107	0
ENSMMUG00000011454	1
ENSMMUG00000060229	0
ENSMMUG00000011800	0
ENSMMUG00000061633	2
ENSMMUG00000024846	0
ENSMMUG00000059109	0
ENSMMUG00000025832	0
ENSMMUG00000010805	31
ENSMMUG00000057995	0
ENSMMUG00000024242	0
ENSMMUG00000051433	0
ENSMMUG00000050169	0
ENSMMUG00000057075	0
ENSMMUG00000049798	0
ENSMMUG00000057862	0
ENSMMUG00000054510	11
ENSMMUG00000055360	0
ENSMMUG00000050963	0
ENSMMUG00000051472	0
ENSMMUG00000052808	0
ENSMMUG00000049634	0
ENSMMUG00000026229	0
ENSMMUG00000026466	0
ENSMMUG00000022801	2
ENSMMUG00000054927	0
ENSMMUG00000014434	12
ENSMMUG00000000085	0
ENSMMUG00000010879	9
ENSMMUG00000046470	5
ENSMMUG00000060729	0
ENSMMUG00000047089	0
ENSMMUG00000019105	0
ENSMMUG00000033160	25
ENSMMUG00000035887	0
ENSMMUG00000000629	5
ENSMMUG00000052181	31
ENSMMUG00000005578	8
ENSMMUG00000013779	0
ENSMMUG00000018350	0
ENSMMUG00000004707	0
ENSMMUG00000058992	19
ENSMMUG00000009868	5
ENSMMUG00000058088	258
ENSMMUG00000004902	9
ENSMMUG00000038166	3
ENSMMUG00000055959	0
ENSMMUG00000004706	14
ENSMMUG00000001894	11
ENSMMUG00000047043	0
ENSMMUG00000053895	0
ENSMMUG00000012055	1
ENSMMUG00000059524	0
ENSMMUG00000000630	22
ENSMMUG00000058464	0
ENSMMUG00000062804	0
ENSMMUG00000014952	12
ENSMMUG00000060218	0
ENSMMUG00000018347	0
ENSMMUG00000001891	0
ENSMMUG00000056707	0
ENSMMUG00000036268	0
ENSMMUG00000022762	0
ENSMMUG00000002932	0
ENSMMUG00000056706	0
ENSMMUG00000063400	0
ENSMMUG00000018240	0
ENSMMUG00000059777	0
ENSMMUG00000045377	0
ENSMMUG00000004901	19
ENSMMUG00000012961	11
ENSMMUG00000056482	3
ENSMMUG00000021078	5
ENSMMUG00000017586	1
ENSMMUG00000004042	0
ENSMMUG00000049099	0
ENSMMUG00000049840	20
ENSMMUG00000040609	14
ENSMMUG00000021079	11
ENSMMUG00000060500	0
ENSMMUG00000052448	0
ENSMMUG00000048805	0
ENSMMUG00000040063	0
ENSMMUG00000037731	147
ENSMMUG00000003775	8
ENSMMUG00000011342	1
ENSMMUG00000060167	0
ENSMMUG00000057065	3
ENSMMUG00000005008	348
ENSMMUG00000036194	1
ENSMMUG00000001551	2
ENSMMUG00000064461	287
ENSMMUG00000059021	0
ENSMMUG00000016838	344
ENSMMUG00000016096	23
ENSMMUG00000051354	0
ENSMMUG00000023884	0
ENSMMUG00000022995	0
ENSMMUG00000064770	0
ENSMMUG00000037265	0
ENSMMUG00000001549	0
ENSMMUG00000021080	1
ENSMMUG00000049839	0
ENSMMUG00000011340	0
ENSMMUG00000004001	5
ENSMMUG00000032897	0
ENSMMUG00000005010	7
ENSMMUG00000011338	31
ENSMMUG00000005007	2
ENSMMUG00000058426	0
ENSMMUG00000011335	0
ENSMMUG00000001565	8
ENSMMUG00000052160	4
ENSMMUG00000018444	0
ENSMMUG00000005005	8
ENSMMUG00000064596	0
ENSMMUG00000022306	2
ENSMMUG00000008922	0
ENSMMUG00000000065	0
ENSMMUG00000006685	0
ENSMMUG00000012126	2
ENSMMUG00000053632	0
ENSMMUG00000039344	0
ENSMMUG00000013039	0
ENSMMUG00000052340	0
ENSMMUG00000009983	0
ENSMMUG00000013427	0
ENSMMUG00000050121	0
ENSMMUG00000059749	0
ENSMMUG00000043311	20
ENSMMUG00000013428	0
ENSMMUG00000050034	23
ENSMMUG00000058438	0
ENSMMUG00000060122	10
ENSMMUG00000053626	38
ENSMMUG00000016206	4
ENSMMUG00000022993	0
ENSMMUG00000035170	1
ENSMMUG00000050086	0
ENSMMUG00000013495	1
ENSMMUG00000060384	0
ENSMMUG00000042510	0
ENSMMUG00000051094	0
ENSMMUG00000001571	8
ENSMMUG00000004564	7
ENSMMUG00000005002	13
ENSMMUG00000001300	0
ENSMMUG00000051786	4
ENSMMUG00000015233	0
ENSMMUG00000022992	0
ENSMMUG00000024417	3
ENSMMUG00000051176	2
ENSMMUG00000013044	16
ENSMMUG00000045518	0
ENSMMUG00000057125	0
ENSMMUG00000039212	0
ENSMMUG00000012112	6
ENSMMUG00000054686	0
ENSMMUG00000058484	0
ENSMMUG00000001297	7
ENSMMUG00000006904	1
ENSMMUG00000060682	0
ENSMMUG00000000545	0
ENSMMUG00000002696	0
ENSMMUG00000010408	0
ENSMMUG00000058667	0
ENSMMUG00000054881	0
ENSMMUG00000008251	119
ENSMMUG00000034906	0
ENSMMUG00000005092	77
ENSMMUG00000012411	0
ENSMMUG00000060152	0
ENSMMUG00000058388	0
ENSMMUG00000049388	184
ENSMMUG00000056659	0
ENSMMUG00000016579	13
ENSMMUG00000000546	3
ENSMMUG00000006651	0
ENSMMUG00000019487	0
ENSMMUG00000001216	0
ENSMMUG00000019057	2
ENSMMUG00000055514	0
ENSMMUG00000016281	1
ENSMMUG00000060692	0
ENSMMUG00000058785	0
ENSMMUG00000054699	0
ENSMMUG00000059208	1
ENSMMUG00000058670	2
ENSMMUG00000019482	6
ENSMMUG00000042475	0
ENSMMUG00000019056	0
ENSMMUG00000053567	1
ENSMMUG00000010406	0
ENSMMUG00000015723	6
ENSMMUG00000054444	0
ENSMMUG00000062087	0
ENSMMUG00000051680	0
ENSMMUG00000007706	0
ENSMMUG00000016580	0
ENSMMUG00000018128	21
ENSMMUG00000017849	3
ENSMMUG00000002200	0
ENSMMUG00000003582	10
ENSMMUG00000004488	2
ENSMMUG00000060496	0
ENSMMUG00000019912	0
ENSMMUG00000044696	36
ENSMMUG00000052595	0
ENSMMUG00000024094	0
ENSMMUG00000004516	14
ENSMMUG00000052908	0
ENSMMUG00000007109	8
ENSMMUG00000004492	79
ENSMMUG00000059612	0
ENSMMUG00000004512	0
ENSMMUG00000005090	101
ENSMMUG00000049726	0
ENSMMUG00000016581	0
ENSMMUG00000002802	1
ENSMMUG00000004648	1
ENSMMUG00000032244	0
ENSMMUG00000045167	0
ENSMMUG00000027793	0
ENSMMUG00000016582	272
ENSMMUG00000053454	0
ENSMMUG00000004490	1556
ENSMMUG00000021933	0
ENSMMUG00000057616	96
ENSMMUG00000035614	0
ENSMMUG00000004520	0
ENSMMUG00000054630	0
ENSMMUG00000018163	0
ENSMMUG00000004241	58
ENSMMUG00000013875	11
ENSMMUG00000021312	0
ENSMMUG00000057417	2
ENSMMUG00000025885	0
ENSMMUG00000060051	174
ENSMMUG00000050766	0
ENSMMUG00000059701	0
ENSMMUG00000064906	0
ENSMMUG00000031821	7
ENSMMUG00000054198	0
ENSMMUG00000018450	0
ENSMMUG00000007046	11
ENSMMUG00000050231	5
ENSMMUG00000061549	0
ENSMMUG00000004243	20
ENSMMUG00000056001	0
ENSMMUG00000000733	1
ENSMMUG00000064552	0
ENSMMUG00000053550	0
ENSMMUG00000060541	4
ENSMMUG00000058742	0
ENSMMUG00000050246	50
ENSMMUG00000013866	158
ENSMMUG00000053235	16
ENSMMUG00000054475	2
ENSMMUG00000016583	91
ENSMMUG00000059669	2
ENSMMUG00000000730	3
ENSMMUG00000003987	0
ENSMMUG00000004240	35
ENSMMUG00000009987	14
ENSMMUG00000061243	0
ENSMMUG00000061884	0
ENSMMUG00000006164	0
ENSMMUG00000052919	0
ENSMMUG00000046410	10
ENSMMUG00000051850	0
ENSMMUG00000059802	0
ENSMMUG00000023070	0
ENSMMUG00000000931	11
ENSMMUG00000016279	23
ENSMMUG00000010081	0
ENSMMUG00000000801	2
ENSMMUG00000008828	0
ENSMMUG00000059157	0
ENSMMUG00000044973	0
ENSMMUG00000059275	0
ENSMMUG00000059773	0
ENSMMUG00000016837	7
ENSMMUG00000050642	0
ENSMMUG00000039365	0
ENSMMUG00000032868	0
ENSMMUG00000063298	0
ENSMMUG00000013862	3
ENSMMUG00000058977	0
ENSMMUG00000014674	0
ENSMMUG00000056990	0
ENSMMUG00000050419	0
ENSMMUG00000054837	0
ENSMMUG00000054700	0
ENSMMUG00000063414	0
ENSMMUG00000058023	0
ENSMMUG00000052426	0
ENSMMUG00000062837	0
ENSMMUG00000060555	1
ENSMMUG00000052441	6
ENSMMUG00000050865	0
ENSMMUG00000000063	0
ENSMMUG00000017040	15
ENSMMUG00000003486	0
ENSMMUG00000009282	0
ENSMMUG00000059086	2
ENSMMUG00000022630	113
ENSMMUG00000013380	0
ENSMMUG00000036503	0
ENSMMUG00000062021	9
ENSMMUG00000063647	27
ENSMMUG00000049590	13
ENSMMUG00000007952	0
ENSMMUG00000059646	0
ENSMMUG00000052479	0
ENSMMUG00000023214	0
ENSMMUG00000051344	0
ENSMMUG00000060705	0
ENSMMUG00000021441	0
ENSMMUG00000062397	3
ENSMMUG00000050717	0
ENSMMUG00000017421	0
ENSMMUG00000054507	0
ENSMMUG00000007558	0
ENSMMUG00000022641	60
ENSMMUG00000032292	0
ENSMMUG00000000725	0
ENSMMUG00000056051	0
ENSMMUG00000000724	0
ENSMMUG00000058261	0
ENSMMUG00000054321	0
ENSMMUG00000036792	0
ENSMMUG00000004509	0
ENSMMUG00000004508	0
ENSMMUG00000022629	7
ENSMMUG00000000145	0
ENSMMUG00000017674	0
ENSMMUG00000003168	0
ENSMMUG00000010030	0
ENSMMUG00000019444	0
ENSMMUG00000053824	0
ENSMMUG00000022631	1
ENSMMUG00000053076	0
ENSMMUG00000023216	0
ENSMMUG00000018080	213
ENSMMUG00000016784	0
ENSMMUG00000052320	2
ENSMMUG00000049296	0
ENSMMUG00000062298	0
ENSMMUG00000030888	0
ENSMMUG00000022632	6
ENSMMUG00000019727	0
ENSMMUG00000051252	0
ENSMMUG00000058407	0
ENSMMUG00000022888	0
ENSMMUG00000019519	0
ENSMMUG00000001973	0
ENSMMUG00000054892	0
ENSMMUG00000032139	0
ENSMMUG00000058440	0
ENSMMUG00000019518	1
ENSMMUG00000002010	8
ENSMMUG00000036486	0
ENSMMUG00000056499	0
ENSMMUG00000025902	0
ENSMMUG00000056227	0
ENSMMUG00000016783	265
ENSMMUG00000057159	0
ENSMMUG00000055233	0
ENSMMUG00000055767	0
ENSMMUG00000022643	11
ENSMMUG00000005069	0
ENSMMUG00000062660	0
ENSMMUG00000018556	0
ENSMMUG00000059053	0
ENSMMUG00000060641	31
ENSMMUG00000059172	289
ENSMMUG00000064635	0
ENSMMUG00000001974	6
ENSMMUG00000065201	4
ENSMMUG00000054309	0
ENSMMUG00000063517	6
ENSMMUG00000059937	8
ENSMMUG00000017375	3
ENSMMUG00000022645	0
ENSMMUG00000057550	0
ENSMMUG00000056436	0
ENSMMUG00000002009	14
ENSMMUG00000010626	23
ENSMMUG00000021870	0
ENSMMUG00000055140	0
ENSMMUG00000060871	2
ENSMMUG00000056766	7
ENSMMUG00000014205	0
ENSMMUG00000049931	0
ENSMMUG00000055126	0
ENSMMUG00000056383	1
ENSMMUG00000042038	0
ENSMMUG00000057998	0
ENSMMUG00000063427	0
ENSMMUG00000057874	0
ENSMMUG00000002007	7
ENSMMUG00000020389	5
ENSMMUG00000011137	0
ENSMMUG00000058113	0
ENSMMUG00000045769	0
ENSMMUG00000063690	0
ENSMMUG00000022647	3
ENSMMUG00000014230	0
ENSMMUG00000005681	4
ENSMMUG00000064337	0
ENSMMUG00000064096	0
ENSMMUG00000035875	0
ENSMMUG00000059249	0
ENSMMUG00000054087	0
ENSMMUG00000023146	6
ENSMMUG00000051982	0
ENSMMUG00000034016	0
ENSMMUG00000026815	26
ENSMMUG00000059859	0
ENSMMUG00000053162	6
ENSMMUG00000049105	0
ENSMMUG00000052197	0
ENSMMUG00000040291	0
ENSMMUG00000059970	0
ENSMMUG00000026930	0
ENSMMUG00000042670	0
ENSMMUG00000022935	0
ENSMMUG00000054719	0
ENSMMUG00000002005	24
ENSMMUG00000011142	4
ENSMMUG00000001978	0
ENSMMUG00000050278	0
ENSMMUG00000050215	0
ENSMMUG00000026787	0
ENSMMUG00000049947	0
ENSMMUG00000016388	0
ENSMMUG00000064135	0
ENSMMUG00000054696	0
ENSMMUG00000057545	0
ENSMMUG00000059285	0
ENSMMUG00000057939	0
ENSMMUG00000043626	2
ENSMMUG00000057775	10
ENSMMUG00000057994	171
ENSMMUG00000002003	3
ENSMMUG00000033002	0
ENSMMUG00000008714	0
ENSMMUG00000032712	0
ENSMMUG00000015176	0
ENSMMUG00000056613	0
ENSMMUG00000016335	0
ENSMMUG00000062297	0
ENSMMUG00000022648	82
ENSMMUG00000014497	2
ENSMMUG00000064766	0
ENSMMUG00000049507	0
ENSMMUG00000001996	0
ENSMMUG00000053808	0
ENSMMUG00000058495	0
ENSMMUG00000058070	0
ENSMMUG00000059716	0
ENSMMUG00000038667	0
ENSMMUG00000002001	0
ENSMMUG00000043063	0
ENSMMUG00000008711	0
ENSMMUG00000021030	0
ENSMMUG00000018699	0
ENSMMUG00000052652	0
ENSMMUG00000012037	0
ENSMMUG00000058087	0
ENSMMUG00000062985	0
ENSMMUG00000011146	0
ENSMMUG00000049961	0
ENSMMUG00000015173	0
ENSMMUG00000013391	0
ENSMMUG00000013639	8
ENSMMUG00000062210	0
ENSMMUG00000058126	32
ENSMMUG00000061454	0
ENSMMUG00000032293	0
ENSMMUG00000056654	0
ENSMMUG00000017333	209
ENSMMUG00000062942	0
ENSMMUG00000065097	7
ENSMMUG00000014620	2
ENSMMUG00000059151	0
ENSMMUG00000063750	1
ENSMMUG00000053012	0
ENSMMUG00000008518	1
ENSMMUG00000021082	0
ENSMMUG00000009981	69
ENSMMUG00000056439	0
ENSMMUG00000044166	0
ENSMMUG00000008515	0
ENSMMUG00000008709	0
ENSMMUG00000011149	0
ENSMMUG00000049701	0
ENSMMUG00000055220	2
ENSMMUG00000062280	0
ENSMMUG00000049651	0
ENSMMUG00000000676	0
ENSMMUG00000055024	3
ENSMMUG00000049494	0
ENSMMUG00000053426	8
ENSMMUG00000026871	0
ENSMMUG00000063003	0
ENSMMUG00000028337	0
ENSMMUG00000002400	1
ENSMMUG00000021642	0
ENSMMUG00000022510	0
ENSMMUG00000050913	4
ENSMMUG00000052790	0
ENSMMUG00000045497	0
ENSMMUG00000021641	0
ENSMMUG00000064508	0
ENSMMUG00000027811	9
ENSMMUG00000021640	0
ENSMMUG00000059264	0
ENSMMUG00000063959	10
ENSMMUG00000055124	0
ENSMMUG00000000838	1
ENSMMUG00000060784	0
ENSMMUG00000057158	0
ENSMMUG00000012227	6
ENSMMUG00000015174	0
ENSMMUG00000051963	0
ENSMMUG00000050852	0
ENSMMUG00000020726	0
ENSMMUG00000032284	5
ENSMMUG00000010335	0
ENSMMUG00000009781	0
ENSMMUG00000060677	0
ENSMMUG00000046915	0
ENSMMUG00000038836	2
ENSMMUG00000051471	0
ENSMMUG00000049808	0
ENSMMUG00000013591	5
ENSMMUG00000003472	11
ENSMMUG00000021535	46
ENSMMUG00000054938	0
ENSMMUG00000016569	17
ENSMMUG00000002227	0
ENSMMUG00000021116	23
ENSMMUG00000059549	4
ENSMMUG00000019528	0
ENSMMUG00000003786	67
ENSMMUG00000019527	4
ENSMMUG00000006787	0
ENSMMUG00000009358	0
ENSMMUG00000000243	0
ENSMMUG00000054681	10
ENSMMUG00000058823	0
ENSMMUG00000052630	0
ENSMMUG00000063419	0
ENSMMUG00000062278	0
ENSMMUG00000006786	4
ENSMMUG00000000244	0
ENSMMUG00000027268	0
ENSMMUG00000050780	0
ENSMMUG00000009354	0
ENSMMUG00000016130	0
ENSMMUG00000057691	0
ENSMMUG00000034851	5
ENSMMUG00000060515	89
ENSMMUG00000000134	0
ENSMMUG00000056100	0
ENSMMUG00000000245	0
ENSMMUG00000009350	0
ENSMMUG00000009347	0
ENSMMUG00000005782	519
ENSMMUG00000012334	0
ENSMMUG00000017823	0
ENSMMUG00000058719	0
ENSMMUG00000063323	0
ENSMMUG00000044424	0
ENSMMUG00000025751	0
ENSMMUG00000005785	12
ENSMMUG00000017819	0
ENSMMUG00000049297	0
ENSMMUG00000050661	0
ENSMMUG00000035725	18
ENSMMUG00000050757	0
ENSMMUG00000056198	0
ENSMMUG00000011434	5
ENSMMUG00000058395	0
ENSMMUG00000001817	0
ENSMMUG00000013649	0
ENSMMUG00000004758	2
ENSMMUG00000055405	0
ENSMMUG00000058965	0
ENSMMUG00000023203	0
ENSMMUG00000012322	2
ENSMMUG00000057650	0
ENSMMUG00000035909	0
ENSMMUG00000011435	0
ENSMMUG00000056097	0
ENSMMUG00000042699	5
ENSMMUG00000017817	35
ENSMMUG00000007266	1
ENSMMUG00000055584	2
ENSMMUG00000013962	1
ENSMMUG00000063012	0
ENSMMUG00000059492	25
ENSMMUG00000019058	1
ENSMMUG00000063956	0
ENSMMUG00000005129	0
ENSMMUG00000064681	0
ENSMMUG00000001690	1
ENSMMUG00000010852	0
ENSMMUG00000019098	0
ENSMMUG00000016014	0
ENSMMUG00000057068	0
ENSMMUG00000057992	0
ENSMMUG00000050685	0
ENSMMUG00000063355	0
ENSMMUG00000064630	0
ENSMMUG00000006171	1
ENSMMUG00000058127	0
ENSMMUG00000062345	0
ENSMMUG00000021820	0
ENSMMUG00000001686	0
ENSMMUG00000007273	12
ENSMMUG00000052360	0
ENSMMUG00000057278	0
ENSMMUG00000058665	0
ENSMMUG00000010849	2
ENSMMUG00000053221	0
ENSMMUG00000061874	0
ENSMMUG00000042537	0
ENSMMUG00000007767	99
ENSMMUG00000056548	0
ENSMMUG00000051438	0
ENSMMUG00000008640	0
ENSMMUG00000059035	13
ENSMMUG00000033542	0
ENSMMUG00000014013	0
ENSMMUG00000059489	267
ENSMMUG00000054133	0
ENSMMUG00000017114	0
ENSMMUG00000061649	13
ENSMMUG00000053915	63
ENSMMUG00000015668	1
ENSMMUG00000057102	0
ENSMMUG00000054016	0
ENSMMUG00000054134	0
ENSMMUG00000060740	1
ENSMMUG00000006369	0
ENSMMUG00000037429	20
ENSMMUG00000064693	0
ENSMMUG00000007766	27
ENSMMUG00000013858	16
ENSMMUG00000007765	70
ENSMMUG00000010539	0
ENSMMUG00000037458	0
ENSMMUG00000018455	0
ENSMMUG00000065076	3
ENSMMUG00000051559	0
ENSMMUG00000047630	3
ENSMMUG00000064988	0
ENSMMUG00000026913	6
ENSMMUG00000051866	0
ENSMMUG00000027103	0
ENSMMUG00000053450	3
ENSMMUG00000064032	0
ENSMMUG00000007278	0
ENSMMUG00000057625	0
ENSMMUG00000056107	0
ENSMMUG00000052670	0
ENSMMUG00000007279	3
ENSMMUG00000050522	0
ENSMMUG00000016563	44
ENSMMUG00000022437	5
ENSMMUG00000050825	0
ENSMMUG00000032238	1
ENSMMUG00000007280	0
ENSMMUG00000014489	0
ENSMMUG00000051619	0
ENSMMUG00000050983	0
ENSMMUG00000052184	11
ENSMMUG00000064736	0
ENSMMUG00000055844	0
ENSMMUG00000014486	9
ENSMMUG00000011236	8
ENSMMUG00000001616	0
ENSMMUG00000001614	16
ENSMMUG00000065134	0
ENSMMUG00000060248	0
ENSMMUG00000059499	0
ENSMMUG00000031372	0
ENSMMUG00000063658	6
ENSMMUG00000055783	0
ENSMMUG00000058865	0
ENSMMUG00000031378	1
ENSMMUG00000036962	0
ENSMMUG00000057372	0
ENSMMUG00000059912	0
ENSMMUG00000008460	0
ENSMMUG00000061368	0
ENSMMUG00000001610	1
ENSMMUG00000008462	0
ENSMMUG00000008464	0
ENSMMUG00000003647	0
ENSMMUG00000064841	0
ENSMMUG00000017508	145
ENSMMUG00000025711	0
ENSMMUG00000053451	7
ENSMMUG00000060674	0
ENSMMUG00000018263	0
ENSMMUG00000023345	0
ENSMMUG00000053047	0
ENSMMUG00000007315	0
ENSMMUG00000002350	0
ENSMMUG00000001569	0
ENSMMUG00000010594	0
ENSMMUG00000054277	0
ENSMMUG00000052809	0
ENSMMUG00000049326	0
ENSMMUG00000059366	0
ENSMMUG00000049803	0
ENSMMUG00000065044	8
ENSMMUG00000061855	0
ENSMMUG00000058410	0
ENSMMUG00000052878	0
ENSMMUG00000062464	0
ENSMMUG00000051624	0
ENSMMUG00000022525	0
ENSMMUG00000053920	0
ENSMMUG00000055356	5
ENSMMUG00000052304	0
ENSMMUG00000057801	0
ENSMMUG00000050425	0
ENSMMUG00000052555	36
ENSMMUG00000055415	0
ENSMMUG00000063117	0
ENSMMUG00000050778	2
ENSMMUG00000047409	0
ENSMMUG00000002899	2
ENSMMUG00000019940	1
ENSMMUG00000010352	24
ENSMMUG00000062662	29
ENSMMUG00000011987	0
ENSMMUG00000015898	684
ENSMMUG00000055372	0
ENSMMUG00000045364	6
ENSMMUG00000060669	0
ENSMMUG00000018221	7
ENSMMUG00000012733	0
ENSMMUG00000018325	69
ENSMMUG00000018326	0
ENSMMUG00000018322	0
ENSMMUG00000015804	0
ENSMMUG00000060620	0
ENSMMUG00000012259	0
ENSMMUG00000057910	0
ENSMMUG00000015802	0
ENSMMUG00000021649	3
ENSMMUG00000015800	3
ENSMMUG00000018318	33
ENSMMUG00000011992	5
ENSMMUG00000063855	2
ENSMMUG00000065250	0
ENSMMUG00000005947	4
ENSMMUG00000044790	5
ENSMMUG00000050502	0
ENSMMUG00000060644	0
ENSMMUG00000000009	8
ENSMMUG00000014410	0
ENSMMUG00000064420	0
ENSMMUG00000020218	74
ENSMMUG00000039874	1
ENSMMUG00000018245	0
ENSMMUG00000004768	2
ENSMMUG00000026884	0
ENSMMUG00000026915	0
ENSMMUG00000055114	0
ENSMMUG00000053069	0
ENSMMUG00000053987	19
ENSMMUG00000057477	0
ENSMMUG00000020200	0
ENSMMUG00000057677	0
ENSMMUG00000043676	0
ENSMMUG00000055580	0
ENSMMUG00000004767	0
ENSMMUG00000058968	0
ENSMMUG00000055849	0
ENSMMUG00000020217	1
ENSMMUG00000036028	0
ENSMMUG00000024787	0
ENSMMUG00000039854	0
ENSMMUG00000016188	0
ENSMMUG00000057802	0
ENSMMUG00000035331	0
ENSMMUG00000063532	0
ENSMMUG00000053424	0
ENSMMUG00000062588	0
ENSMMUG00000004762	1
ENSMMUG00000007334	4
ENSMMUG00000050830	0
ENSMMUG00000005994	1
ENSMMUG00000004266	3
ENSMMUG00000058587	0
ENSMMUG00000047939	0
ENSMMUG00000049904	0
ENSMMUG00000025559	0
ENSMMUG00000053031	0
ENSMMUG00000051563	2
ENSMMUG00000016893	2
ENSMMUG00000005990	0
ENSMMUG00000004268	0
ENSMMUG00000018235	0
ENSMMUG00000040425	0
ENSMMUG00000064416	0
ENSMMUG00000061104	0
ENSMMUG00000018695	0
ENSMMUG00000015115	0
ENSMMUG00000021031	0
ENSMMUG00000050286	0
ENSMMUG00000000875	0
ENSMMUG00000010290	0
ENSMMUG00000012218	1
ENSMMUG00000002555	2
ENSMMUG00000010291	0
ENSMMUG00000018723	1
ENSMMUG00000018721	0
ENSMMUG00000013855	0
ENSMMUG00000058432	4
ENSMMUG00000000873	0
ENSMMUG00000001910	0
ENSMMUG00000001911	0
ENSMMUG00000042737	2
ENSMMUG00000052463	0
ENSMMUG00000012700	1
ENSMMUG00000026673	0
ENSMMUG00000025228	0
ENSMMUG00000025802	0
ENSMMUG00000012219	3
ENSMMUG00000008031	42
ENSMMUG00000063678	0
ENSMMUG00000007220	0
ENSMMUG00000052462	30
ENSMMUG00000012697	12
ENSMMUG00000026793	0
ENSMMUG00000054727	82
ENSMMUG00000005921	10
ENSMMUG00000017907	0
ENSMMUG00000008026	62
ENSMMUG00000055329	0
ENSMMUG00000005287	0
ENSMMUG00000058507	0
ENSMMUG00000056266	0
ENSMMUG00000014595	0
ENSMMUG00000053669	0
ENSMMUG00000060442	0
ENSMMUG00000053479	0
ENSMMUG00000048752	0
ENSMMUG00000049989	0
ENSMMUG00000045313	0
ENSMMUG00000032243	0
ENSMMUG00000022111	9
ENSMMUG00000045777	0
ENSMMUG00000019493	0
ENSMMUG00000055524	0
ENSMMUG00000057582	14
ENSMMUG00000062199	0
ENSMMUG00000017414	0
ENSMMUG00000018797	14
ENSMMUG00000018802	1
ENSMMUG00000018803	0
ENSMMUG00000059935	0
ENSMMUG00000051392	5
ENSMMUG00000017419	0
ENSMMUG00000022426	49
ENSMMUG00000013500	0
ENSMMUG00000019488	0
ENSMMUG00000055712	7
ENSMMUG00000049753	0
ENSMMUG00000057870	0
ENSMMUG00000010478	0
ENSMMUG00000013504	0
ENSMMUG00000010241	5
ENSMMUG00000013506	0
ENSMMUG00000056199	0
ENSMMUG00000050259	0
ENSMMUG00000010240	15
ENSMMUG00000013507	0
ENSMMUG00000010480	6
ENSMMUG00000000649	40
ENSMMUG00000046222	0
ENSMMUG00000059120	0
ENSMMUG00000049995	0
ENSMMUG00000063592	0
ENSMMUG00000049565	1
ENSMMUG00000061689	0
ENSMMUG00000047008	0
ENSMMUG00000018585	13
ENSMMUG00000000644	74
ENSMMUG00000020772	6
ENSMMUG00000004100	1
ENSMMUG00000026875	0
ENSMMUG00000004109	0
ENSMMUG00000001908	3
ENSMMUG00000059396	0
ENSMMUG00000004113	545
ENSMMUG00000042455	2
ENSMMUG00000054201	8
ENSMMUG00000012465	0
ENSMMUG00000001024	2
ENSMMUG00000061900	9
ENSMMUG00000055311	0
ENSMMUG00000059676	0
ENSMMUG00000004116	0
ENSMMUG00000064500	0
ENSMMUG00000028002	0
ENSMMUG00000050499	0
ENSMMUG00000062335	0
ENSMMUG00000054753	0
ENSMMUG00000059469	0
ENSMMUG00000062268	7
ENSMMUG00000065181	0
ENSMMUG00000032213	0
ENSMMUG00000051039	0
ENSMMUG00000064105	0
ENSMMUG00000064439	0
ENSMMUG00000055835	0
ENSMMUG00000032214	0
ENSMMUG00000026143	0
ENSMMUG00000040742	0
ENSMMUG00000004682	0
ENSMMUG00000039194	0
ENSMMUG00000021426	0
ENSMMUG00000045223	0
ENSMMUG00000016874	0
ENSMMUG00000009452	0
ENSMMUG00000061379	6
ENSMMUG00000012328	0
ENSMMUG00000061744	46
ENSMMUG00000057443	0
ENSMMUG00000003673	0
ENSMMUG00000035687	0
ENSMMUG00000014694	0
ENSMMUG00000000655	0
ENSMMUG00000001916	0
ENSMMUG00000056006	0
ENSMMUG00000061872	0
ENSMMUG00000059618	0
ENSMMUG00000000653	0
ENSMMUG00000021591	0
ENSMMUG00000025936	0
ENSMMUG00000007857	0
ENSMMUG00000007856	7
ENSMMUG00000055438	0
ENSMMUG00000032777	0
ENSMMUG00000007854	0
ENSMMUG00000002254	0
ENSMMUG00000054385	0
ENSMMUG00000004318	0
ENSMMUG00000004788	1
ENSMMUG00000057092	14
ENSMMUG00000050620	0
ENSMMUG00000063601	0
ENSMMUG00000064534	0
ENSMMUG00000022614	5
ENSMMUG00000001921	0
ENSMMUG00000001923	1
ENSMMUG00000001924	5
ENSMMUG00000053279	0
ENSMMUG00000001926	0
ENSMMUG00000001929	3
ENSMMUG00000055286	0
ENSMMUG00000064915	0
ENSMMUG00000061850	22
ENSMMUG00000056714	0
ENSMMUG00000032143	8
ENSMMUG00000018867	0
ENSMMUG00000019871	0
ENSMMUG00000019873	0
ENSMMUG00000056043	3
ENSMMUG00000059567	7
ENSMMUG00000055389	0
ENSMMUG00000004864	12
ENSMMUG00000002526	7
ENSMMUG00000004863	0
ENSMMUG00000056620	0
ENSMMUG00000063131	1
ENSMMUG00000020162	2
ENSMMUG00000045607	20
ENSMMUG00000002528	77
ENSMMUG00000044038	0
ENSMMUG00000054075	0
ENSMMUG00000058611	0
ENSMMUG00000014634	0
ENSMMUG00000056382	0
ENSMMUG00000055679	0
ENSMMUG00000002714	2
ENSMMUG00000023566	0
ENSMMUG00000023567	10
ENSMMUG00000034409	0
ENSMMUG00000023569	12
ENSMMUG00000051918	0
ENSMMUG00000023570	1
ENSMMUG00000023571	0
ENSMMUG00000023573	2
ENSMMUG00000023572	361
ENSMMUG00000011220	3
ENSMMUG00000032149	10
ENSMMUG00000011568	23
ENSMMUG00000061065	0
ENSMMUG00000063599	0
ENSMMUG00000015078	0
ENSMMUG00000054850	3
ENSMMUG00000016452	10
ENSMMUG00000015080	6
ENSMMUG00000019033	2
ENSMMUG00000015371	1
ENSMMUG00000056263	0
ENSMMUG00000020209	0
ENSMMUG00000045342	0
ENSMMUG00000004441	2
ENSMMUG00000042487	0
ENSMMUG00000052533	0
ENSMMUG00000014361	15
ENSMMUG00000053942	1
ENSMMUG00000014358	0
ENSMMUG00000012138	0
ENSMMUG00000012137	0
ENSMMUG00000009096	0
ENSMMUG00000009095	6
ENSMMUG00000001831	5
ENSMMUG00000009094	0
ENSMMUG00000057886	0
ENSMMUG00000016955	0
ENSMMUG00000016952	15
ENSMMUG00000040638	34
ENSMMUG00000001960	7
ENSMMUG00000016920	0
ENSMMUG00000049545	0
ENSMMUG00000021260	0
ENSMMUG00000059762	0
ENSMMUG00000017259	0
ENSMMUG00000023431	81
ENSMMUG00000027219	0
ENSMMUG00000021259	0
ENSMMUG00000035742	0
ENSMMUG00000020925	2
ENSMMUG00000049745	0
ENSMMUG00000010773	3
ENSMMUG00000006221	20
ENSMMUG00000015950	5
ENSMMUG00000061520	0
ENSMMUG00000020083	88
ENSMMUG00000050521	3
ENSMMUG00000020081	2
ENSMMUG00000020079	2
ENSMMUG00000020078	0
ENSMMUG00000065303	0
ENSMMUG00000020924	395
ENSMMUG00000060520	0
ENSMMUG00000060852	1
ENSMMUG00000013001	214
ENSMMUG00000045396	5
ENSMMUG00000016623	9
ENSMMUG00000051126	5
ENSMMUG00000012993	0
ENSMMUG00000013170	35
ENSMMUG00000053254	0
ENSMMUG00000040158	0
ENSMMUG00000053072	0
ENSMMUG00000065270	0
ENSMMUG00000046173	0
ENSMMUG00000013166	164
ENSMMUG00000027055	0
ENSMMUG00000035355	0
ENSMMUG00000052857	0
ENSMMUG00000005342	0
ENSMMUG00000049004	47
ENSMMUG00000005228	14
ENSMMUG00000028099	0
ENSMMUG00000040001	0
ENSMMUG00000006582	12
ENSMMUG00000006580	2
ENSMMUG00000050106	1
ENSMMUG00000015270	1
ENSMMUG00000049141	0
ENSMMUG00000026127	0
ENSMMUG00000026062	0
ENSMMUG00000044625	0
ENSMMUG00000054669	0
ENSMMUG00000021929	4
ENSMMUG00000007905	12
ENSMMUG00000007903	18
ENSMMUG00000018566	2
ENSMMUG00000007900	10
ENSMMUG00000045937	0
ENSMMUG00000013341	0
ENSMMUG00000007898	23
ENSMMUG00000007897	5
ENSMMUG00000027468	0
ENSMMUG00000018565	85
ENSMMUG00000064464	583
ENSMMUG00000007643	4
ENSMMUG00000023784	16
ENSMMUG00000064480	1
ENSMMUG00000007577	0
ENSMMUG00000056209	0
ENSMMUG00000024659	0
ENSMMUG00000011651	3
ENSMMUG00000065196	0
ENSMMUG00000065340	0
ENSMMUG00000011645	58
ENSMMUG00000051738	0
ENSMMUG00000057731	0
ENSMMUG00000051377	0
ENSMMUG00000012538	0
ENSMMUG00000008402	0
ENSMMUG00000028192	0
ENSMMUG00000005986	0
ENSMMUG00000056799	0
ENSMMUG00000004668	0
ENSMMUG00000039577	0
ENSMMUG00000059902	0
ENSMMUG00000061816	0
ENSMMUG00000056623	0
ENSMMUG00000020049	1
ENSMMUG00000010075	96
ENSMMUG00000010074	9
ENSMMUG00000010072	87
ENSMMUG00000010071	21
ENSMMUG00000010068	0
ENSMMUG00000054961	0
ENSMMUG00000010067	2
ENSMMUG00000023231	24
ENSMMUG00000023234	9
ENSMMUG00000023235	24
ENSMMUG00000041335	0
ENSMMUG00000037003	1
ENSMMUG00000059691	0
ENSMMUG00000020047	6
ENSMMUG00000020046	34
ENSMMUG00000063822	0
ENSMMUG00000000541	1
ENSMMUG00000038713	0
ENSMMUG00000022350	0
ENSMMUG00000058152	0
ENSMMUG00000062705	0
ENSMMUG00000064339	0
ENSMMUG00000000386	0
ENSMMUG00000056324	0
ENSMMUG00000050619	0
ENSMMUG00000024937	0
ENSMMUG00000002340	2
ENSMMUG00000010670	10
ENSMMUG00000010669	0
ENSMMUG00000059541	7
ENSMMUG00000010668	0
ENSMMUG00000012814	3
ENSMMUG00000061487	28
ENSMMUG00000053525	36
ENSMMUG00000059920	0
ENSMMUG00000063223	0
ENSMMUG00000008218	854
ENSMMUG00000006257	0
ENSMMUG00000006256	1
ENSMMUG00000053416	0
ENSMMUG00000046449	19
ENSMMUG00000002339	5
ENSMMUG00000007303	0
ENSMMUG00000061867	0
ENSMMUG00000024818	0
ENSMMUG00000010351	0
ENSMMUG00000016301	0
ENSMMUG00000054861	0
ENSMMUG00000033271	0
ENSMMUG00000006485	0
ENSMMUG00000064743	0
ENSMMUG00000060724	95
ENSMMUG00000064155	0
ENSMMUG00000021391	0
ENSMMUG00000052437	16
ENSMMUG00000049420	2
ENSMMUG00000003113	0
ENSMMUG00000060411	0
ENSMMUG00000047338	0
ENSMMUG00000052838	0
ENSMMUG00000024138	0
ENSMMUG00000010931	0
ENSMMUG00000045839	0
ENSMMUG00000049093	0
ENSMMUG00000057363	0
ENSMMUG00000056502	0
ENSMMUG00000055345	0
ENSMMUG00000026049	0
ENSMMUG00000023150	4
ENSMMUG00000054234	2
ENSMMUG00000013353	0
ENSMMUG00000050870	0
ENSMMUG00000000932	364
ENSMMUG00000022196	37
ENSMMUG00000034148	0
ENSMMUG00000003304	0
ENSMMUG00000031508	0
ENSMMUG00000000933	2
ENSMMUG00000050612	0
ENSMMUG00000057322	0
ENSMMUG00000064198	0
ENSMMUG00000063790	0
ENSMMUG00000051858	0
ENSMMUG00000016974	15
ENSMMUG00000002953	0
ENSMMUG00000061122	0
ENSMMUG00000054972	0
ENSMMUG00000055243	0
ENSMMUG00000022199	33
ENSMMUG00000055701	11
ENSMMUG00000003262	0
ENSMMUG00000001349	0
ENSMMUG00000016982	4
ENSMMUG00000056664	28
ENSMMUG00000035795	18
ENSMMUG00000011222	0
ENSMMUG00000016984	4
ENSMMUG00000000425	0
ENSMMUG00000018872	0
ENSMMUG00000005618	0
ENSMMUG00000003263	11
ENSMMUG00000063714	0
ENSMMUG00000049795	0
ENSMMUG00000048617	0
ENSMMUG00000005619	10
ENSMMUG00000039099	0
ENSMMUG00000059167	0
ENSMMUG00000014874	81
ENSMMUG00000008549	0
ENSMMUG00000059260	0
ENSMMUG00000064556	9
ENSMMUG00000014876	116
ENSMMUG00000013987	0
ENSMMUG00000005158	10
ENSMMUG00000059352	0
ENSMMUG00000050772	2
ENSMMUG00000061527	0
ENSMMUG00000051943	0
ENSMMUG00000057590	0
ENSMMUG00000044187	0
ENSMMUG00000022881	0
ENSMMUG00000009425	84
ENSMMUG00000022880	0
ENSMMUG00000046670	0
ENSMMUG00000025175	4
ENSMMUG00000062669	0
ENSMMUG00000056158	0
ENSMMUG00000014385	0
ENSMMUG00000001847	0
ENSMMUG00000016793	6
ENSMMUG00000037376	24
ENSMMUG00000055815	6
ENSMMUG00000054107	0
ENSMMUG00000017351	0
ENSMMUG00000001849	0
ENSMMUG00000023151	1
ENSMMUG00000048228	0
ENSMMUG00000025492	12
ENSMMUG00000017983	139
ENSMMUG00000061615	0
ENSMMUG00000060809	0
ENSMMUG00000012737	0
ENSMMUG00000019360	2
ENSMMUG00000017696	4
ENSMMUG00000017986	72
ENSMMUG00000055871	0
ENSMMUG00000049516	6
ENSMMUG00000052190	12
ENSMMUG00000007390	0
ENSMMUG00000049373	2
ENSMMUG00000043487	0
ENSMMUG00000059767	0
ENSMMUG00000063245	0
ENSMMUG00000033170	0
ENSMMUG00000012736	0
ENSMMUG00000060304	2
ENSMMUG00000053064	0
ENSMMUG00000050658	0
ENSMMUG00000055315	0
ENSMMUG00000053997	0
ENSMMUG00000003650	0
ENSMMUG00000017828	7
ENSMMUG00000062290	0
ENSMMUG00000058890	0
ENSMMUG00000062098	0
ENSMMUG00000061860	0
ENSMMUG00000057122	0
ENSMMUG00000022262	4
ENSMMUG00000004734	0
ENSMMUG00000009636	0
ENSMMUG00000023814	1
ENSMMUG00000007886	0
ENSMMUG00000054372	0
ENSMMUG00000019740	38
ENSMMUG00000013269	0
ENSMMUG00000060798	0
ENSMMUG00000025159	0
ENSMMUG00000064748	0
ENSMMUG00000012727	0
ENSMMUG00000021284	0
ENSMMUG00000042756	0
ENSMMUG00000000220	0
ENSMMUG00000046626	0
ENSMMUG00000019130	0
ENSMMUG00000024125	0
ENSMMUG00000061459	0
ENSMMUG00000051139	0
ENSMMUG00000003277	0
ENSMMUG00000017699	0
ENSMMUG00000050247	0
ENSMMUG00000013018	7
ENSMMUG00000005742	0
ENSMMUG00000061877	0
ENSMMUG00000017360	0
ENSMMUG00000017509	0
ENSMMUG00000056585	0
ENSMMUG00000012105	13
ENSMMUG00000023416	18
ENSMMUG00000055346	0
ENSMMUG00000024064	2
ENSMMUG00000016004	0
ENSMMUG00000050505	17
ENSMMUG00000059287	75
ENSMMUG00000021285	0
ENSMMUG00000060370	0
ENSMMUG00000044974	0
ENSMMUG00000015590	0
ENSMMUG00000001185	0
ENSMMUG00000017361	2
ENSMMUG00000018020	46
ENSMMUG00000048232	0
ENSMMUG00000041182	0
ENSMMUG00000021451	0
ENSMMUG00000013610	0
ENSMMUG00000035928	0
ENSMMUG00000033553	4
ENSMMUG00000042100	0
ENSMMUG00000054200	69
ENSMMUG00000012511	0
ENSMMUG00000016005	1
ENSMMUG00000017239	9
ENSMMUG00000062379	30
ENSMMUG00000049323	1
ENSMMUG00000010711	82
ENSMMUG00000012579	0
ENSMMUG00000032872	0
ENSMMUG00000012723	0
ENSMMUG00000037073	0
ENSMMUG00000021972	2
ENSMMUG00000033050	0
ENSMMUG00000058003	0
ENSMMUG00000007755	4
ENSMMUG00000012526	18
ENSMMUG00000040591	0
ENSMMUG00000012104	382
ENSMMUG00000012721	0
ENSMMUG00000063541	0
ENSMMUG00000017370	0
ENSMMUG00000063595	0
ENSMMUG00000017244	4
ENSMMUG00000012578	0
ENSMMUG00000017245	3
ENSMMUG00000049266	0
ENSMMUG00000043091	3
ENSMMUG00000050452	3
ENSMMUG00000001103	0
ENSMMUG00000060670	0
ENSMMUG00000056907	0
ENSMMUG00000058628	0
ENSMMUG00000017903	1
ENSMMUG00000038998	0
ENSMMUG00000063235	1
ENSMMUG00000048681	0
ENSMMUG00000001105	12
ENSMMUG00000050652	0
ENSMMUG00000013167	0
ENSMMUG00000002130	0
ENSMMUG00000041198	8
ENSMMUG00000017564	0
ENSMMUG00000001107	5
ENSMMUG00000014520	0
ENSMMUG00000057554	0
ENSMMUG00000040181	0
ENSMMUG00000057501	0
ENSMMUG00000031537	0
ENSMMUG00000057005	0
ENSMMUG00000003199	0
ENSMMUG00000020641	0
ENSMMUG00000018774	0
ENSMMUG00000017567	0
ENSMMUG00000053217	0
ENSMMUG00000052013	0
ENSMMUG00000001664	0
ENSMMUG00000007757	8
ENSMMUG00000013163	0
ENSMMUG00000052418	0
ENSMMUG00000063380	0
ENSMMUG00000056463	0
ENSMMUG00000048309	0
ENSMMUG00000060077	0
ENSMMUG00000018909	0
ENSMMUG00000051021	0
ENSMMUG00000057786	19
ENSMMUG00000061194	1
ENSMMUG00000043130	0
ENSMMUG00000054158	6
ENSMMUG00000047232	0
ENSMMUG00000042995	0
ENSMMUG00000061915	0
ENSMMUG00000018910	0
ENSMMUG00000037594	0
ENSMMUG00000052319	0
ENSMMUG00000007565	0
ENSMMUG00000010514	0
ENSMMUG00000007843	0
ENSMMUG00000018530	0
ENSMMUG00000006812	0
ENSMMUG00000063630	0
ENSMMUG00000051398	0
ENSMMUG00000063430	0
ENSMMUG00000059283	0
ENSMMUG00000014522	0
ENSMMUG00000003061	3
ENSMMUG00000027153	0
ENSMMUG00000052769	0
ENSMMUG00000006816	22
ENSMMUG00000054667	7
ENSMMUG00000062587	0
ENSMMUG00000057023	0
ENSMMUG00000064474	0
ENSMMUG00000020639	0
ENSMMUG00000007760	0
ENSMMUG00000010516	1
ENSMMUG00000051713	0
ENSMMUG00000022936	0
ENSMMUG00000064965	0
ENSMMUG00000021771	21
ENSMMUG00000022532	0
ENSMMUG00000015910	19
ENSMMUG00000061942	0
ENSMMUG00000019323	0
ENSMMUG00000023588	13
ENSMMUG00000022533	48
ENSMMUG00000051767	0
ENSMMUG00000024802	0
ENSMMUG00000058753	3
ENSMMUG00000014236	2
ENSMMUG00000012574	12
ENSMMUG00000001953	0
ENSMMUG00000021772	20
ENSMMUG00000014523	0
ENSMMUG00000027556	0
ENSMMUG00000047632	0
ENSMMUG00000023289	5
ENSMMUG00000011580	4
ENSMMUG00000064640	0
ENSMMUG00000023585	10
ENSMMUG00000001949	4
ENSMMUG00000009107	3
ENSMMUG00000022539	15
ENSMMUG00000064759	0
ENSMMUG00000001946	0
ENSMMUG00000063656	2
ENSMMUG00000008664	0
ENSMMUG00000019799	1
ENSMMUG00000062320	17
ENSMMUG00000010552	12
ENSMMUG00000001943	0
ENSMMUG00000050427	64
ENSMMUG00000061248	0
ENSMMUG00000047061	5
ENSMMUG00000052747	0
ENSMMUG00000014232	0
ENSMMUG00000019854	2
ENSMMUG00000006343	21
ENSMMUG00000023587	36
ENSMMUG00000019857	0
ENSMMUG00000057371	0
ENSMMUG00000023584	1
ENSMMUG00000056242	0
ENSMMUG00000054623	1
ENSMMUG00000061529	0
ENSMMUG00000010553	0
ENSMMUG00000056769	28
ENSMMUG00000016076	49
ENSMMUG00000057769	0
ENSMMUG00000008666	19
ENSMMUG00000054162	0
ENSMMUG00000004576	0
ENSMMUG00000020740	0
ENSMMUG00000014526	0
ENSMMUG00000062394	0
ENSMMUG00000000058	0
ENSMMUG00000051648	0
ENSMMUG00000006338	98
ENSMMUG00000061684	0
ENSMMUG00000056274	0
ENSMMUG00000026103	0
ENSMMUG00000049937	0
ENSMMUG00000055383	0
ENSMMUG00000060744	0
ENSMMUG00000053540	0
ENSMMUG00000034815	13
ENSMMUG00000031540	0
ENSMMUG00000054175	3
ENSMMUG00000031902	0
ENSMMUG00000025264	0
ENSMMUG00000058662	0
ENSMMUG00000052748	0
ENSMMUG00000014260	3
ENSMMUG00000055734	0
ENSMMUG00000054197	3
ENSMMUG00000051606	0
ENSMMUG00000031543	0
ENSMMUG00000014231	0
ENSMMUG00000055908	3
ENSMMUG00000015779	0
ENSMMUG00000053350	0
ENSMMUG00000000059	40
ENSMMUG00000042873	0
ENSMMUG00000010555	0
ENSMMUG00000001798	0
ENSMMUG00000021859	0
ENSMMUG00000052581	0
ENSMMUG00000043243	0
ENSMMUG00000014527	0
ENSMMUG00000053063	0
ENSMMUG00000060327	0
ENSMMUG00000014261	36
ENSMMUG00000053420	0
ENSMMUG00000021918	0
ENSMMUG00000049225	0
ENSMMUG00000057116	0
ENSMMUG00000065231	0
ENSMMUG00000016075	2
ENSMMUG00000048198	0
ENSMMUG00000062939	3
ENSMMUG00000061129	0
ENSMMUG00000032940	0
ENSMMUG00000001456	0
ENSMMUG00000027866	0
ENSMMUG00000050483	0
ENSMMUG00000045993	0
ENSMMUG00000050059	0
ENSMMUG00000013454	20
ENSMMUG00000054921	12
ENSMMUG00000055295	0
ENSMMUG00000020716	3
ENSMMUG00000009036	0
ENSMMUG00000054284	0
ENSMMUG00000063181	0
ENSMMUG00000060058	0
ENSMMUG00000018321	7
ENSMMUG00000059753	0
ENSMMUG00000057918	0
ENSMMUG00000003048	149
ENSMMUG00000011347	0
ENSMMUG00000052862	1
ENSMMUG00000059820	0
ENSMMUG00000021567	0
ENSMMUG00000057942	0
ENSMMUG00000043637	0
ENSMMUG00000046972	0
ENSMMUG00000021371	0
ENSMMUG00000060922	0
ENSMMUG00000053660	0
ENSMMUG00000003051	59
ENSMMUG00000060393	0
ENSMMUG00000022240	0
ENSMMUG00000035834	0
ENSMMUG00000031605	0
ENSMMUG00000036842	0
ENSMMUG00000043954	0
ENSMMUG00000062682	0
ENSMMUG00000022115	0
ENSMMUG00000013451	3
ENSMMUG00000018663	0
ENSMMUG00000058605	4
ENSMMUG00000050811	10
ENSMMUG00000060687	0
ENSMMUG00000051847	0
ENSMMUG00000048819	0
ENSMMUG00000008916	0
ENSMMUG00000004189	15
ENSMMUG00000016197	0
ENSMMUG00000056924	0
ENSMMUG00000063421	0
ENSMMUG00000060572	0
ENSMMUG00000006353	0
ENSMMUG00000015062	0
ENSMMUG00000057892	0
ENSMMUG00000049652	0
ENSMMUG00000025394	0
ENSMMUG00000016073	0
ENSMMUG00000000912	6
ENSMMUG00000037726	0
ENSMMUG00000021247	0
ENSMMUG00000040723	0
ENSMMUG00000021925	0
ENSMMUG00000006352	59
ENSMMUG00000051934	0
ENSMMUG00000054852	0
ENSMMUG00000008918	0
ENSMMUG00000004194	13
ENSMMUG00000018662	0
ENSMMUG00000016072	0
ENSMMUG00000019302	0
ENSMMUG00000027247	0
ENSMMUG00000013448	5
ENSMMUG00000046471	0
ENSMMUG00000033806	0
ENSMMUG00000021927	0
ENSMMUG00000008919	8
ENSMMUG00000024291	0
ENSMMUG00000007230	7
ENSMMUG00000058318	0
ENSMMUG00000000290	0
ENSMMUG00000024320	0
ENSMMUG00000016068	0
ENSMMUG00000006662	0
ENSMMUG00000059599	0
ENSMMUG00000051288	0
ENSMMUG00000015059	28
ENSMMUG00000018661	27
ENSMMUG00000056425	0
ENSMMUG00000041324	0
ENSMMUG00000035726	0
ENSMMUG00000012605	0
ENSMMUG00000000697	0
ENSMMUG00000043638	0
ENSMMUG00000008070	9
ENSMMUG00000055343	0
ENSMMUG00000015060	6
ENSMMUG00000003169	0
ENSMMUG00000021249	0
ENSMMUG00000017014	0
ENSMMUG00000055296	0
ENSMMUG00000050705	0
ENSMMUG00000055637	0
ENSMMUG00000060258	0
ENSMMUG00000025504	0
ENSMMUG00000050117	13
ENSMMUG00000055946	0
ENSMMUG00000054480	0
ENSMMUG00000046638	0
ENSMMUG00000013443	5
ENSMMUG00000035668	0
ENSMMUG00000011270	0
ENSMMUG00000054139	0
ENSMMUG00000055279	0
ENSMMUG00000024707	5
ENSMMUG00000017782	5
ENSMMUG00000021253	0
ENSMMUG00000021392	0
ENSMMUG00000054612	0
ENSMMUG00000002907	0
ENSMMUG00000040869	0
ENSMMUG00000055520	0
ENSMMUG00000042075	0
ENSMMUG00000014433	20
ENSMMUG00000050437	34
ENSMMUG00000062527	0
ENSMMUG00000017780	57
ENSMMUG00000000168	2
ENSMMUG00000021254	0
ENSMMUG00000021570	0
ENSMMUG00000021694	0
ENSMMUG00000000694	0
ENSMMUG00000060633	0
ENSMMUG00000058067	0
ENSMMUG00000042547	0
ENSMMUG00000052129	0
ENSMMUG00000063980	0
ENSMMUG00000037760	0
ENSMMUG00000058624	0
ENSMMUG00000054638	0
ENSMMUG00000014739	0
ENSMMUG00000026954	0
ENSMMUG00000012750	2
ENSMMUG00000057235	0
ENSMMUG00000014741	0
ENSMMUG00000056821	0
ENSMMUG00000051631	0
ENSMMUG00000052603	0
ENSMMUG00000060540	0
ENSMMUG00000000984	8
ENSMMUG00000022153	0
ENSMMUG00000004671	0
ENSMMUG00000000166	38
ENSMMUG00000014742	1
ENSMMUG00000012752	32
ENSMMUG00000000164	2
ENSMMUG00000059733	0
ENSMMUG00000019810	1
ENSMMUG00000056238	0
ENSMMUG00000060074	0
ENSMMUG00000000158	7
ENSMMUG00000065118	3
ENSMMUG00000062409	1
ENSMMUG00000010346	9
ENSMMUG00000011208	2
ENSMMUG00000000985	7
ENSMMUG00000053695	0
ENSMMUG00000045509	0
ENSMMUG00000064045	0
ENSMMUG00000055705	8
ENSMMUG00000000756	0
ENSMMUG00000051466	0
ENSMMUG00000006351	1
ENSMMUG00000028389	4
ENSMMUG00000011363	2
ENSMMUG00000042811	0
ENSMMUG00000063669	0
ENSMMUG00000033282	0
ENSMMUG00000057262	0
ENSMMUG00000057029	0
ENSMMUG00000053932	1
ENSMMUG00000035327	0
ENSMMUG00000048905	12
ENSMMUG00000053677	0
ENSMMUG00000000688	0
ENSMMUG00000055880	0
ENSMMUG00000056977	0
ENSMMUG00000064459	0
ENSMMUG00000019813	25
ENSMMUG00000000911	1
ENSMMUG00000052755	0
ENSMMUG00000037122	0
ENSMMUG00000021334	0
ENSMMUG00000055664	0
ENSMMUG00000037311	2
ENSMMUG00000050488	0
ENSMMUG00000045982	0
ENSMMUG00000013069	0
ENSMMUG00000065284	5
ENSMMUG00000058249	0
ENSMMUG00000058867	8
ENSMMUG00000024121	0
ENSMMUG00000060029	0
ENSMMUG00000054619	0
ENSMMUG00000058173	0
ENSMMUG00000010630	2
ENSMMUG00000059662	0
ENSMMUG00000062611	3
ENSMMUG00000027920	0
ENSMMUG00000063827	0
ENSMMUG00000051570	0
ENSMMUG00000064298	57
ENSMMUG00000024344	0
ENSMMUG00000061488	0
ENSMMUG00000057421	0
ENSMMUG00000001049	3
ENSMMUG00000058904	0
ENSMMUG00000016720	0
ENSMMUG00000019824	120
ENSMMUG00000064181	0
ENSMMUG00000055898	3
ENSMMUG00000013661	0
ENSMMUG00000060567	0
ENSMMUG00000009998	0
ENSMMUG00000059245	0
ENSMMUG00000063874	0
ENSMMUG00000050558	3
ENSMMUG00000019262	0
ENSMMUG00000061903	1
ENSMMUG00000063978	0
ENSMMUG00000049434	0
ENSMMUG00000061347	0
ENSMMUG00000054506	0
ENSMMUG00000052110	0
ENSMMUG00000056050	0
ENSMMUG00000034009	0
ENSMMUG00000051275	0
ENSMMUG00000055517	0
ENSMMUG00000062434	0
ENSMMUG00000016719	0
ENSMMUG00000001048	1
ENSMMUG00000062453	0
ENSMMUG00000051728	0
ENSMMUG00000009667	0
ENSMMUG00000001045	0
ENSMMUG00000016901	0
ENSMMUG00000063580	0
ENSMMUG00000005515	0
ENSMMUG00000022112	0
ENSMMUG00000036670	0
ENSMMUG00000059089	0
ENSMMUG00000013546	1
ENSMMUG00000013885	0
ENSMMUG00000021117	3
ENSMMUG00000051098	0
ENSMMUG00000052704	0
ENSMMUG00000002746	0
ENSMMUG00000052901	420
ENSMMUG00000050698	0
ENSMMUG00000061361	4
ENSMMUG00000054346	7
ENSMMUG00000025987	23
ENSMMUG00000000898	4
ENSMMUG00000011362	0
ENSMMUG00000050100	22
ENSMMUG00000050977	0
ENSMMUG00000060693	31
ENSMMUG00000053240	21
ENSMMUG00000057768	0
ENSMMUG00000024598	0
ENSMMUG00000055463	4
ENSMMUG00000013545	11
ENSMMUG00000000894	0
ENSMMUG00000045275	0
ENSMMUG00000034764	0
ENSMMUG00000043950	0
ENSMMUG00000013543	33
ENSMMUG00000024834	5
ENSMMUG00000006454	1
ENSMMUG00000065085	0
ENSMMUG00000019977	1
ENSMMUG00000007973	0
ENSMMUG00000014045	24
ENSMMUG00000019978	0
ENSMMUG00000040299	0
ENSMMUG00000008786	2
ENSMMUG00000013846	0
ENSMMUG00000053825	0
ENSMMUG00000050716	0
ENSMMUG00000047491	0
ENSMMUG00000014046	100
ENSMMUG00000059638	10
ENSMMUG00000019266	0
ENSMMUG00000006562	3
ENSMMUG00000019267	43
ENSMMUG00000013385	0
ENSMMUG00000008791	3
ENSMMUG00000019269	2
ENSMMUG00000002865	57
ENSMMUG00000006553	0
ENSMMUG00000056003	0
ENSMMUG00000011161	1
ENSMMUG00000055436	0
ENSMMUG00000053921	0
ENSMMUG00000061316	20
ENSMMUG00000051778	0
ENSMMUG00000062856	0
ENSMMUG00000006557	16
ENSMMUG00000056699	12
ENSMMUG00000058299	0
ENSMMUG00000060803	0
ENSMMUG00000064431	2
ENSMMUG00000006558	6
ENSMMUG00000061955	0
ENSMMUG00000050134	0
ENSMMUG00000064588	0
ENSMMUG00000001596	0
ENSMMUG00000008810	0
ENSMMUG00000052543	0
ENSMMUG00000047365	0
ENSMMUG00000065088	0
ENSMMUG00000048407	0
ENSMMUG00000018949	48
ENSMMUG00000043015	0
ENSMMUG00000043287	0
ENSMMUG00000049435	0
ENSMMUG00000018951	0
ENSMMUG00000065004	0
ENSMMUG00000033810	0
ENSMMUG00000057502	0
ENSMMUG00000001594	0
ENSMMUG00000031947	0
ENSMMUG00000019597	4
ENSMMUG00000011231	0
ENSMMUG00000018955	0
ENSMMUG00000001593	0
ENSMMUG00000008787	3
ENSMMUG00000018417	0
ENSMMUG00000024819	4
ENSMMUG00000024203	0
ENSMMUG00000057049	0
ENSMMUG00000018956	0
ENSMMUG00000001592	0
ENSMMUG00000053196	0
ENSMMUG00000062094	4
ENSMMUG00000053340	0
ENSMMUG00000055098	0
ENSMMUG00000061281	0
ENSMMUG00000052213	0
ENSMMUG00000024701	0
ENSMMUG00000000800	2
ENSMMUG00000050854	0
ENSMMUG00000065056	0
ENSMMUG00000063953	0
ENSMMUG00000002925	0
ENSMMUG00000051987	0
ENSMMUG00000021620	0
ENSMMUG00000033099	0
ENSMMUG00000063863	0
ENSMMUG00000056791	0
ENSMMUG00000059533	0
ENSMMUG00000000075	0
ENSMMUG00000014426	0
ENSMMUG00000051280	0
ENSMMUG00000001981	0
ENSMMUG00000003216	0
ENSMMUG00000059215	0
ENSMMUG00000010934	1
ENSMMUG00000040717	0
ENSMMUG00000050945	0
ENSMMUG00000042584	0
ENSMMUG00000025820	0
ENSMMUG00000058573	0
ENSMMUG00000005188	0
ENSMMUG00000001980	0
ENSMMUG00000002863	2
ENSMMUG00000064296	0
ENSMMUG00000002818	63
ENSMMUG00000001976	5
ENSMMUG00000026768	40
ENSMMUG00000002862	0
ENSMMUG00000005187	6
ENSMMUG00000055499	0
ENSMMUG00000000907	0
ENSMMUG00000023078	0
ENSMMUG00000062687	0
ENSMMUG00000033108	0
ENSMMUG00000002861	0
ENSMMUG00000007503	0
ENSMMUG00000000906	0
ENSMMUG00000007507	10
ENSMMUG00000004079	1
ENSMMUG00000000905	0
ENSMMUG00000053804	0
ENSMMUG00000000902	0
ENSMMUG00000062964	0
ENSMMUG00000020025	8
ENSMMUG00000002820	22
ENSMMUG00000007524	0
ENSMMUG00000004083	1
ENSMMUG00000056813	0
ENSMMUG00000053955	0
ENSMMUG00000063222	0
ENSMMUG00000007525	5
ENSMMUG00000007238	8
ENSMMUG00000020024	6
ENSMMUG00000057758	0
ENSMMUG00000058765	0
ENSMMUG00000037195	0
ENSMMUG00000051295	0
ENSMMUG00000049333	4
ENSMMUG00000054028	0
ENSMMUG00000016367	78
ENSMMUG00000010163	1
ENSMMUG00000007528	0
ENSMMUG00000049614	0
ENSMMUG00000058805	2
ENSMMUG00000012014	20
ENSMMUG00000016602	0
ENSMMUG00000009742	81
ENSMMUG00000059222	0
ENSMMUG00000020026	0
ENSMMUG00000007224	0
ENSMMUG00000011577	0
ENSMMUG00000060581	0
ENSMMUG00000012012	11
ENSMMUG00000009744	24
ENSMMUG00000039085	1
ENSMMUG00000009746	1
ENSMMUG00000059314	0
ENSMMUG00000002946	2
ENSMMUG00000056483	4
ENSMMUG00000002939	0
ENSMMUG00000003594	0
ENSMMUG00000002945	57
ENSMMUG00000012010	8
ENSMMUG00000002935	0
ENSMMUG00000007976	0
ENSMMUG00000012009	5
ENSMMUG00000059359	0
ENSMMUG00000052875	0
ENSMMUG00000032091	0
ENSMMUG00000058190	1
ENSMMUG00000060379	0
ENSMMUG00000021008	115
ENSMMUG00000059265	0
ENSMMUG00000046937	0
ENSMMUG00000054113	6
ENSMMUG00000035948	0
ENSMMUG00000064088	0
ENSMMUG00000003592	0
ENSMMUG00000054043	0
ENSMMUG00000021755	0
ENSMMUG00000057343	4
ENSMMUG00000008078	0
ENSMMUG00000003595	0
ENSMMUG00000008075	0
ENSMMUG00000055571	0
ENSMMUG00000032031	1
ENSMMUG00000025640	0
ENSMMUG00000039078	0
ENSMMUG00000000949	0
ENSMMUG00000059271	0
ENSMMUG00000065323	0
ENSMMUG00000062920	0
ENSMMUG00000043923	0
ENSMMUG00000053305	0
ENSMMUG00000024286	0
ENSMMUG00000014141	0
ENSMMUG00000050512	0
ENSMMUG00000049713	1
ENSMMUG00000055097	0
ENSMMUG00000057237	0
ENSMMUG00000033220	0
ENSMMUG00000053173	0
ENSMMUG00000004741	0
ENSMMUG00000019656	4
ENSMMUG00000015330	0
ENSMMUG00000004742	0
ENSMMUG00000045200	116
ENSMMUG00000052072	0
ENSMMUG00000052532	0
ENSMMUG00000041434	0
ENSMMUG00000051673	0
ENSMMUG00000031732	0
ENSMMUG00000056448	0
ENSMMUG00000049859	0
ENSMMUG00000049332	0
ENSMMUG00000020680	0
ENSMMUG00000062175	0
ENSMMUG00000046004	6
ENSMMUG00000009345	0
ENSMMUG00000043419	0
ENSMMUG00000020068	0
ENSMMUG00000005519	0
ENSMMUG00000051550	0
ENSMMUG00000065165	0
ENSMMUG00000049521	0
ENSMMUG00000059895	0
ENSMMUG00000022562	3
ENSMMUG00000005521	46
ENSMMUG00000052741	0
ENSMMUG00000026177	0
ENSMMUG00000036683	0
ENSMMUG00000018671	0
ENSMMUG00000024301	0
ENSMMUG00000037192	0
ENSMMUG00000036610	0
ENSMMUG00000001915	0
ENSMMUG00000057833	0
ENSMMUG00000055459	0
ENSMMUG00000064933	0
ENSMMUG00000060104	0
ENSMMUG00000036386	0
ENSMMUG00000003700	8
ENSMMUG00000026335	0
ENSMMUG00000000623	0
ENSMMUG00000003820	243
ENSMMUG00000009614	0
ENSMMUG00000000987	20
ENSMMUG00000005526	41
ENSMMUG00000016466	0
ENSMMUG00000054344	0
ENSMMUG00000059008	0
ENSMMUG00000015959	0
ENSMMUG00000017438	75
ENSMMUG00000027112	0
ENSMMUG00000063491	0
ENSMMUG00000062646	0
ENSMMUG00000034008	0
ENSMMUG00000056269	0
ENSMMUG00000021448	0
ENSMMUG00000055794	36
ENSMMUG00000050260	0
ENSMMUG00000057099	0
ENSMMUG00000017436	0
ENSMMUG00000050970	0
ENSMMUG00000063957	0
ENSMMUG00000000990	0
ENSMMUG00000051294	0
ENSMMUG00000014069	0
ENSMMUG00000026385	0
ENSMMUG00000003823	8
ENSMMUG00000000995	7
ENSMMUG00000050666	0
ENSMMUG00000065045	1
ENSMMUG00000000996	2
ENSMMUG00000033365	0
ENSMMUG00000005528	0
ENSMMUG00000057806	0
ENSMMUG00000009550	3
ENSMMUG00000061703	1
ENSMMUG00000009549	0
ENSMMUG00000016823	6
ENSMMUG00000006480	0
ENSMMUG00000055867	2
ENSMMUG00000057341	0
ENSMMUG00000032102	0
ENSMMUG00000058177	0
ENSMMUG00000064288	0
ENSMMUG00000062418	0
ENSMMUG00000054174	0
ENSMMUG00000026994	0
ENSMMUG00000061902	0
ENSMMUG00000056978	0
ENSMMUG00000049390	0
ENSMMUG00000005529	264
ENSMMUG00000064254	0
ENSMMUG00000051426	0
ENSMMUG00000004842	0
ENSMMUG00000050141	0
ENSMMUG00000056488	0
ENSMMUG00000005977	0
ENSMMUG00000060283	0
ENSMMUG00000025313	0
ENSMMUG00000038872	0
ENSMMUG00000053851	0
ENSMMUG00000058449	0
ENSMMUG00000001074	3
ENSMMUG00000031438	0
ENSMMUG00000004847	0
ENSMMUG00000017872	4
ENSMMUG00000009198	0
ENSMMUG00000037349	0
ENSMMUG00000053568	0
ENSMMUG00000041369	0
ENSMMUG00000056059	0
ENSMMUG00000059534	0
ENSMMUG00000047621	0
ENSMMUG00000026515	0
ENSMMUG00000020954	5
ENSMMUG00000052736	0
ENSMMUG00000050972	0
ENSMMUG00000018790	0
ENSMMUG00000038349	42
ENSMMUG00000000850	0
ENSMMUG00000018980	0
ENSMMUG00000057489	0
ENSMMUG00000018982	0
ENSMMUG00000013004	0
ENSMMUG00000052672	10
ENSMMUG00000025979	0
ENSMMUG00000036178	0
ENSMMUG00000060328	1
ENSMMUG00000062593	0
ENSMMUG00000055812	0
ENSMMUG00000059745	0
ENSMMUG00000018983	1
ENSMMUG00000018792	0
ENSMMUG00000016917	0
ENSMMUG00000050708	0
ENSMMUG00000026599	2
ENSMMUG00000035494	1
ENSMMUG00000035728	0
ENSMMUG00000013007	0
ENSMMUG00000054029	0
ENSMMUG00000054936	0
ENSMMUG00000015825	0
ENSMMUG00000001075	0
ENSMMUG00000064458	0
ENSMMUG00000052643	0
ENSMMUG00000051233	0
ENSMMUG00000045578	0
ENSMMUG00000010655	1
ENSMMUG00000031534	0
ENSMMUG00000035943	0
ENSMMUG00000021607	40
ENSMMUG00000014905	8
ENSMMUG00000023335	15
ENSMMUG00000015827	0
ENSMMUG00000027344	12
ENSMMUG00000003078	16
ENSMMUG00000031439	146
ENSMMUG00000023718	0
ENSMMUG00000057773	0
ENSMMUG00000049153	0
ENSMMUG00000023330	0
ENSMMUG00000019962	0
ENSMMUG00000003079	0
ENSMMUG00000037365	44
ENSMMUG00000049324	305
ENSMMUG00000054914	0
ENSMMUG00000039964	0
ENSMMUG00000051506	0
ENSMMUG00000065297	0
ENSMMUG00000062888	0
ENSMMUG00000050680	0
ENSMMUG00000063515	172
ENSMMUG00000057195	0
ENSMMUG00000053913	0
ENSMMUG00000054588	0
ENSMMUG00000057984	0
ENSMMUG00000062022	0
ENSMMUG00000035470	2
ENSMMUG00000003074	0
ENSMMUG00000048884	0
ENSMMUG00000012920	0
ENSMMUG00000056598	0
ENSMMUG00000007627	2
ENSMMUG00000046157	0
ENSMMUG00000002684	0
ENSMMUG00000012780	2
ENSMMUG00000020337	1
ENSMMUG00000009010	0
ENSMMUG00000057226	2
ENSMMUG00000057578	41
ENSMMUG00000012783	0
ENSMMUG00000058138	0
ENSMMUG00000050792	32
ENSMMUG00000020138	56
ENSMMUG00000057255	0
ENSMMUG00000050012	0
ENSMMUG00000055230	0
ENSMMUG00000059788	0
ENSMMUG00000003704	8
ENSMMUG00000050076	0
ENSMMUG00000048734	0
ENSMMUG00000020335	0
ENSMMUG00000058079	1
ENSMMUG00000035160	0
ENSMMUG00000001508	9
ENSMMUG00000020109	1
ENSMMUG00000001077	0
ENSMMUG00000050275	0
ENSMMUG00000050834	0
ENSMMUG00000052664	0
ENSMMUG00000017576	0
ENSMMUG00000045475	5
ENSMMUG00000061607	0
ENSMMUG00000060165	0
ENSMMUG00000022661	0
ENSMMUG00000059049	0
ENSMMUG00000004538	1
ENSMMUG00000050584	0
ENSMMUG00000020334	5
ENSMMUG00000003702	10
ENSMMUG00000062695	0
ENSMMUG00000019897	0
ENSMMUG00000010058	1
ENSMMUG00000062782	6
ENSMMUG00000034821	0
ENSMMUG00000059874	0
ENSMMUG00000057589	0
ENSMMUG00000006596	0
ENSMMUG00000033250	0
ENSMMUG00000020144	67
ENSMMUG00000058321	0
ENSMMUG00000001509	25
ENSMMUG00000043955	10
ENSMMUG00000008242	0
ENSMMUG00000026741	0
ENSMMUG00000010062	17
ENSMMUG00000025017	0
ENSMMUG00000056963	643
ENSMMUG00000053569	0
ENSMMUG00000001513	0
ENSMMUG00000021237	32
ENSMMUG00000000591	1
ENSMMUG00000039684	0
ENSMMUG00000064081	0
ENSMMUG00000020145	71
ENSMMUG00000045282	0
ENSMMUG00000064428	0
ENSMMUG00000023918	0
ENSMMUG00000051548	0
ENSMMUG00000033044	0
ENSMMUG00000005465	1
ENSMMUG00000049786	0
ENSMMUG00000021242	28
ENSMMUG00000021507	0
ENSMMUG00000000265	0
ENSMMUG00000059318	0
ENSMMUG00000043727	17
ENSMMUG00000001443	10
ENSMMUG00000047994	0
ENSMMUG00000054402	3
ENSMMUG00000009931	9
ENSMMUG00000014699	0
ENSMMUG00000033738	0
ENSMMUG00000024639	0
ENSMMUG00000057543	0
ENSMMUG00000061112	0
ENSMMUG00000058979	84
ENSMMUG00000053513	0
ENSMMUG00000016244	12
ENSMMUG00000012675	0
ENSMMUG00000050329	0
ENSMMUG00000052798	0
ENSMMUG00000027395	0
ENSMMUG00000061864	49
ENSMMUG00000058357	0
ENSMMUG00000020147	17
ENSMMUG00000057542	4
ENSMMUG00000016246	0
ENSMMUG00000056724	0
ENSMMUG00000041754	0
ENSMMUG00000019696	4
ENSMMUG00000017510	0
ENSMMUG00000060409	0
ENSMMUG00000000519	0
ENSMMUG00000020150	0
ENSMMUG00000034585	0
ENSMMUG00000057642	17
ENSMMUG00000023839	0
ENSMMUG00000065286	52
ENSMMUG00000052085	0
ENSMMUG00000058921	0
ENSMMUG00000057539	0
ENSMMUG00000022962	0
ENSMMUG00000041772	0
ENSMMUG00000050407	19
ENSMMUG00000057559	0
ENSMMUG00000058057	0
ENSMMUG00000021243	0
ENSMMUG00000022963	2
ENSMMUG00000008610	0
ENSMMUG00000043399	0
ENSMMUG00000021244	0
ENSMMUG00000001529	453
ENSMMUG00000022965	15
ENSMMUG00000024706	0
ENSMMUG00000026185	0
ENSMMUG00000003541	7
ENSMMUG00000064475	55
ENSMMUG00000051711	0
ENSMMUG00000059661	65
ENSMMUG00000047371	0
ENSMMUG00000062592	30
ENSMMUG00000051408	0
ENSMMUG00000021246	0
ENSMMUG00000008608	9
ENSMMUG00000009197	0
ENSMMUG00000032659	0
ENSMMUG00000014705	0
ENSMMUG00000017701	14
ENSMMUG00000055005	0
ENSMMUG00000031754	8
ENSMMUG00000028312	0
ENSMMUG00000047891	0
ENSMMUG00000032942	1
ENSMMUG00000063618	0
ENSMMUG00000058393	8
ENSMMUG00000013330	7
ENSMMUG00000063596	0
ENSMMUG00000044354	0
ENSMMUG00000031683	0
ENSMMUG00000063637	1
ENSMMUG00000055615	0
ENSMMUG00000006473	0
ENSMMUG00000014707	8
ENSMMUG00000009437	0
ENSMMUG00000024178	4
ENSMMUG00000031684	2
ENSMMUG00000064174	3
ENSMMUG00000015955	0
ENSMMUG00000009745	1
ENSMMUG00000039060	3
ENSMMUG00000014720	0
ENSMMUG00000056798	0
ENSMMUG00000054286	0
ENSMMUG00000001028	55
ENSMMUG00000050991	0
ENSMMUG00000014627	15
ENSMMUG00000040696	0
ENSMMUG00000001029	29
ENSMMUG00000014730	0
ENSMMUG00000000081	0
ENSMMUG00000025115	2
ENSMMUG00000060996	0
ENSMMUG00000049552	0
ENSMMUG00000015418	0
ENSMMUG00000018832	11
ENSMMUG00000001031	0
ENSMMUG00000001531	75
ENSMMUG00000039597	3
ENSMMUG00000052459	0
ENSMMUG00000064433	0
ENSMMUG00000063008	120
ENSMMUG00000060113	0
ENSMMUG00000019396	1
ENSMMUG00000055467	0
ENSMMUG00000035999	0
ENSMMUG00000037676	0
ENSMMUG00000038470	0
ENSMMUG00000015127	0
ENSMMUG00000058710	0
ENSMMUG00000001096	0
ENSMMUG00000064960	0
ENSMMUG00000055806	0
ENSMMUG00000052478	4
ENSMMUG00000006130	0
ENSMMUG00000013092	0
ENSMMUG00000022227	1
ENSMMUG00000005649	10
ENSMMUG00000005369	0
ENSMMUG00000011943	0
ENSMMUG00000017585	0
ENSMMUG00000005652	114
ENSMMUG00000026938	0
ENSMMUG00000028550	0
ENSMMUG00000062019	0
ENSMMUG00000031705	0
ENSMMUG00000063594	1
ENSMMUG00000058322	109
ENSMMUG00000051293	0
ENSMMUG00000026326	0
ENSMMUG00000058651	0
ENSMMUG00000054683	0
ENSMMUG00000060237	0
ENSMMUG00000055244	0
ENSMMUG00000064303	0
ENSMMUG00000024983	0
ENSMMUG00000004052	12
ENSMMUG00000005656	157
ENSMMUG00000038992	0
ENSMMUG00000059592	0
ENSMMUG00000051589	0
ENSMMUG00000018617	20
ENSMMUG00000033802	8
ENSMMUG00000005660	0
ENSMMUG00000018619	2
ENSMMUG00000049238	6
ENSMMUG00000002943	0
ENSMMUG00000002948	2
ENSMMUG00000004800	1
ENSMMUG00000055206	0
ENSMMUG00000063476	21
ENSMMUG00000013091	0
ENSMMUG00000040188	0
ENSMMUG00000052745	0
ENSMMUG00000014537	10
ENSMMUG00000053756	0
ENSMMUG00000010708	0
ENSMMUG00000002952	8
ENSMMUG00000014540	0
ENSMMUG00000057113	105
ENSMMUG00000053344	0
ENSMMUG00000055032	8
ENSMMUG00000010706	0
ENSMMUG00000060916	0
ENSMMUG00000002836	0
ENSMMUG00000014564	66
ENSMMUG00000051073	3
ENSMMUG00000002833	0
ENSMMUG00000046787	0
ENSMMUG00000062159	0
ENSMMUG00000019697	0
ENSMMUG00000053526	20
ENSMMUG00000012032	0
ENSMMUG00000014582	31
ENSMMUG00000009564	2
ENSMMUG00000014584	27
ENSMMUG00000031526	6
ENSMMUG00000057297	0
ENSMMUG00000014589	4
ENSMMUG00000000822	7
ENSMMUG00000009418	6
ENSMMUG00000031794	0
ENSMMUG00000020979	13
ENSMMUG00000020980	44
ENSMMUG00000059403	0
ENSMMUG00000056024	1
ENSMMUG00000037755	0
ENSMMUG00000006648	2
ENSMMUG00000016200	0
ENSMMUG00000063351	0
ENSMMUG00000016476	1
ENSMMUG00000007387	0
ENSMMUG00000061164	0
ENSMMUG00000052474	0
ENSMMUG00000050932	0
ENSMMUG00000062555	0
ENSMMUG00000062915	0
ENSMMUG00000064357	0
ENSMMUG00000059884	0
ENSMMUG00000064837	2
ENSMMUG00000037299	0
ENSMMUG00000063228	0
ENSMMUG00000042979	0
ENSMMUG00000060612	1
ENSMMUG00000016480	0
ENSMMUG00000054039	0
ENSMMUG00000028689	1619
ENSMMUG00000055530	0
ENSMMUG00000062338	0
ENSMMUG00000053154	1
ENSMMUG00000054412	0
ENSMMUG00000044412	0
ENSMMUG00000001302	0
ENSMMUG00000059293	0
ENSMMUG00000057602	0
ENSMMUG00000051863	0
ENSMMUG00000050950	0
ENSMMUG00000049226	0
ENSMMUG00000061950	0
ENSMMUG00000011134	24
ENSMMUG00000057190	0
ENSMMUG00000007866	0
ENSMMUG00000007865	0
ENSMMUG00000058308	0
ENSMMUG00000063188	0
ENSMMUG00000003353	1
ENSMMUG00000011050	0
ENSMMUG00000060960	0
ENSMMUG00000058887	0
ENSMMUG00000003742	0
ENSMMUG00000062681	0
ENSMMUG00000050150	0
ENSMMUG00000043135	0
ENSMMUG00000009693	0
ENSMMUG00000063812	0
ENSMMUG00000058672	0
ENSMMUG00000050287	0
ENSMMUG00000033106	0
ENSMMUG00000057439	0
ENSMMUG00000055165	0
ENSMMUG00000049790	0
ENSMMUG00000034769	128
ENSMMUG00000023045	0
ENSMMUG00000049541	4
ENSMMUG00000031811	27
ENSMMUG00000012151	3
ENSMMUG00000000706	0
ENSMMUG00000057486	147
ENSMMUG00000012963	36
ENSMMUG00000009765	0
ENSMMUG00000013847	0
ENSMMUG00000047476	4
ENSMMUG00000050069	0
ENSMMUG00000003494	0
ENSMMUG00000055556	0
ENSMMUG00000059875	0
ENSMMUG00000056170	0
ENSMMUG00000058668	0
ENSMMUG00000058903	10
ENSMMUG00000011090	0
ENSMMUG00000005452	38
ENSMMUG00000008616	3
ENSMMUG00000013372	0
ENSMMUG00000014038	0
ENSMMUG00000051379	0
ENSMMUG00000022925	0
ENSMMUG00000031780	10
ENSMMUG00000009764	0
ENSMMUG00000040979	0
ENSMMUG00000004921	5
ENSMMUG00000055179	0
ENSMMUG00000061567	0
ENSMMUG00000004683	0
ENSMMUG00000057299	6
ENSMMUG00000054672	82
ENSMMUG00000008620	0
ENSMMUG00000052238	0
ENSMMUG00000009760	0
ENSMMUG00000056150	0
ENSMMUG00000008865	0
ENSMMUG00000023553	2
ENSMMUG00000042245	0
ENSMMUG00000060485	0
ENSMMUG00000025093	0
ENSMMUG00000055638	0
ENSMMUG00000058373	5
ENSMMUG00000055931	0
ENSMMUG00000008628	45
ENSMMUG00000052369	0
ENSMMUG00000005938	2
ENSMMUG00000051953	9
ENSMMUG00000035660	0
ENSMMUG00000023981	0
ENSMMUG00000060799	0
ENSMMUG00000010337	0
ENSMMUG00000005939	0
ENSMMUG00000000387	0
ENSMMUG00000007927	0
ENSMMUG00000020116	0
ENSMMUG00000047393	0
ENSMMUG00000010342	0
ENSMMUG00000020734	3
ENSMMUG00000056280	25
ENSMMUG00000053615	0
ENSMMUG00000034385	0
ENSMMUG00000027277	0
ENSMMUG00000020117	0
ENSMMUG00000002242	1
ENSMMUG00000055990	1
ENSMMUG00000051641	1
ENSMMUG00000012405	0
ENSMMUG00000063303	0
ENSMMUG00000002100	0
ENSMMUG00000063881	10
ENSMMUG00000021874	0
ENSMMUG00000037362	0
ENSMMUG00000012406	0
ENSMMUG00000021875	8
ENSMMUG00000020119	6
ENSMMUG00000003927	3
ENSMMUG00000018341	0
ENSMMUG00000021879	23
ENSMMUG00000047305	0
ENSMMUG00000002775	0
ENSMMUG00000021884	0
ENSMMUG00000044500	3
ENSMMUG00000020120	0
ENSMMUG00000021889	0
ENSMMUG00000020121	4
ENSMMUG00000001120	1
ENSMMUG00000006994	4
ENSMMUG00000002779	0
ENSMMUG00000055561	6
ENSMMUG00000009694	14
ENSMMUG00000006996	1
ENSMMUG00000021893	0
ENSMMUG00000007006	0
ENSMMUG00000058204	0
ENSMMUG00000055455	39
ENSMMUG00000063475	0
ENSMMUG00000011235	6
ENSMMUG00000001127	16
ENSMMUG00000021899	4
ENSMMUG00000051153	12
ENSMMUG00000007013	0
ENSMMUG00000060094	0
ENSMMUG00000054916	0
ENSMMUG00000006315	0
ENSMMUG00000058872	0
ENSMMUG00000051478	0
ENSMMUG00000017055	0
ENSMMUG00000052143	21
ENSMMUG00000055736	0
ENSMMUG00000007191	0
ENSMMUG00000057236	0
ENSMMUG00000013952	0
ENSMMUG00000002841	0
ENSMMUG00000051846	0
ENSMMUG00000062595	0
ENSMMUG00000049299	0
ENSMMUG00000058675	0
ENSMMUG00000007019	5
ENSMMUG00000057917	47
ENSMMUG00000006432	92
ENSMMUG00000007022	6
ENSMMUG00000049932	0
ENSMMUG00000040085	0
ENSMMUG00000007195	0
ENSMMUG00000062050	0
ENSMMUG00000052759	0
ENSMMUG00000036825	0
ENSMMUG00000031993	3
ENSMMUG00000009536	309
ENSMMUG00000010499	0
ENSMMUG00000007324	0
ENSMMUG00000010498	35
ENSMMUG00000007450	37
ENSMMUG00000059288	4
ENSMMUG00000015672	69
ENSMMUG00000010495	10
ENSMMUG00000062447	0
ENSMMUG00000031896	0
ENSMMUG00000062803	0
ENSMMUG00000006229	1
ENSMMUG00000051802	0
ENSMMUG00000042616	0
ENSMMUG00000016968	164
ENSMMUG00000010276	0
ENSMMUG00000000583	0
ENSMMUG00000063800	0
ENSMMUG00000001339	0
ENSMMUG00000064614	0
ENSMMUG00000059740	0
ENSMMUG00000051975	0
ENSMMUG00000016970	0
ENSMMUG00000043629	0
ENSMMUG00000026026	0
ENSMMUG00000058828	0
ENSMMUG00000059185	0
ENSMMUG00000025453	0
ENSMMUG00000020341	0
ENSMMUG00000000366	0
ENSMMUG00000055551	0
ENSMMUG00000060111	2
ENSMMUG00000001340	1
ENSMMUG00000058165	0
ENSMMUG00000020342	0
ENSMMUG00000064419	0
ENSMMUG00000000051	0
ENSMMUG00000021205	0
ENSMMUG00000060829	0
ENSMMUG00000016495	0
ENSMMUG00000058575	0
ENSMMUG00000056657	0
ENSMMUG00000055099	0
ENSMMUG00000063843	1
ENSMMUG00000049762	0
ENSMMUG00000016497	4
ENSMMUG00000031190	26
ENSMMUG00000001342	5
ENSMMUG00000061324	1
ENSMMUG00000060542	0
ENSMMUG00000006993	90
ENSMMUG00000056020	0
ENSMMUG00000012832	0
ENSMMUG00000062243	3
ENSMMUG00000064160	1
ENSMMUG00000065043	17
ENSMMUG00000062150	0
ENSMMUG00000004273	167
ENSMMUG00000034958	83
ENSMMUG00000054317	0
ENSMMUG00000051864	0
ENSMMUG00000000184	9
ENSMMUG00000024905	0
ENSMMUG00000022848	0
ENSMMUG00000063860	0
ENSMMUG00000033186	0
ENSMMUG00000060568	0
ENSMMUG00000063941	0
ENSMMUG00000062582	0
ENSMMUG00000059435	0
ENSMMUG00000063183	0
ENSMMUG00000012046	0
ENSMMUG00000064435	0
ENSMMUG00000012487	0
ENSMMUG00000018836	109
ENSMMUG00000051699	0
ENSMMUG00000019030	0
ENSMMUG00000052384	0
ENSMMUG00000004956	0
ENSMMUG00000005370	0
ENSMMUG00000048439	0
ENSMMUG00000052096	0
ENSMMUG00000053443	0
ENSMMUG00000052271	20
ENSMMUG00000049870	5
ENSMMUG00000004958	0
ENSMMUG00000055858	0
ENSMMUG00000006623	0
ENSMMUG00000021592	0
ENSMMUG00000039981	0
ENSMMUG00000063514	4
ENSMMUG00000054477	0
ENSMMUG00000054204	1
ENSMMUG00000035710	0
ENSMMUG00000008355	0
ENSMMUG00000004961	0
ENSMMUG00000015979	11
ENSMMUG00000019009	0
ENSMMUG00000047184	0
ENSMMUG00000049535	0
ENSMMUG00000060155	0
ENSMMUG00000000972	12
ENSMMUG00000004963	37
ENSMMUG00000023776	9
ENSMMUG00000056177	14
ENSMMUG00000014825	12
ENSMMUG00000054173	4
ENSMMUG00000023510	1
ENSMMUG00000010033	0
ENSMMUG00000044059	0
ENSMMUG00000057306	0
ENSMMUG00000002114	0
ENSMMUG00000023081	0
ENSMMUG00000035895	5
ENSMMUG00000010031	5
ENSMMUG00000056487	0
ENSMMUG00000062851	0
ENSMMUG00000001369	3
ENSMMUG00000051108	2
ENSMMUG00000064182	0
ENSMMUG00000023963	0
ENSMMUG00000023775	7
ENSMMUG00000063879	0
ENSMMUG00000035633	2
ENSMMUG00000064565	0
ENSMMUG00000054838	0
ENSMMUG00000022673	3
ENSMMUG00000041045	0
ENSMMUG00000049320	0
ENSMMUG00000011361	0
ENSMMUG00000004404	0
ENSMMUG00000058812	0
ENSMMUG00000064840	0
ENSMMUG00000050994	0
ENSMMUG00000034830	0
ENSMMUG00000017659	10
ENSMMUG00000022674	58
ENSMMUG00000057723	0
ENSMMUG00000022694	30
ENSMMUG00000064893	0
ENSMMUG00000051184	0
ENSMMUG00000023084	0
ENSMMUG00000058588	0
ENSMMUG00000049551	0
ENSMMUG00000054756	0
ENSMMUG00000055972	0
ENSMMUG00000050874	0
ENSMMUG00000038924	0
ENSMMUG00000054962	0
ENSMMUG00000018445	0
ENSMMUG00000056116	0
ENSMMUG00000031449	0
ENSMMUG00000022693	25
ENSMMUG00000064126	0
ENSMMUG00000044156	0
ENSMMUG00000058488	0
ENSMMUG00000059508	0
ENSMMUG00000055585	11
ENSMMUG00000061617	0
ENSMMUG00000023125	126
ENSMMUG00000017310	0
ENSMMUG00000000056	34
ENSMMUG00000052546	0
ENSMMUG00000054827	0
ENSMMUG00000017282	0
ENSMMUG00000058695	7
ENSMMUG00000019100	0
ENSMMUG00000000055	1
ENSMMUG00000052768	0
ENSMMUG00000045063	0
ENSMMUG00000045268	11
ENSMMUG00000053434	0
ENSMMUG00000054597	0
ENSMMUG00000004035	0
ENSMMUG00000022692	0
ENSMMUG00000023124	137
ENSMMUG00000004034	0
ENSMMUG00000053301	1
ENSMMUG00000051896	5
ENSMMUG00000054814	0
ENSMMUG00000045798	0
ENSMMUG00000052342	0
ENSMMUG00000064030	2
ENSMMUG00000021637	10
ENSMMUG00000052108	0
ENSMMUG00000022690	0
ENSMMUG00000028427	0
ENSMMUG00000003773	6
ENSMMUG00000019327	1
ENSMMUG00000057449	0
ENSMMUG00000055671	584
ENSMMUG00000025352	0
ENSMMUG00000050126	214
ENSMMUG00000051521	0
ENSMMUG00000057275	0
ENSMMUG00000003774	0
ENSMMUG00000037809	0
ENSMMUG00000058936	0
ENSMMUG00000061769	0
ENSMMUG00000012033	5
ENSMMUG00000015877	0
ENSMMUG00000017291	16
ENSMMUG00000006340	2
ENSMMUG00000035191	50
ENSMMUG00000021288	0
ENSMMUG00000002259	128
ENSMMUG00000006342	2
ENSMMUG00000050531	45
ENSMMUG00000027102	0
ENSMMUG00000026920	0
ENSMMUG00000064545	13
ENSMMUG00000019324	0
ENSMMUG00000049445	0
ENSMMUG00000027403	0
ENSMMUG00000052727	0
ENSMMUG00000054145	0
ENSMMUG00000055096	0
ENSMMUG00000056071	0
ENSMMUG00000058559	0
ENSMMUG00000062011	0
ENSMMUG00000049913	0
ENSMMUG00000018083	0
ENSMMUG00000044822	0
ENSMMUG00000065101	0
ENSMMUG00000060127	0
ENSMMUG00000007825	37
ENSMMUG00000014780	0
ENSMMUG00000064882	0
ENSMMUG00000060958	0
ENSMMUG00000053280	0
ENSMMUG00000031409	6
ENSMMUG00000051404	0
ENSMMUG00000051022	0
ENSMMUG00000051809	0
ENSMMUG00000052172	0
ENSMMUG00000016584	0
ENSMMUG00000052579	0
ENSMMUG00000018446	0
ENSMMUG00000058701	0
ENSMMUG00000035915	0
ENSMMUG00000014798	13
ENSMMUG00000031560	0
ENSMMUG00000023820	0
ENSMMUG00000057337	0
ENSMMUG00000014790	0
ENSMMUG00000020762	30
ENSMMUG00000003540	1
ENSMMUG00000002327	0
ENSMMUG00000005156	5
ENSMMUG00000022519	26
ENSMMUG00000007371	3
ENSMMUG00000016585	5
ENSMMUG00000056687	0
ENSMMUG00000064687	0
ENSMMUG00000037478	0
ENSMMUG00000045393	0
ENSMMUG00000054570	0
ENSMMUG00000020761	0
ENSMMUG00000052246	0
ENSMMUG00000063060	0
ENSMMUG00000052350	0
ENSMMUG00000061240	1
ENSMMUG00000042215	0
ENSMMUG00000057573	0
ENSMMUG00000065064	9
ENSMMUG00000004933	0
ENSMMUG00000012609	0
ENSMMUG00000034975	16
ENSMMUG00000007367	26
ENSMMUG00000057401	0
ENSMMUG00000006661	27
ENSMMUG00000036319	0
ENSMMUG00000048125	0
ENSMMUG00000037957	0
ENSMMUG00000056442	17
ENSMMUG00000060461	0
ENSMMUG00000006658	28
ENSMMUG00000000067	3
ENSMMUG00000050449	9
ENSMMUG00000059124	31
ENSMMUG00000031489	0
ENSMMUG00000004280	5
ENSMMUG00000002827	0
ENSMMUG00000012002	2
ENSMMUG00000034669	0
ENSMMUG00000060018	0
ENSMMUG00000065285	0
ENSMMUG00000052831	1
ENSMMUG00000011029	0
ENSMMUG00000020377	0
ENSMMUG00000050595	0
ENSMMUG00000040631	0
ENSMMUG00000033582	0
ENSMMUG00000025300	1
ENSMMUG00000012005	0
ENSMMUG00000047816	0
ENSMMUG00000052155	0
ENSMMUG00000020294	0
ENSMMUG00000051676	0
ENSMMUG00000061374	0
ENSMMUG00000014898	0
ENSMMUG00000053519	0
ENSMMUG00000053601	0
ENSMMUG00000037702	0
ENSMMUG00000004353	0
ENSMMUG00000004352	0
ENSMMUG00000002021	0
ENSMMUG00000003644	0
ENSMMUG00000022203	3
ENSMMUG00000022204	1
ENSMMUG00000022205	0
ENSMMUG00000005137	16
ENSMMUG00000019657	13
ENSMMUG00000003646	0
ENSMMUG00000025754	20
ENSMMUG00000005300	3
ENSMMUG00000005142	68
ENSMMUG00000012485	0
ENSMMUG00000055184	0
ENSMMUG00000059947	1
ENSMMUG00000001154	0
ENSMMUG00000054642	0
ENSMMUG00000063197	0
ENSMMUG00000060956	0
ENSMMUG00000005596	41
ENSMMUG00000012263	0
ENSMMUG00000047685	8
ENSMMUG00000008236	49
ENSMMUG00000008234	16
ENSMMUG00000027061	0
ENSMMUG00000016971	12
ENSMMUG00000027031	0
ENSMMUG00000002889	5
ENSMMUG00000062010	0
ENSMMUG00000001714	0
ENSMMUG00000007780	0
ENSMMUG00000004203	0
ENSMMUG00000004201	0
ENSMMUG00000004197	0
ENSMMUG00000033692	0
ENSMMUG00000040565	0
ENSMMUG00000018494	0
ENSMMUG00000042652	0
ENSMMUG00000057383	0
ENSMMUG00000063738	0
ENSMMUG00000045514	0
ENSMMUG00000063279	0
ENSMMUG00000055180	0
ENSMMUG00000054731	0
ENSMMUG00000042444	0
ENSMMUG00000004195	0
ENSMMUG00000001814	0
ENSMMUG00000062692	2
ENSMMUG00000026365	0
ENSMMUG00000009699	0
ENSMMUG00000009571	0
ENSMMUG00000004192	28
ENSMMUG00000053020	0
ENSMMUG00000049350	0
ENSMMUG00000009703	0
ENSMMUG00000022507	0
ENSMMUG00000060249	0
ENSMMUG00000020013	0
ENSMMUG00000003721	0
ENSMMUG00000016959	1
ENSMMUG00000049548	0
ENSMMUG00000025827	4
ENSMMUG00000012488	0
ENSMMUG00000024216	0
ENSMMUG00000020014	3
ENSMMUG00000054318	0
ENSMMUG00000035353	0
ENSMMUG00000053944	0
ENSMMUG00000060756	0
ENSMMUG00000064384	0
ENSMMUG00000027785	0
ENSMMUG00000060348	0
ENSMMUG00000012661	0
ENSMMUG00000051810	123
ENSMMUG00000054982	0
ENSMMUG00000052582	0
ENSMMUG00000044765	0
ENSMMUG00000021241	0
ENSMMUG00000026804	0
ENSMMUG00000064686	0
ENSMMUG00000016842	10
ENSMMUG00000012847	0
ENSMMUG00000042383	0
ENSMMUG00000017307	66
ENSMMUG00000024730	0
ENSMMUG00000042181	0
ENSMMUG00000061311	3
ENSMMUG00000064329	1
ENSMMUG00000056933	3
ENSMMUG00000003943	6
ENSMMUG00000008360	7
ENSMMUG00000059653	3
ENSMMUG00000011613	0
ENSMMUG00000052136	3
ENSMMUG00000017125	13
ENSMMUG00000011106	0
ENSMMUG00000025043	11
ENSMMUG00000053461	0
ENSMMUG00000051708	0
ENSMMUG00000001169	0
ENSMMUG00000048732	0
ENSMMUG00000059967	0
ENSMMUG00000064581	0
ENSMMUG00000032005	0
ENSMMUG00000055011	8
ENSMMUG00000063958	0
ENSMMUG00000007808	2
ENSMMUG00000014184	0
ENSMMUG00000014516	0
ENSMMUG00000032009	0
ENSMMUG00000003851	0
ENSMMUG00000006115	3
ENSMMUG00000006116	0
ENSMMUG00000006117	236
ENSMMUG00000006120	157
ENSMMUG00000006114	22
ENSMMUG00000004539	3
ENSMMUG00000010628	3
ENSMMUG00000055626	0
ENSMMUG00000034849	0
ENSMMUG00000036576	0
ENSMMUG00000010350	0
ENSMMUG00000018280	0
ENSMMUG00000018281	0
ENSMMUG00000018282	9
ENSMMUG00000058971	0
ENSMMUG00000018285	15
ENSMMUG00000064579	0
ENSMMUG00000062777	1
ENSMMUG00000008301	0
ENSMMUG00000014818	0
ENSMMUG00000018289	2
ENSMMUG00000018290	2
ENSMMUG00000024425	0
ENSMMUG00000060946	2
ENSMMUG00000031981	3
ENSMMUG00000008966	0
ENSMMUG00000025650	0
ENSMMUG00000062073	0
ENSMMUG00000064330	4
ENSMMUG00000002232	0
ENSMMUG00000002230	25
ENSMMUG00000007702	0
ENSMMUG00000007696	0
ENSMMUG00000061169	17
ENSMMUG00000010034	1
ENSMMUG00000022573	0
ENSMMUG00000024238	0
ENSMMUG00000008969	4
ENSMMUG00000045652	1
ENSMMUG00000054242	0
ENSMMUG00000058894	10
ENSMMUG00000061657	0
ENSMMUG00000022572	8
ENSMMUG00000056789	0
ENSMMUG00000050982	0
ENSMMUG00000019932	0
ENSMMUG00000056830	25
ENSMMUG00000022569	9
ENSMMUG00000053054	10
ENSMMUG00000058550	0
ENSMMUG00000019933	5
ENSMMUG00000065159	109
ENSMMUG00000019936	42
ENSMMUG00000019938	1
ENSMMUG00000020547	0
ENSMMUG00000056594	19
ENSMMUG00000016381	40
ENSMMUG00000050704	4
ENSMMUG00000016379	11
ENSMMUG00000033513	0
ENSMMUG00000050182	0
ENSMMUG00000050157	0
ENSMMUG00000016378	2
ENSMMUG00000005916	0
ENSMMUG00000016377	1
ENSMMUG00000047586	0
ENSMMUG00000056258	0
ENSMMUG00000056997	0
ENSMMUG00000063688	0
ENSMMUG00000005917	0
ENSMMUG00000056308	1
ENSMMUG00000021804	40
ENSMMUG00000021806	49
ENSMMUG00000058995	0
ENSMMUG00000052503	0
ENSMMUG00000054554	0
ENSMMUG00000036467	0
ENSMMUG00000059724	0
ENSMMUG00000050580	0
ENSMMUG00000053157	0
ENSMMUG00000063569	0
ENSMMUG00000055608	0
ENSMMUG00000057366	0
ENSMMUG00000051986	0
ENSMMUG00000065132	0
ENSMMUG00000055522	0
ENSMMUG00000056405	0
ENSMMUG00000041421	0
ENSMMUG00000034271	0
ENSMMUG00000058164	0
ENSMMUG00000059946	0
ENSMMUG00000053390	67
ENSMMUG00000045266	0
ENSMMUG00000056566	0
ENSMMUG00000056562	0
ENSMMUG00000059133	78
ENSMMUG00000049655	0
ENSMMUG00000052390	0
ENSMMUG00000050713	0
ENSMMUG00000060898	0
ENSMMUG00000052258	0
ENSMMUG00000050968	0
ENSMMUG00000052799	0
ENSMMUG00000053343	0
ENSMMUG00000051777	0
ENSMMUG00000063327	0
ENSMMUG00000049936	53
ENSMMUG00000049598	0
ENSMMUG00000023099	1
ENSMMUG00000063385	0
ENSMMUG00000058551	0
ENSMMUG00000064977	0
ENSMMUG00000055079	2
ENSMMUG00000003833	0
ENSMMUG00000061562	0
ENSMMUG00000050153	0
ENSMMUG00000003282	0
ENSMMUG00000043952	0
ENSMMUG00000053607	0
ENSMMUG00000021147	0
ENSMMUG00000003831	0
ENSMMUG00000044585	0
ENSMMUG00000059536	0
ENSMMUG00000000827	0
ENSMMUG00000059263	0
ENSMMUG00000003285	0
ENSMMUG00000042918	0
ENSMMUG00000064178	0
ENSMMUG00000003830	0
ENSMMUG00000050600	0
ENSMMUG00000003286	5
ENSMMUG00000052794	0
ENSMMUG00000057622	0
ENSMMUG00000014185	0
ENSMMUG00000058448	0
ENSMMUG00000054928	0
ENSMMUG00000016949	0
ENSMMUG00000012624	115
ENSMMUG00000059748	0
ENSMMUG00000025709	0
ENSMMUG00000003827	0
ENSMMUG00000000828	0
ENSMMUG00000005016	0
ENSMMUG00000002614	0
ENSMMUG00000034006	0
ENSMMUG00000014781	0
ENSMMUG00000000829	4
ENSMMUG00000027025	0
ENSMMUG00000000790	2
ENSMMUG00000017670	0
ENSMMUG00000016919	9
ENSMMUG00000017788	11
ENSMMUG00000003319	6
ENSMMUG00000030380	52
ENSMMUG00000064472	0
ENSMMUG00000044429	24
ENSMMUG00000050465	0
ENSMMUG00000021162	0
ENSMMUG00000003363	5
ENSMMUG00000054925	106
ENSMMUG00000003373	0
ENSMMUG00000056032	0
ENSMMUG00000050565	0
ENSMMUG00000053542	0
ENSMMUG00000056216	0
ENSMMUG00000000789	0
ENSMMUG00000065169	0
ENSMMUG00000016754	3
ENSMMUG00000014173	0
ENSMMUG00000056667	0
ENSMMUG00000050528	1
ENSMMUG00000052832	0
ENSMMUG00000002418	0
ENSMMUG00000058295	0
ENSMMUG00000055278	0
ENSMMUG00000007968	0
ENSMMUG00000004471	12
ENSMMUG00000019963	0
ENSMMUG00000060244	0
ENSMMUG00000041612	0
ENSMMUG00000060972	0
ENSMMUG00000004898	0
ENSMMUG00000056467	0
ENSMMUG00000017977	0
ENSMMUG00000052194	0
ENSMMUG00000002419	0
ENSMMUG00000062219	0
ENSMMUG00000002755	1
ENSMMUG00000016368	0
ENSMMUG00000016747	0
ENSMMUG00000004432	0
ENSMMUG00000051996	0
ENSMMUG00000038104	0
ENSMMUG00000061930	0
ENSMMUG00000053917	1
ENSMMUG00000005569	0
ENSMMUG00000004433	8
ENSMMUG00000055695	0
ENSMMUG00000065298	0
ENSMMUG00000055625	0
ENSMMUG00000055427	0
ENSMMUG00000051406	0
ENSMMUG00000058194	0
ENSMMUG00000018536	0
ENSMMUG00000036302	0
ENSMMUG00000039442	0
ENSMMUG00000015087	4
ENSMMUG00000023241	0
ENSMMUG00000001844	0
ENSMMUG00000016366	35
ENSMMUG00000004437	10
ENSMMUG00000016362	0
ENSMMUG00000002756	2
ENSMMUG00000034790	20
ENSMMUG00000064445	0
ENSMMUG00000063836	0
ENSMMUG00000021161	0
ENSMMUG00000016029	0
ENSMMUG00000058229	0
ENSMMUG00000055013	0
ENSMMUG00000051965	0
ENSMMUG00000012053	0
ENSMMUG00000041217	0
ENSMMUG00000009637	5
ENSMMUG00000016360	7
ENSMMUG00000045833	0
ENSMMUG00000017221	27
ENSMMUG00000002612	0
ENSMMUG00000012123	263
ENSMMUG00000030337	94
ENSMMUG00000041333	0
ENSMMUG00000017222	14
ENSMMUG00000016358	0
ENSMMUG00000015353	89
ENSMMUG00000004785	0
ENSMMUG00000061813	0
ENSMMUG00000057764	0
ENSMMUG00000036724	0
ENSMMUG00000009194	0
ENSMMUG00000017223	33
ENSMMUG00000009925	4
ENSMMUG00000032300	0
ENSMMUG00000063426	0
ENSMMUG00000015507	0
ENSMMUG00000050616	0
ENSMMUG00000033169	0
ENSMMUG00000055132	0
ENSMMUG00000055797	1
ENSMMUG00000063912	0
ENSMMUG00000020856	0
ENSMMUG00000015350	0
ENSMMUG00000065084	2
ENSMMUG00000064578	0
ENSMMUG00000062929	0
ENSMMUG00000052018	0
ENSMMUG00000058609	22
ENSMMUG00000018384	0
ENSMMUG00000008323	7
ENSMMUG00000060440	0
ENSMMUG00000005382	0
ENSMMUG00000039875	0
ENSMMUG00000023427	1
ENSMMUG00000060556	7
ENSMMUG00000061388	0
ENSMMUG00000054895	0
ENSMMUG00000030280	1
ENSMMUG00000005380	3
ENSMMUG00000008357	0
ENSMMUG00000012175	0
ENSMMUG00000018943	0
ENSMMUG00000023244	0
ENSMMUG00000055935	0
ENSMMUG00000026721	0
ENSMMUG00000038497	0
ENSMMUG00000057528	0
ENSMMUG00000037419	0
ENSMMUG00000028282	0
ENSMMUG00000018939	0
ENSMMUG00000005447	0
ENSMMUG00000055469	0
ENSMMUG00000000380	0
ENSMMUG00000050323	0
ENSMMUG00000057637	0
ENSMMUG00000052845	0
ENSMMUG00000051731	0
ENSMMUG00000055432	0
ENSMMUG00000065024	0
ENSMMUG00000063504	0
ENSMMUG00000008579	0
ENSMMUG00000051316	0
ENSMMUG00000008363	0
ENSMMUG00000045222	0
ENSMMUG00000032303	0
ENSMMUG00000005522	3
ENSMMUG00000012176	36
ENSMMUG00000057700	0
ENSMMUG00000023914	0
ENSMMUG00000058967	0
ENSMMUG00000039297	0
ENSMMUG00000022018	0
ENSMMUG00000024793	0
ENSMMUG00000063856	69
ENSMMUG00000040335	0
ENSMMUG00000064450	1
ENSMMUG00000043692	0
ENSMMUG00000022019	0
ENSMMUG00000006271	0
ENSMMUG00000051109	1
ENSMMUG00000011191	17
ENSMMUG00000062629	0
ENSMMUG00000024539	0
ENSMMUG00000004465	375
ENSMMUG00000053730	0
ENSMMUG00000003986	0
ENSMMUG00000064707	0
ENSMMUG00000028422	0
ENSMMUG00000001919	0
ENSMMUG00000052280	0
ENSMMUG00000055386	0
ENSMMUG00000052716	0
ENSMMUG00000013816	0
ENSMMUG00000013342	0
ENSMMUG00000058714	0
ENSMMUG00000049969	0
ENSMMUG00000019945	15
ENSMMUG00000050388	1
ENSMMUG00000012177	7
ENSMMUG00000022900	0
ENSMMUG00000050249	50
ENSMMUG00000013340	0
ENSMMUG00000037069	0
ENSMMUG00000062288	0
ENSMMUG00000061962	0
ENSMMUG00000053321	64
ENSMMUG00000022901	0
ENSMMUG00000003659	1
ENSMMUG00000022311	0
ENSMMUG00000019948	2
ENSMMUG00000063624	1
ENSMMUG00000001752	0
ENSMMUG00000064692	3
ENSMMUG00000022312	19
ENSMMUG00000026084	0
ENSMMUG00000037304	0
ENSMMUG00000009324	10
ENSMMUG00000004977	113
ENSMMUG00000039163	0
ENSMMUG00000001918	4
ENSMMUG00000051707	0
ENSMMUG00000056982	0
ENSMMUG00000023945	0
ENSMMUG00000004979	25
ENSMMUG00000010113	9
ENSMMUG00000058400	0
ENSMMUG00000008514	0
ENSMMUG00000042506	0
ENSMMUG00000061061	0
ENSMMUG00000056393	0
ENSMMUG00000046942	16
ENSMMUG00000025835	0
ENSMMUG00000057204	0
ENSMMUG00000059885	0
ENSMMUG00000012669	0
ENSMMUG00000010967	0
ENSMMUG00000018272	0
ENSMMUG00000008510	13
ENSMMUG00000027318	0
ENSMMUG00000014953	0
ENSMMUG00000046843	0
ENSMMUG00000058607	0
ENSMMUG00000060342	0
ENSMMUG00000009816	34
ENSMMUG00000008501	5
ENSMMUG00000054500	0
ENSMMUG00000060048	0
ENSMMUG00000059659	0
ENSMMUG00000041315	0
ENSMMUG00000049766	0
ENSMMUG00000038114	0
ENSMMUG00000014955	3
ENSMMUG00000050213	0
ENSMMUG00000054060	0
ENSMMUG00000061006	0
ENSMMUG00000009944	1
ENSMMUG00000049285	0
ENSMMUG00000008834	5
ENSMMUG00000060907	6
ENSMMUG00000022003	5
ENSMMUG00000027579	1
ENSMMUG00000001081	0
ENSMMUG00000064832	3
ENSMMUG00000059785	1
ENSMMUG00000003234	0
ENSMMUG00000063315	0
ENSMMUG00000008553	1
ENSMMUG00000020317	0
ENSMMUG00000032304	0
ENSMMUG00000061064	0
ENSMMUG00000057844	0
ENSMMUG00000063123	0
ENSMMUG00000043198	0
ENSMMUG00000060414	0
ENSMMUG00000056077	0
ENSMMUG00000042411	0
ENSMMUG00000009652	0
ENSMMUG00000027898	0
ENSMMUG00000034715	0
ENSMMUG00000036184	0
ENSMMUG00000050049	0
ENSMMUG00000062670	0
ENSMMUG00000001156	0
ENSMMUG00000061992	0
ENSMMUG00000022099	1
ENSMMUG00000015472	34
ENSMMUG00000013851	1
ENSMMUG00000052117	0
ENSMMUG00000003025	0
ENSMMUG00000052743	0
ENSMMUG00000009817	29
ENSMMUG00000019386	0
ENSMMUG00000055448	0
ENSMMUG00000061054	0
ENSMMUG00000051499	0
ENSMMUG00000002465	0
ENSMMUG00000059119	0
ENSMMUG00000015473	2
ENSMMUG00000048558	1
ENSMMUG00000054206	0
ENSMMUG00000047859	0
ENSMMUG00000001485	0
ENSMMUG00000062850	0
ENSMMUG00000017395	0
ENSMMUG00000006708	0
ENSMMUG00000032306	0
ENSMMUG00000058171	44
ENSMMUG00000039866	0
ENSMMUG00000051665	0
ENSMMUG00000006031	0
ENSMMUG00000037164	0
ENSMMUG00000040327	0
ENSMMUG00000048621	0
ENSMMUG00000038501	0
ENSMMUG00000062248	0
ENSMMUG00000001892	5
ENSMMUG00000051502	1
ENSMMUG00000040759	0
ENSMMUG00000055862	0
ENSMMUG00000006029	0
ENSMMUG00000054618	3
ENSMMUG00000055548	0
ENSMMUG00000003518	0
ENSMMUG00000015777	0
ENSMMUG00000007948	1
ENSMMUG00000022269	0
ENSMMUG00000058537	0
ENSMMUG00000039753	0
ENSMMUG00000053790	0
ENSMMUG00000020324	3
ENSMMUG00000048868	0
ENSMMUG00000062489	0
ENSMMUG00000024882	0
ENSMMUG00000048823	0
ENSMMUG00000036979	8
ENSMMUG00000063732	0
ENSMMUG00000060423	0
ENSMMUG00000008547	0
ENSMMUG00000004849	0
ENSMMUG00000013158	2
ENSMMUG00000047324	0
ENSMMUG00000060484	1
ENSMMUG00000004667	0
ENSMMUG00000003519	57
ENSMMUG00000011325	1
ENSMMUG00000004448	0
ENSMMUG00000035242	14
ENSMMUG00000052348	0
ENSMMUG00000062115	0
ENSMMUG00000062057	0
ENSMMUG00000033227	4
ENSMMUG00000065133	0
ENSMMUG00000049988	0
ENSMMUG00000062744	0
ENSMMUG00000054879	0
ENSMMUG00000030261	0
ENSMMUG00000021074	0
ENSMMUG00000027360	0
ENSMMUG00000004183	0
ENSMMUG00000053504	0
ENSMMUG00000050588	0
ENSMMUG00000049170	0
ENSMMUG00000056575	0
ENSMMUG00000003520	0
ENSMMUG00000055659	0
ENSMMUG00000042619	0
ENSMMUG00000007966	14
ENSMMUG00000036519	0
ENSMMUG00000000337	0
ENSMMUG00000056682	0
ENSMMUG00000014773	0
ENSMMUG00000004647	6
ENSMMUG00000019859	0
ENSMMUG00000024436	0
ENSMMUG00000047053	0
ENSMMUG00000002366	0
ENSMMUG00000048393	0
ENSMMUG00000053709	0
ENSMMUG00000063326	0
ENSMMUG00000055876	0
ENSMMUG00000010347	0
ENSMMUG00000055347	0
ENSMMUG00000011323	0
ENSMMUG00000049525	1
ENSMMUG00000000359	0
ENSMMUG00000014335	3
ENSMMUG00000002367	0
ENSMMUG00000042925	0
ENSMMUG00000004983	67
ENSMMUG00000060592	0
ENSMMUG00000012355	0
ENSMMUG00000060519	0
ENSMMUG00000022242	20
ENSMMUG00000032010	1
ENSMMUG00000009819	0
ENSMMUG00000009067	0
ENSMMUG00000015407	0
ENSMMUG00000022244	25
ENSMMUG00000051357	14
ENSMMUG00000004984	3
ENSMMUG00000056021	2
ENSMMUG00000051168	4
ENSMMUG00000004644	13
ENSMMUG00000003333	8
ENSMMUG00000008379	85
ENSMMUG00000022246	2
ENSMMUG00000055707	0
ENSMMUG00000061733	0
ENSMMUG00000054193	77
ENSMMUG00000011103	0
ENSMMUG00000062120	0
ENSMMUG00000002667	0
ENSMMUG00000021988	0
ENSMMUG00000062999	1
ENSMMUG00000007366	0
ENSMMUG00000002265	0
ENSMMUG00000033148	0
ENSMMUG00000014501	112
ENSMMUG00000017768	9
ENSMMUG00000011639	37
ENSMMUG00000063266	0
ENSMMUG00000060760	39
ENSMMUG00000008383	154
ENSMMUG00000036099	18
ENSMMUG00000060914	0
ENSMMUG00000041520	0
ENSMMUG00000050567	0
ENSMMUG00000027387	0
ENSMMUG00000030046	0
ENSMMUG00000049867	1
ENSMMUG00000052171	0
ENSMMUG00000056497	11
ENSMMUG00000006702	0
ENSMMUG00000062221	14
ENSMMUG00000055791	522
ENSMMUG00000008385	12
ENSMMUG00000041326	41
ENSMMUG00000059836	4
ENSMMUG00000049814	0
ENSMMUG00000022218	3
ENSMMUG00000015733	0
ENSMMUG00000049161	0
ENSMMUG00000025079	0
ENSMMUG00000051902	0
ENSMMUG00000024316	0
ENSMMUG00000016660	0
ENSMMUG00000004196	0
ENSMMUG00000025882	0
ENSMMUG00000025863	0
ENSMMUG00000052069	0
ENSMMUG00000044078	0
ENSMMUG00000060842	0
ENSMMUG00000053146	1
ENSMMUG00000061782	0
ENSMMUG00000003488	0
ENSMMUG00000054799	0
ENSMMUG00000064721	0
ENSMMUG00000063857	16
ENSMMUG00000048996	0
ENSMMUG00000052287	0
ENSMMUG00000062569	27
ENSMMUG00000044628	0
ENSMMUG00000059315	0
ENSMMUG00000030358	0
ENSMMUG00000047526	0
ENSMMUG00000036673	0
ENSMMUG00000040680	0
ENSMMUG00000053909	0
ENSMMUG00000036851	0
ENSMMUG00000062082	0
ENSMMUG00000018184	9
ENSMMUG00000061067	0
ENSMMUG00000040113	0
ENSMMUG00000012036	2
ENSMMUG00000047563	0
ENSMMUG00000010581	1
ENSMMUG00000053608	0
ENSMMUG00000024348	0
ENSMMUG00000059030	0
ENSMMUG00000030357	0
ENSMMUG00000006309	0
ENSMMUG00000012561	24
ENSMMUG00000008392	9
ENSMMUG00000021359	0
ENSMMUG00000059742	0
ENSMMUG00000035422	0
ENSMMUG00000052675	0
ENSMMUG00000043479	0
ENSMMUG00000051608	0
ENSMMUG00000064186	0
ENSMMUG00000056627	0
ENSMMUG00000013502	0
ENSMMUG00000012563	0
ENSMMUG00000060488	0
ENSMMUG00000048263	0
ENSMMUG00000060919	0
ENSMMUG00000027981	0
ENSMMUG00000055205	0
ENSMMUG00000062408	4
ENSMMUG00000050730	0
ENSMMUG00000053881	0
ENSMMUG00000057349	7
ENSMMUG00000046720	0
ENSMMUG00000064386	5
ENSMMUG00000056921	9
ENSMMUG00000026795	0
ENSMMUG00000059490	0
ENSMMUG00000064107	0
ENSMMUG00000020692	0
ENSMMUG00000061581	0
ENSMMUG00000030042	0
ENSMMUG00000022417	4
ENSMMUG00000017401	73
ENSMMUG00000001841	3
ENSMMUG00000049759	0
ENSMMUG00000009033	0
ENSMMUG00000011702	2
ENSMMUG00000062510	5
ENSMMUG00000055818	0
ENSMMUG00000064731	0
ENSMMUG00000063972	0
ENSMMUG00000061998	0
ENSMMUG00000021999	37
ENSMMUG00000017393	0
ENSMMUG00000026747	0
ENSMMUG00000056317	0
ENSMMUG00000052063	0
ENSMMUG00000011066	1
ENSMMUG00000021998	2
ENSMMUG00000053665	0
ENSMMUG00000056543	0
ENSMMUG00000025266	0
ENSMMUG00000060639	0
ENSMMUG00000037700	0
ENSMMUG00000054013	0
ENSMMUG00000051329	0
ENSMMUG00000051461	0
ENSMMUG00000051830	0
ENSMMUG00000055932	0
ENSMMUG00000056698	0
ENSMMUG00000062329	0
ENSMMUG00000049109	0
ENSMMUG00000011062	10
ENSMMUG00000063075	1
ENSMMUG00000052882	0
ENSMMUG00000034845	0
ENSMMUG00000001824	0
ENSMMUG00000021762	0
ENSMMUG00000059074	0
ENSMMUG00000053045	0
ENSMMUG00000049861	0
ENSMMUG00000032849	0
ENSMMUG00000007951	3
ENSMMUG00000003552	17
ENSMMUG00000055376	0
ENSMMUG00000027662	0
ENSMMUG00000055577	0
ENSMMUG00000032928	0
ENSMMUG00000055441	0
ENSMMUG00000011059	1
ENSMMUG00000057409	0
ENSMMUG00000051046	1
ENSMMUG00000009820	0
ENSMMUG00000039058	0
ENSMMUG00000023333	0
ENSMMUG00000022355	13
ENSMMUG00000048378	0
ENSMMUG00000051654	0
ENSMMUG00000013071	0
ENSMMUG00000030139	0
ENSMMUG00000023954	0
ENSMMUG00000034526	0
ENSMMUG00000011632	0
ENSMMUG00000011633	0
ENSMMUG00000015242	0
ENSMMUG00000011634	0
ENSMMUG00000007805	0
ENSMMUG00000034684	0
ENSMMUG00000018050	0
ENSMMUG00000015244	0
ENSMMUG00000058274	0
ENSMMUG00000060970	0
ENSMMUG00000043857	0
ENSMMUG00000019784	3
ENSMMUG00000036309	0
ENSMMUG00000015246	0
ENSMMUG00000003629	4
ENSMMUG00000032881	0
ENSMMUG00000035116	0
ENSMMUG00000063460	0
ENSMMUG00000054844	0
ENSMMUG00000010444	0
ENSMMUG00000018051	0
ENSMMUG00000060157	1
ENSMMUG00000019473	0
ENSMMUG00000050310	0
ENSMMUG00000004458	0
ENSMMUG00000063746	0
ENSMMUG00000019092	0
ENSMMUG00000061059	0
ENSMMUG00000058772	0
ENSMMUG00000040740	0
ENSMMUG00000003697	0
ENSMMUG00000061831	0
ENSMMUG00000038103	5
ENSMMUG00000037703	0
ENSMMUG00000008398	0
ENSMMUG00000020861	0
ENSMMUG00000007154	0
ENSMMUG00000020860	0
ENSMMUG00000016922	3
ENSMMUG00000007162	0
ENSMMUG00000028019	0
ENSMMUG00000054485	0
ENSMMUG00000051296	0
ENSMMUG00000025764	0
ENSMMUG00000062761	0
ENSMMUG00000016921	0
ENSMMUG00000020940	5
ENSMMUG00000051198	0
ENSMMUG00000046062	0
ENSMMUG00000051776	0
ENSMMUG00000065275	0
ENSMMUG00000022781	0
ENSMMUG00000056163	0
ENSMMUG00000062584	0
ENSMMUG00000054707	0
ENSMMUG00000055060	0
ENSMMUG00000050948	52
ENSMMUG00000053638	0
ENSMMUG00000022782	0
ENSMMUG00000049554	0
ENSMMUG00000020204	3
ENSMMUG00000021135	0
ENSMMUG00000054217	0
ENSMMUG00000057051	0
ENSMMUG00000052960	0
ENSMMUG00000020203	22
ENSMMUG00000015808	0
ENSMMUG00000064942	0
ENSMMUG00000060830	0
ENSMMUG00000020349	0
ENSMMUG00000023394	3
ENSMMUG00000057646	0
ENSMMUG00000023393	3
ENSMMUG00000006680	0
ENSMMUG00000060398	0
ENSMMUG00000061919	5
ENSMMUG00000049602	0
ENSMMUG00000053466	0
ENSMMUG00000006237	0
ENSMMUG00000015828	2
ENSMMUG00000006236	0
ENSMMUG00000058760	0
ENSMMUG00000062398	3
ENSMMUG00000057541	0
ENSMMUG00000049298	0
ENSMMUG00000006234	0
ENSMMUG00000049348	0
ENSMMUG00000023242	0
ENSMMUG00000002782	0
ENSMMUG00000019239	0
ENSMMUG00000058866	0
ENSMMUG00000002783	0
ENSMMUG00000002785	2
ENSMMUG00000000960	8
ENSMMUG00000002211	42
ENSMMUG00000055828	0
ENSMMUG00000037348	0
ENSMMUG00000058955	0
ENSMMUG00000017761	1
ENSMMUG00000025407	0
ENSMMUG00000057711	0
ENSMMUG00000017762	0
ENSMMUG00000009439	0
ENSMMUG00000058075	0
ENSMMUG00000035565	0
ENSMMUG00000049640	0
ENSMMUG00000055737	0
ENSMMUG00000055119	0
ENSMMUG00000051486	0
ENSMMUG00000001384	1
ENSMMUG00000051768	0
ENSMMUG00000055535	0
ENSMMUG00000025643	0
ENSMMUG00000060404	0
ENSMMUG00000053947	0
ENSMMUG00000016767	0
ENSMMUG00000001341	2
ENSMMUG00000056112	0
ENSMMUG00000052076	0
ENSMMUG00000055223	0
ENSMMUG00000002212	2
ENSMMUG00000022672	0
ENSMMUG00000055925	0
ENSMMUG00000049851	0
ENSMMUG00000043815	0
ENSMMUG00000036342	0
ENSMMUG00000057741	0
ENSMMUG00000059577	0
ENSMMUG00000062561	0
ENSMMUG00000053853	4
ENSMMUG00000052404	0
ENSMMUG00000064118	0
ENSMMUG00000064019	0
ENSMMUG00000057905	0
ENSMMUG00000060838	0
ENSMMUG00000037404	0
ENSMMUG00000030400	0
ENSMMUG00000009383	174
ENSMMUG00000022025	0
ENSMMUG00000061861	0
ENSMMUG00000062096	0
ENSMMUG00000058215	0
ENSMMUG00000022027	9
ENSMMUG00000013984	0
ENSMMUG00000009388	3
ENSMMUG00000056838	29
ENSMMUG00000061298	0
ENSMMUG00000049140	2
ENSMMUG00000051191	2
ENSMMUG00000015294	0
ENSMMUG00000015298	2
ENSMMUG00000052179	0
ENSMMUG00000008162	0
ENSMMUG00000008163	1
ENSMMUG00000048727	0
ENSMMUG00000008164	9
ENSMMUG00000059668	0
ENSMMUG00000008341	0
ENSMMUG00000027050	0
ENSMMUG00000004571	8
ENSMMUG00000001747	0
ENSMMUG00000043581	0
ENSMMUG00000008342	15
ENSMMUG00000022416	0
ENSMMUG00000044289	0
ENSMMUG00000013106	18
ENSMMUG00000055004	0
ENSMMUG00000051974	0
ENSMMUG00000055533	0
ENSMMUG00000023116	0
ENSMMUG00000064900	18
ENSMMUG00000049270	5
ENSMMUG00000017001	0
ENSMMUG00000051968	1
ENSMMUG00000017000	1
ENSMMUG00000063164	0
ENSMMUG00000058192	0
ENSMMUG00000039441	176
ENSMMUG00000059101	8
ENSMMUG00000055414	1
ENSMMUG00000063009	3
ENSMMUG00000063428	0
ENSMMUG00000056822	0
ENSMMUG00000061534	0
ENSMMUG00000030101	0
ENSMMUG00000028178	0
ENSMMUG00000060116	0
ENSMMUG00000003726	0
ENSMMUG00000002676	6
ENSMMUG00000005730	5
ENSMMUG00000032702	0
ENSMMUG00000032726	0
ENSMMUG00000063733	0
ENSMMUG00000059421	9
ENSMMUG00000005731	0
ENSMMUG00000003187	1
ENSMMUG00000053034	0
ENSMMUG00000064012	0
ENSMMUG00000005732	2
ENSMMUG00000016999	1
ENSMMUG00000003734	0
ENSMMUG00000059657	0
ENSMMUG00000053953	6
ENSMMUG00000006026	0
ENSMMUG00000018067	186
ENSMMUG00000014076	10
ENSMMUG00000058058	0
ENSMMUG00000056606	0
ENSMMUG00000018070	10
ENSMMUG00000051677	207
ENSMMUG00000002401	0
ENSMMUG00000014080	1
ENSMMUG00000063776	0
ENSMMUG00000062155	0
ENSMMUG00000049992	0
ENSMMUG00000021886	2
ENSMMUG00000021887	0
ENSMMUG00000060117	0
ENSMMUG00000064424	0
ENSMMUG00000060097	9
ENSMMUG00000018073	0
ENSMMUG00000021695	1
ENSMMUG00000053541	2
ENSMMUG00000064997	0
ENSMMUG00000019040	0
ENSMMUG00000019041	0
ENSMMUG00000063661	0
ENSMMUG00000005298	3
ENSMMUG00000057338	0
ENSMMUG00000047307	0
ENSMMUG00000019043	1
ENSMMUG00000002399	0
ENSMMUG00000019047	11
ENSMMUG00000055763	0
ENSMMUG00000032776	0
ENSMMUG00000051276	0
ENSMMUG00000011114	0
ENSMMUG00000051138	0
ENSMMUG00000009680	0
ENSMMUG00000064660	0
ENSMMUG00000013416	0
ENSMMUG00000011111	0
ENSMMUG00000062151	0
ENSMMUG00000011110	0
ENSMMUG00000058934	0
ENSMMUG00000008793	0
ENSMMUG00000041800	0
ENSMMUG00000026128	0
ENSMMUG00000008795	14
ENSMMUG00000060372	79
ENSMMUG00000013414	2
ENSMMUG00000020931	1
ENSMMUG00000048816	0
ENSMMUG00000060723	0
ENSMMUG00000064426	0
ENSMMUG00000011048	0
ENSMMUG00000021347	0
ENSMMUG00000054027	0
ENSMMUG00000064899	0
ENSMMUG00000057111	0
ENSMMUG00000058834	0
ENSMMUG00000059233	0
ENSMMUG00000056828	0
ENSMMUG00000056162	0
ENSMMUG00000048837	0
ENSMMUG00000015099	0
ENSMMUG00000050931	0
ENSMMUG00000008797	0
ENSMMUG00000053048	0
ENSMMUG00000059629	0
ENSMMUG00000051796	0
ENSMMUG00000065329	0
ENSMMUG00000032295	0
ENSMMUG00000047256	0
ENSMMUG00000020330	0
ENSMMUG00000051381	0
ENSMMUG00000002145	22
ENSMMUG00000039020	0
ENSMMUG00000042588	0
ENSMMUG00000017457	0
ENSMMUG00000044468	0
ENSMMUG00000002146	76
ENSMMUG00000054023	0
ENSMMUG00000064587	2255
ENSMMUG00000050880	4
ENSMMUG00000039094	0
ENSMMUG00000028039	0
ENSMMUG00000034107	0
ENSMMUG00000063665	0
ENSMMUG00000062899	0
ENSMMUG00000032865	4
ENSMMUG00000052327	0
ENSMMUG00000002331	4
ENSMMUG00000018490	0
ENSMMUG00000004561	0
ENSMMUG00000056062	0
ENSMMUG00000023152	0
ENSMMUG00000045243	0
ENSMMUG00000027683	0
ENSMMUG00000062799	0
ENSMMUG00000055318	19
ENSMMUG00000026353	0
ENSMMUG00000019563	0
ENSMMUG00000018493	0
ENSMMUG00000051060	0
ENSMMUG00000065105	0
ENSMMUG00000039869	0
ENSMMUG00000010314	15
ENSMMUG00000057703	0
ENSMMUG00000052296	0
ENSMMUG00000052633	0
ENSMMUG00000009001	62
ENSMMUG00000010316	18
ENSMMUG00000050448	1
ENSMMUG00000058247	0
ENSMMUG00000056396	0
ENSMMUG00000010318	159
ENSMMUG00000043768	0
ENSMMUG00000036561	0
ENSMMUG00000058698	250
ENSMMUG00000010138	8
ENSMMUG00000041942	0
ENSMMUG00000049810	0
ENSMMUG00000023149	0
ENSMMUG00000030153	0
ENSMMUG00000056568	0
ENSMMUG00000027698	0
ENSMMUG00000007193	0
ENSMMUG00000056981	0
ENSMMUG00000056453	0
ENSMMUG00000024534	0
ENSMMUG00000065314	0
ENSMMUG00000058544	54
ENSMMUG00000064375	0
ENSMMUG00000008362	0
ENSMMUG00000010141	94
ENSMMUG00000064717	0
ENSMMUG00000036373	0
ENSMMUG00000056152	0
ENSMMUG00000046619	0
ENSMMUG00000015847	4
ENSMMUG00000015849	392
ENSMMUG00000011898	0
ENSMMUG00000015851	0
ENSMMUG00000056986	0
ENSMMUG00000050363	0
ENSMMUG00000063546	0
ENSMMUG00000061503	0
ENSMMUG00000063111	0
ENSMMUG00000057060	0
ENSMMUG00000055416	0
ENSMMUG00000058143	0
ENSMMUG00000014024	0
ENSMMUG00000021301	0
ENSMMUG00000001743	4
ENSMMUG00000054580	4
ENSMMUG00000057096	0
ENSMMUG00000039305	0
ENSMMUG00000032793	0
ENSMMUG00000059482	46
ENSMMUG00000057606	4
ENSMMUG00000049396	0
ENSMMUG00000060245	0
ENSMMUG00000033252	0
ENSMMUG00000021302	0
ENSMMUG00000021303	0
ENSMMUG00000021304	0
ENSMMUG00000057643	0
ENSMMUG00000052999	0
ENSMMUG00000064074	0
ENSMMUG00000062143	0
ENSMMUG00000057441	0
ENSMMUG00000027058	0
ENSMMUG00000057103	0
ENSMMUG00000062794	0
ENSMMUG00000054967	0
ENSMMUG00000055559	21
ENSMMUG00000059781	0
ENSMMUG00000020408	0
ENSMMUG00000004572	0
ENSMMUG00000059032	0
ENSMMUG00000045781	0
ENSMMUG00000055086	0
ENSMMUG00000025894	0
ENSMMUG00000001717	0
ENSMMUG00000053551	0
ENSMMUG00000062060	0
ENSMMUG00000021093	0
ENSMMUG00000060090	0
ENSMMUG00000008868	0
ENSMMUG00000020242	0
ENSMMUG00000003388	0
ENSMMUG00000004482	25
ENSMMUG00000049383	0
ENSMMUG00000041688	49
ENSMMUG00000061083	0
ENSMMUG00000062029	3
ENSMMUG00000052712	0
ENSMMUG00000028494	0
ENSMMUG00000061098	0
ENSMMUG00000060436	0
ENSMMUG00000007419	0
ENSMMUG00000062355	0
ENSMMUG00000007420	1
ENSMMUG00000059520	0
ENSMMUG00000065077	0
ENSMMUG00000055680	0
ENSMMUG00000064230	0
ENSMMUG00000062956	0
ENSMMUG00000007422	0
ENSMMUG00000012508	0
ENSMMUG00000053404	0
ENSMMUG00000054393	0
ENSMMUG00000055765	0
ENSMMUG00000000102	0
ENSMMUG00000050635	0
ENSMMUG00000055697	0
ENSMMUG00000021912	0
ENSMMUG00000019907	1
ENSMMUG00000017342	3
ENSMMUG00000017834	1
ENSMMUG00000034942	12
ENSMMUG00000001848	0
ENSMMUG00000050763	0
ENSMMUG00000007814	0
ENSMMUG00000058349	6
ENSMMUG00000023254	0
ENSMMUG00000035177	0
ENSMMUG00000017343	31
ENSMMUG00000056040	0
ENSMMUG00000053868	1
ENSMMUG00000017733	2
ENSMMUG00000023256	13
ENSMMUG00000052292	0
ENSMMUG00000023400	0
ENSMMUG00000056171	0
ENSMMUG00000033161	0
ENSMMUG00000065100	0
ENSMMUG00000054824	0
ENSMMUG00000053650	0
ENSMMUG00000065062	0
ENSMMUG00000060974	0
ENSMMUG00000009066	0
ENSMMUG00000015799	0
ENSMMUG00000060432	0
ENSMMUG00000052609	0
ENSMMUG00000054464	3
ENSMMUG00000011902	2
ENSMMUG00000054312	0
ENSMMUG00000043524	0
ENSMMUG00000055759	0
ENSMMUG00000006783	2
ENSMMUG00000015966	0
ENSMMUG00000011903	0
ENSMMUG00000026445	0
ENSMMUG00000045101	0
ENSMMUG00000006851	0
ENSMMUG00000054843	0
ENSMMUG00000011810	0
ENSMMUG00000026314	0
ENSMMUG00000020312	0
ENSMMUG00000063564	0
ENSMMUG00000013730	0
ENSMMUG00000057895	0
ENSMMUG00000049916	0
ENSMMUG00000041900	0
ENSMMUG00000060904	0
ENSMMUG00000000552	0
ENSMMUG00000057480	0
ENSMMUG00000028342	0
ENSMMUG00000050011	0
ENSMMUG00000061764	0
ENSMMUG00000051110	0
ENSMMUG00000017703	0
ENSMMUG00000062727	0
ENSMMUG00000052158	0
ENSMMUG00000003779	0
ENSMMUG00000025423	0
ENSMMUG00000061682	0
ENSMMUG00000039081	0
ENSMMUG00000007393	0
ENSMMUG00000065183	0
ENSMMUG00000035715	0
ENSMMUG00000046085	0
ENSMMUG00000008633	0
ENSMMUG00000058547	0
ENSMMUG00000059103	0
ENSMMUG00000015241	0
ENSMMUG00000032749	0
ENSMMUG00000003776	16
ENSMMUG00000023240	1
ENSMMUG00000053598	0
ENSMMUG00000056288	0
ENSMMUG00000040557	0
ENSMMUG00000054219	0
ENSMMUG00000058974	0
ENSMMUG00000056335	0
ENSMMUG00000048480	0
ENSMMUG00000001879	9
ENSMMUG00000061247	0
ENSMMUG00000062756	0
ENSMMUG00000015245	6
ENSMMUG00000042469	2
ENSMMUG00000033143	0
ENSMMUG00000001880	1
ENSMMUG00000052933	9
ENSMMUG00000008174	106
ENSMMUG00000046354	0
ENSMMUG00000055288	0
ENSMMUG00000025856	0
ENSMMUG00000003634	3
ENSMMUG00000013733	0
ENSMMUG00000003320	5
ENSMMUG00000021226	0
ENSMMUG00000013736	0
ENSMMUG00000026502	31
ENSMMUG00000007365	9
ENSMMUG00000022751	40
ENSMMUG00000021225	0
ENSMMUG00000021223	2
ENSMMUG00000062183	0
ENSMMUG00000040764	0
ENSMMUG00000022956	1
ENSMMUG00000053719	0
ENSMMUG00000058973	0
ENSMMUG00000062605	0
ENSMMUG00000018738	0
ENSMMUG00000032664	0
ENSMMUG00000030349	0
ENSMMUG00000010043	0
ENSMMUG00000045350	0
ENSMMUG00000049615	0
ENSMMUG00000064613	0
ENSMMUG00000017912	0
ENSMMUG00000051586	0
ENSMMUG00000064990	0
ENSMMUG00000059886	0
ENSMMUG00000009273	19
ENSMMUG00000043958	0
ENSMMUG00000009392	18
ENSMMUG00000043417	0
ENSMMUG00000056931	0
ENSMMUG00000003748	0
ENSMMUG00000053823	0
ENSMMUG00000064304	0
ENSMMUG00000007394	0
ENSMMUG00000009270	14
ENSMMUG00000027918	0
ENSMMUG00000026482	2
ENSMMUG00000015921	0
ENSMMUG00000009390	1
ENSMMUG00000012701	0
ENSMMUG00000010044	0
ENSMMUG00000009089	8
ENSMMUG00000061525	0
ENSMMUG00000063937	0
ENSMMUG00000050694	1
ENSMMUG00000042541	0
ENSMMUG00000061334	0
ENSMMUG00000048666	0
ENSMMUG00000065012	0
ENSMMUG00000062879	2
ENSMMUG00000032903	0
ENSMMUG00000056735	0
ENSMMUG00000025758	0
ENSMMUG00000050412	6
ENSMMUG00000057704	0
ENSMMUG00000008587	2
ENSMMUG00000005517	0
ENSMMUG00000012244	0
ENSMMUG00000053361	0
ENSMMUG00000009091	0
ENSMMUG00000027929	0
ENSMMUG00000036509	0
ENSMMUG00000055958	0
ENSMMUG00000058795	0
ENSMMUG00000034443	0
ENSMMUG00000047796	0
ENSMMUG00000041764	0
ENSMMUG00000034270	0
ENSMMUG00000014468	0
ENSMMUG00000012820	0
ENSMMUG00000006829	10
ENSMMUG00000040293	11
ENSMMUG00000011322	0
ENSMMUG00000064403	0
ENSMMUG00000003614	0
ENSMMUG00000053028	0
ENSMMUG00000054051	0
ENSMMUG00000006831	78
ENSMMUG00000054275	0
ENSMMUG00000052800	0
ENSMMUG00000053509	1
ENSMMUG00000040183	0
ENSMMUG00000063122	0
ENSMMUG00000053192	24
ENSMMUG00000050382	0
ENSMMUG00000038454	0
ENSMMUG00000065026	13
ENSMMUG00000061423	0
ENSMMUG00000056608	0
ENSMMUG00000005537	0
ENSMMUG00000056304	0
ENSMMUG00000025302	0
ENSMMUG00000038085	0
ENSMMUG00000009526	0
ENSMMUG00000057259	0
ENSMMUG00000055484	0
ENSMMUG00000062420	0
ENSMMUG00000004599	9
ENSMMUG00000004314	19
ENSMMUG00000002588	0
ENSMMUG00000015589	2
ENSMMUG00000014073	2
ENSMMUG00000054375	0
ENSMMUG00000021777	1
ENSMMUG00000014077	0
ENSMMUG00000014078	0
ENSMMUG00000007240	0
ENSMMUG00000021778	0
ENSMMUG00000023591	0
ENSMMUG00000010228	0
ENSMMUG00000021779	3
ENSMMUG00000057224	0
ENSMMUG00000061366	0
ENSMMUG00000034347	0
ENSMMUG00000008441	3
ENSMMUG00000035443	0
ENSMMUG00000054930	0
ENSMMUG00000000284	0
ENSMMUG00000010232	1
ENSMMUG00000049414	10
ENSMMUG00000021780	1
ENSMMUG00000016880	0
ENSMMUG00000049036	0
ENSMMUG00000005764	0
ENSMMUG00000055378	0
ENSMMUG00000059312	1
ENSMMUG00000059652	0
ENSMMUG00000015748	0
ENSMMUG00000018625	165
ENSMMUG00000023597	0
ENSMMUG00000037551	0
ENSMMUG00000014456	0
ENSMMUG00000018628	0
ENSMMUG00000027156	0
ENSMMUG00000003736	81
ENSMMUG00000061803	0
ENSMMUG00000045199	0
ENSMMUG00000049273	0
ENSMMUG00000002883	0
ENSMMUG00000017911	4
ENSMMUG00000062834	0
ENSMMUG00000058617	0
ENSMMUG00000026984	0
ENSMMUG00000033109	0
ENSMMUG00000027042	0
ENSMMUG00000064629	0
ENSMMUG00000056007	0
ENSMMUG00000026882	0
ENSMMUG00000006015	0
ENSMMUG00000028469	0
ENSMMUG00000011778	0
ENSMMUG00000062444	0
ENSMMUG00000052624	0
ENSMMUG00000054165	0
ENSMMUG00000064167	0
ENSMMUG00000015259	0
ENSMMUG00000006871	3
ENSMMUG00000015260	321
ENSMMUG00000053019	0
ENSMMUG00000053464	0
ENSMMUG00000015745	9
ENSMMUG00000026622	0
ENSMMUG00000030008	0
ENSMMUG00000056052	0
ENSMMUG00000053820	0
ENSMMUG00000059433	0
ENSMMUG00000055157	0
ENSMMUG00000049670	0
ENSMMUG00000002004	0
ENSMMUG00000025353	0
ENSMMUG00000060476	0
ENSMMUG00000007292	2
ENSMMUG00000008881	0
ENSMMUG00000052381	10
ENSMMUG00000055221	0
ENSMMUG00000054479	0
ENSMMUG00000062032	0
ENSMMUG00000006703	2
ENSMMUG00000023650	0
ENSMMUG00000006704	5
ENSMMUG00000003739	242
ENSMMUG00000057239	0
ENSMMUG00000063046	0
ENSMMUG00000059481	0
ENSMMUG00000050325	0
ENSMMUG00000052423	0
ENSMMUG00000035613	0
ENSMMUG00000063692	0
ENSMMUG00000035495	0
ENSMMUG00000052059	0
ENSMMUG00000023651	0
ENSMMUG00000006705	8
ENSMMUG00000064797	0
ENSMMUG00000047598	0
ENSMMUG00000061734	0
ENSMMUG00000055374	0
ENSMMUG00000062383	0
ENSMMUG00000014011	107
ENSMMUG00000007294	0
ENSMMUG00000014008	25
ENSMMUG00000042419	24
ENSMMUG00000011201	40
ENSMMUG00000054420	2
ENSMMUG00000037411	0
ENSMMUG00000053387	1
ENSMMUG00000055485	0
ENSMMUG00000008702	0
ENSMMUG00000052767	0
ENSMMUG00000055155	0
ENSMMUG00000003469	0
ENSMMUG00000053358	0
ENSMMUG00000054557	0
ENSMMUG00000022530	0
ENSMMUG00000008703	0
ENSMMUG00000052834	0
ENSMMUG00000061265	1
ENSMMUG00000011206	47
ENSMMUG00000054494	35
ENSMMUG00000062484	5
ENSMMUG00000018821	0
ENSMMUG00000008705	57
ENSMMUG00000060599	0
ENSMMUG00000053539	0
ENSMMUG00000045885	0
ENSMMUG00000011207	0
ENSMMUG00000052040	0
ENSMMUG00000019083	0
ENSMMUG00000002564	6
ENSMMUG00000049637	26
ENSMMUG00000006875	0
ENSMMUG00000061216	0
ENSMMUG00000019085	0
ENSMMUG00000007305	1
ENSMMUG00000057377	0
ENSMMUG00000003676	0
ENSMMUG00000009691	0
ENSMMUG00000019089	0
ENSMMUG00000033737	0
ENSMMUG00000050381	0
ENSMMUG00000055657	0
ENSMMUG00000017630	1
ENSMMUG00000059823	0
ENSMMUG00000055359	0
ENSMMUG00000062865	0
ENSMMUG00000049186	0
ENSMMUG00000030317	0
ENSMMUG00000048972	0
ENSMMUG00000054168	0
ENSMMUG00000045609	1
ENSMMUG00000062519	10
ENSMMUG00000003249	1
ENSMMUG00000026217	0
ENSMMUG00000056757	0
ENSMMUG00000000232	0
ENSMMUG00000060134	0
ENSMMUG00000034765	2
ENSMMUG00000013989	0
ENSMMUG00000000237	1
ENSMMUG00000004415	2
ENSMMUG00000023186	0
ENSMMUG00000061191	0
ENSMMUG00000000914	0
ENSMMUG00000034236	0
ENSMMUG00000019901	29
ENSMMUG00000019904	58
ENSMMUG00000061984	0
ENSMMUG00000018186	0
ENSMMUG00000020919	0
ENSMMUG00000059009	0
ENSMMUG00000020916	0
ENSMMUG00000051231	0
ENSMMUG00000026786	0
ENSMMUG00000033232	0
ENSMMUG00000020914	0
ENSMMUG00000020913	0
ENSMMUG00000051759	0
ENSMMUG00000033194	0
ENSMMUG00000049998	0
ENSMMUG00000053827	0
ENSMMUG00000036878	0
ENSMMUG00000056611	0
ENSMMUG00000020910	0
ENSMMUG00000056173	0
ENSMMUG00000051649	0
ENSMMUG00000053123	7
ENSMMUG00000037234	0
ENSMMUG00000007216	0
ENSMMUG00000057223	276
ENSMMUG00000036109	0
ENSMMUG00000056196	0
ENSMMUG00000052435	0
ENSMMUG00000017831	0
ENSMMUG00000014868	0
ENSMMUG00000020907	8
ENSMMUG00000063785	0
ENSMMUG00000017004	2
ENSMMUG00000014869	0
ENSMMUG00000036073	0
ENSMMUG00000053703	0
ENSMMUG00000014714	0
ENSMMUG00000010941	0
ENSMMUG00000053130	0
ENSMMUG00000011722	0
ENSMMUG00000020903	0
ENSMMUG00000043801	0
ENSMMUG00000021164	4
ENSMMUG00000017503	0
ENSMMUG00000018811	0
ENSMMUG00000023428	0
ENSMMUG00000052563	0
ENSMMUG00000056217	0
ENSMMUG00000017501	0
ENSMMUG00000015756	0
ENSMMUG00000053630	0
ENSMMUG00000015716	0
ENSMMUG00000049624	0
ENSMMUG00000034389	0
ENSMMUG00000021835	0
ENSMMUG00000002153	3
ENSMMUG00000015759	0
ENSMMUG00000047132	2
ENSMMUG00000049724	0
ENSMMUG00000023227	0
ENSMMUG00000009180	0
ENSMMUG00000009177	3
ENSMMUG00000062753	0
ENSMMUG00000064978	0
ENSMMUG00000050692	0
ENSMMUG00000055714	0
ENSMMUG00000063450	0
ENSMMUG00000002314	0
ENSMMUG00000058506	0
ENSMMUG00000002312	0
ENSMMUG00000015554	0
ENSMMUG00000051444	23
ENSMMUG00000038153	0
ENSMMUG00000045102	0
ENSMMUG00000042371	19
ENSMMUG00000058452	2
ENSMMUG00000064819	0
ENSMMUG00000008367	0
ENSMMUG00000001295	1
ENSMMUG00000062421	0
ENSMMUG00000060156	0
ENSMMUG00000062852	0
ENSMMUG00000053715	0
ENSMMUG00000051050	0
ENSMMUG00000054970	0
ENSMMUG00000005174	0
ENSMMUG00000024041	0
ENSMMUG00000041181	0
ENSMMUG00000003427	0
ENSMMUG00000012914	40
ENSMMUG00000003428	0
ENSMMUG00000020654	0
ENSMMUG00000039473	2
ENSMMUG00000012911	3
ENSMMUG00000022331	6
ENSMMUG00000056143	0
ENSMMUG00000010407	70
ENSMMUG00000055281	0
ENSMMUG00000044278	0
ENSMMUG00000052792	0
ENSMMUG00000006075	0
ENSMMUG00000052498	0
ENSMMUG00000022329	7
ENSMMUG00000064313	0
ENSMMUG00000056362	0
ENSMMUG00000058335	0
ENSMMUG00000022324	0
ENSMMUG00000022840	0
ENSMMUG00000008504	29
ENSMMUG00000022317	0
ENSMMUG00000039317	3
ENSMMUG00000046993	0
ENSMMUG00000042360	131
ENSMMUG00000049597	278
ENSMMUG00000050675	0
ENSMMUG00000053027	0
ENSMMUG00000061832	0
ENSMMUG00000063671	0
ENSMMUG00000022454	92
ENSMMUG00000008498	4
ENSMMUG00000062525	0
ENSMMUG00000056099	0
ENSMMUG00000055486	0
ENSMMUG00000049836	0
ENSMMUG00000056336	0
ENSMMUG00000063670	0
ENSMMUG00000049632	0
ENSMMUG00000062496	0
ENSMMUG00000009063	0
ENSMMUG00000023134	0
ENSMMUG00000058004	0
ENSMMUG00000037517	0
ENSMMUG00000000544	0
ENSMMUG00000010296	0
ENSMMUG00000056313	0
ENSMMUG00000055193	0
ENSMMUG00000013463	0
ENSMMUG00000061402	0
ENSMMUG00000065119	0
ENSMMUG00000055708	0
ENSMMUG00000056855	0
ENSMMUG00000051571	0
ENSMMUG00000032930	0
ENSMMUG00000056593	0
ENSMMUG00000061934	0
ENSMMUG00000013459	0
ENSMMUG00000051952	0
ENSMMUG00000013458	0
ENSMMUG00000018136	0
ENSMMUG00000061724	0
ENSMMUG00000061471	0
ENSMMUG00000040874	0
ENSMMUG00000051572	0
ENSMMUG00000060352	0
ENSMMUG00000054649	15
ENSMMUG00000057130	6
ENSMMUG00000046779	0
ENSMMUG00000012807	0
ENSMMUG00000064849	0
ENSMMUG00000018131	0
ENSMMUG00000061188	0
ENSMMUG00000060893	0
ENSMMUG00000056805	0
ENSMMUG00000058103	0
ENSMMUG00000064529	0
ENSMMUG00000062309	0
ENSMMUG00000027118	0
ENSMMUG00000050307	0
ENSMMUG00000018544	2
ENSMMUG00000003825	0
ENSMMUG00000049784	478
ENSMMUG00000059379	0
ENSMMUG00000006962	6
ENSMMUG00000051696	0
ENSMMUG00000023230	0
ENSMMUG00000063018	0
ENSMMUG00000064633	0
ENSMMUG00000057188	0
ENSMMUG00000056496	4
ENSMMUG00000040322	0
ENSMMUG00000055589	0
ENSMMUG00000052777	0
ENSMMUG00000004477	2
ENSMMUG00000017505	41
ENSMMUG00000052250	0
ENSMMUG00000003619	7
ENSMMUG00000062048	0
ENSMMUG00000055002	19
ENSMMUG00000016211	0
ENSMMUG00000049454	0
ENSMMUG00000058732	0
ENSMMUG00000059814	0
ENSMMUG00000043090	0
ENSMMUG00000003615	255
ENSMMUG00000015566	0
ENSMMUG00000026964	0
ENSMMUG00000052941	0
ENSMMUG00000004472	57
ENSMMUG00000052176	0
ENSMMUG00000062845	0
ENSMMUG00000028022	0
ENSMMUG00000058333	3
ENSMMUG00000039877	0
ENSMMUG00000058056	0
ENSMMUG00000033216	0
ENSMMUG00000008369	0
ENSMMUG00000064918	0
ENSMMUG00000005701	0
ENSMMUG00000051205	1
ENSMMUG00000064777	0
ENSMMUG00000062760	0
ENSMMUG00000055756	0
ENSMMUG00000022130	0
ENSMMUG00000063452	0
ENSMMUG00000064056	0
ENSMMUG00000011916	0
ENSMMUG00000061043	0
ENSMMUG00000054019	0
ENSMMUG00000059180	0
ENSMMUG00000065267	701
ENSMMUG00000054728	0
ENSMMUG00000010700	0
ENSMMUG00000055494	0
ENSMMUG00000058691	0
ENSMMUG00000010695	0
ENSMMUG00000022624	0
ENSMMUG00000061023	0
ENSMMUG00000061269	0
ENSMMUG00000000953	0
ENSMMUG00000012343	0
ENSMMUG00000056231	0
ENSMMUG00000049742	1
ENSMMUG00000064966	9
ENSMMUG00000038892	3
ENSMMUG00000015546	2
ENSMMUG00000015545	0
ENSMMUG00000054720	0
ENSMMUG00000000951	21
ENSMMUG00000060009	0
ENSMMUG00000061911	0
ENSMMUG00000053537	0
ENSMMUG00000054383	0
ENSMMUG00000021839	0
ENSMMUG00000053144	0
ENSMMUG00000046352	1
ENSMMUG00000057114	0
ENSMMUG00000030415	3
ENSMMUG00000048545	0
ENSMMUG00000050535	0
ENSMMUG00000010292	53
ENSMMUG00000035157	0
ENSMMUG00000045077	0
ENSMMUG00000057339	0
ENSMMUG00000016218	2
ENSMMUG00000030278	0
ENSMMUG00000058125	0
ENSMMUG00000022556	0
ENSMMUG00000021075	35
ENSMMUG00000021389	0
ENSMMUG00000009625	0
ENSMMUG00000016219	14
ENSMMUG00000022561	0
ENSMMUG00000008016	0
ENSMMUG00000022555	0
ENSMMUG00000014753	0
ENSMMUG00000021627	0
ENSMMUG00000064400	0
ENSMMUG00000008014	0
ENSMMUG00000043221	0
ENSMMUG00000005159	0
ENSMMUG00000044463	0
ENSMMUG00000048049	0
ENSMMUG00000030497	0
ENSMMUG00000012298	1
ENSMMUG00000058549	0
ENSMMUG00000056980	0
ENSMMUG00000022560	0
ENSMMUG00000003167	10
ENSMMUG00000048894	2
ENSMMUG00000064316	0
ENSMMUG00000053465	0
ENSMMUG00000043714	1
ENSMMUG00000022558	0
ENSMMUG00000008013	0
ENSMMUG00000006571	0
ENSMMUG00000022559	0
ENSMMUG00000049633	0
ENSMMUG00000060296	0
ENSMMUG00000008011	0
ENSMMUG00000001225	0
ENSMMUG00000052019	0
ENSMMUG00000049755	0
ENSMMUG00000027504	0
ENSMMUG00000061002	0
ENSMMUG00000063465	0
ENSMMUG00000061284	0
ENSMMUG00000024137	0
ENSMMUG00000053351	0
ENSMMUG00000062517	0
ENSMMUG00000060770	0
ENSMMUG00000057822	6
ENSMMUG00000050638	1
ENSMMUG00000059521	3
ENSMMUG00000059956	0
ENSMMUG00000062161	11
ENSMMUG00000020321	0
ENSMMUG00000005967	20
ENSMMUG00000012694	0
ENSMMUG00000006296	0
ENSMMUG00000004175	6
ENSMMUG00000030374	0
ENSMMUG00000008008	0
ENSMMUG00000004624	0
ENSMMUG00000012628	30
ENSMMUG00000022361	7
ENSMMUG00000023667	0
ENSMMUG00000007375	0
ENSMMUG00000059783	0
ENSMMUG00000061805	0
ENSMMUG00000063606	0
ENSMMUG00000045653	0
ENSMMUG00000049417	19
ENSMMUG00000043460	0
ENSMMUG00000043222	2
ENSMMUG00000030419	20
ENSMMUG00000043809	2
ENSMMUG00000055766	0
ENSMMUG00000040201	0
ENSMMUG00000015843	1
ENSMMUG00000039360	2
ENSMMUG00000049578	152
ENSMMUG00000057674	0
ENSMMUG00000054920	1
ENSMMUG00000020895	0
ENSMMUG00000058135	0
ENSMMUG00000057941	0
ENSMMUG00000051246	0
ENSMMUG00000060315	0
ENSMMUG00000006306	0
ENSMMUG00000009008	0
ENSMMUG00000057491	0
ENSMMUG00000052939	0
ENSMMUG00000048606	0
ENSMMUG00000045015	44
ENSMMUG00000041473	2
ENSMMUG00000046444	0
ENSMMUG00000060606	29
ENSMMUG00000030420	22
ENSMMUG00000062728	78
ENSMMUG00000054501	0
ENSMMUG00000050820	3
ENSMMUG00000058562	0
ENSMMUG00000052981	0
ENSMMUG00000063730	0
ENSMMUG00000065027	0
ENSMMUG00000050768	0
ENSMMUG00000056378	0
ENSMMUG00000060055	0
ENSMMUG00000045428	0
ENSMMUG00000059649	0
ENSMMUG00000044422	0
ENSMMUG00000011596	0
ENSMMUG00000053116	0
ENSMMUG00000054749	0
ENSMMUG00000030421	0
ENSMMUG00000018478	25
ENSMMUG00000032524	0
ENSMMUG00000012632	0
ENSMMUG00000004173	3
ENSMMUG00000060560	7
ENSMMUG00000026540	0
ENSMMUG00000051889	0
ENSMMUG00000057591	0
ENSMMUG00000020894	0
ENSMMUG00000001744	0
ENSMMUG00000028020	0
ENSMMUG00000030422	24
ENSMMUG00000057350	0
ENSMMUG00000063169	0
ENSMMUG00000036547	0
ENSMMUG00000012633	0
ENSMMUG00000010304	0
ENSMMUG00000060806	0
ENSMMUG00000055614	0
ENSMMUG00000063974	0
ENSMMUG00000058372	0
ENSMMUG00000004311	5
ENSMMUG00000064020	0
ENSMMUG00000054077	0
ENSMMUG00000033249	0
ENSMMUG00000062734	0
ENSMMUG00000062946	0
ENSMMUG00000053010	0
ENSMMUG00000007970	2
ENSMMUG00000048824	11
ENSMMUG00000016394	13
ENSMMUG00000009711	0
ENSMMUG00000012635	20
ENSMMUG00000059430	10
ENSMMUG00000049706	0
ENSMMUG00000064257	0
ENSMMUG00000056232	0
ENSMMUG00000011871	2
ENSMMUG00000023659	3
ENSMMUG00000050199	0
ENSMMUG00000055322	67
ENSMMUG00000062239	0
ENSMMUG00000054767	0
ENSMMUG00000010295	4
ENSMMUG00000058820	0
ENSMMUG00000058072	0
ENSMMUG00000005435	0
ENSMMUG00000063846	53
ENSMMUG00000015477	8
ENSMMUG00000050109	0
ENSMMUG00000063950	1
ENSMMUG00000058370	0
ENSMMUG00000021089	0
ENSMMUG00000008002	0
ENSMMUG00000049368	0
ENSMMUG00000039492	0
ENSMMUG00000063026	0
ENSMMUG00000004168	0
ENSMMUG00000055933	0
ENSMMUG00000016393	1
ENSMMUG00000062641	0
ENSMMUG00000042798	10
ENSMMUG00000053821	0
ENSMMUG00000015479	0
ENSMMUG00000010167	0
ENSMMUG00000063823	0
ENSMMUG00000049474	0
ENSMMUG00000012109	0
ENSMMUG00000045869	14
ENSMMUG00000010648	51
ENSMMUG00000013955	2
ENSMMUG00000023983	0
ENSMMUG00000012110	0
ENSMMUG00000040368	0
ENSMMUG00000060805	0
ENSMMUG00000010647	1
ENSMMUG00000060120	0
ENSMMUG00000036266	0
ENSMMUG00000009007	7
ENSMMUG00000055772	0
ENSMMUG00000005136	2
ENSMMUG00000052549	0
ENSMMUG00000049939	2
ENSMMUG00000045449	5
ENSMMUG00000049558	1
ENSMMUG00000019358	0
ENSMMUG00000064716	0
ENSMMUG00000052087	0
ENSMMUG00000054733	2
ENSMMUG00000063280	0
ENSMMUG00000053197	0
ENSMMUG00000013276	31
ENSMMUG00000037579	0
ENSMMUG00000049419	0
ENSMMUG00000021236	0
ENSMMUG00000019856	0
ENSMMUG00000036937	0
ENSMMUG00000059677	60
ENSMMUG00000005272	0
ENSMMUG00000023104	5
ENSMMUG00000019855	0
ENSMMUG00000021248	1
ENSMMUG00000042110	0
ENSMMUG00000013316	0
ENSMMUG00000021235	6
ENSMMUG00000054785	0
ENSMMUG00000059707	0
ENSMMUG00000035723	0
ENSMMUG00000057811	16
ENSMMUG00000058076	0
ENSMMUG00000039654	0
ENSMMUG00000049981	9
ENSMMUG00000000854	57
ENSMMUG00000019359	0
ENSMMUG00000000531	8
ENSMMUG00000057683	0
ENSMMUG00000051615	4
ENSMMUG00000054802	0
ENSMMUG00000056692	17
ENSMMUG00000061214	0
ENSMMUG00000049089	138
ENSMMUG00000052638	0
ENSMMUG00000037970	62
ENSMMUG00000054086	19
ENSMMUG00000021252	0
ENSMMUG00000000853	0
ENSMMUG00000064492	79
ENSMMUG00000054177	0
ENSMMUG00000060422	54
ENSMMUG00000012917	0
ENSMMUG00000051442	14
ENSMMUG00000011970	0
ENSMMUG00000010134	0
ENSMMUG00000036872	0
ENSMMUG00000011836	0
ENSMMUG00000059873	0
ENSMMUG00000057261	0
ENSMMUG00000025824	0
ENSMMUG00000049462	0
ENSMMUG00000058224	0
ENSMMUG00000033244	0
ENSMMUG00000024477	0
ENSMMUG00000063416	0
ENSMMUG00000040123	4
ENSMMUG00000057321	18
ENSMMUG00000052037	0
ENSMMUG00000020609	0
ENSMMUG00000050787	0
ENSMMUG00000061229	0
ENSMMUG00000057661	0
ENSMMUG00000051038	62
ENSMMUG00000063875	0
ENSMMUG00000050335	0
ENSMMUG00000048598	0
ENSMMUG00000062787	39
ENSMMUG00000059186	2
ENSMMUG00000012377	0
ENSMMUG00000054695	0
ENSMMUG00000064171	0
ENSMMUG00000041919	4
ENSMMUG00000054783	2
ENSMMUG00000060107	0
ENSMMUG00000056896	0
ENSMMUG00000033944	0
ENSMMUG00000021255	58
ENSMMUG00000059438	4
ENSMMUG00000053738	0
ENSMMUG00000001712	2
ENSMMUG00000056779	0
ENSMMUG00000008650	0
ENSMMUG00000005271	3
ENSMMUG00000052880	0
ENSMMUG00000022275	6
ENSMMUG00000059221	0
ENSMMUG00000055827	0
ENSMMUG00000054913	0
ENSMMUG00000051590	0
ENSMMUG00000055219	0
ENSMMUG00000060211	6
ENSMMUG00000062041	0
ENSMMUG00000057132	0
ENSMMUG00000024504	0
ENSMMUG00000006854	0
ENSMMUG00000015772	0
ENSMMUG00000019157	1
ENSMMUG00000001711	24
ENSMMUG00000060092	0
ENSMMUG00000026999	0
ENSMMUG00000028593	0
ENSMMUG00000037227	0
ENSMMUG00000026856	0
ENSMMUG00000051117	0
ENSMMUG00000043799	0
ENSMMUG00000055021	0
ENSMMUG00000062752	0
ENSMMUG00000059209	0
ENSMMUG00000064926	0
ENSMMUG00000014823	0
ENSMMUG00000053883	0
ENSMMUG00000049457	0
ENSMMUG00000062451	0
ENSMMUG00000017542	0
ENSMMUG00000060831	0
ENSMMUG00000051417	0
ENSMMUG00000039689	0
ENSMMUG00000063362	0
ENSMMUG00000027695	0
ENSMMUG00000000007	0
ENSMMUG00000062736	0
ENSMMUG00000052623	0
ENSMMUG00000026105	0
ENSMMUG00000064986	0
ENSMMUG00000019571	0
ENSMMUG00000060571	0
ENSMMUG00000041616	2
ENSMMUG00000006155	0
ENSMMUG00000058568	3
ENSMMUG00000050819	0
ENSMMUG00000020579	0
ENSMMUG00000014920	0
ENSMMUG00000061007	16
ENSMMUG00000020581	0
ENSMMUG00000054481	0
ENSMMUG00000064513	0
ENSMMUG00000045513	0
ENSMMUG00000049169	0
ENSMMUG00000055860	0
ENSMMUG00000061514	2
ENSMMUG00000009325	0
ENSMMUG00000048222	0
ENSMMUG00000014319	0
ENSMMUG00000004127	0
ENSMMUG00000063274	0
ENSMMUG00000006974	0
ENSMMUG00000006081	12
ENSMMUG00000005269	6
ENSMMUG00000061362	0
ENSMMUG00000050751	0
ENSMMUG00000033120	0
ENSMMUG00000028056	0
ENSMMUG00000052734	32
ENSMMUG00000027144	0
ENSMMUG00000021186	0
ENSMMUG00000030170	4
ENSMMUG00000017311	0
ENSMMUG00000054411	0
ENSMMUG00000060459	0
ENSMMUG00000005250	0
ENSMMUG00000023318	15
ENSMMUG00000006973	0
ENSMMUG00000064916	0
ENSMMUG00000049892	0
ENSMMUG00000056363	0
ENSMMUG00000057252	0
ENSMMUG00000057843	0
ENSMMUG00000051158	0
ENSMMUG00000035226	0
ENSMMUG00000048822	0
ENSMMUG00000048490	0
ENSMMUG00000045179	0
ENSMMUG00000001140	0
ENSMMUG00000035114	0
ENSMMUG00000016831	0
ENSMMUG00000046419	0
ENSMMUG00000036399	8
ENSMMUG00000061651	0
ENSMMUG00000009611	10
ENSMMUG00000004456	1
ENSMMUG00000042688	0
ENSMMUG00000023347	0
ENSMMUG00000012304	8
ENSMMUG00000061971	0
ENSMMUG00000053093	0
ENSMMUG00000010060	0
ENSMMUG00000062376	0
ENSMMUG00000051605	0
ENSMMUG00000020803	2
ENSMMUG00000010703	14
ENSMMUG00000053840	0
ENSMMUG00000054122	0
ENSMMUG00000061752	0
ENSMMUG00000000170	6
ENSMMUG00000014971	0
ENSMMUG00000051393	0
ENSMMUG00000061111	0
ENSMMUG00000039949	0
ENSMMUG00000053024	0
ENSMMUG00000012303	2
ENSMMUG00000063777	0
ENSMMUG00000041044	0
ENSMMUG00000019377	0
ENSMMUG00000050022	0
ENSMMUG00000008698	0
ENSMMUG00000026710	4
ENSMMUG00000054249	0
ENSMMUG00000059605	0
ENSMMUG00000044152	0
ENSMMUG00000062457	0
ENSMMUG00000054415	0
ENSMMUG00000055735	0
ENSMMUG00000053468	0
ENSMMUG00000010702	4
ENSMMUG00000014974	0
ENSMMUG00000009494	0
ENSMMUG00000019802	0
ENSMMUG00000058798	0
ENSMMUG00000015534	0
ENSMMUG00000009006	6
ENSMMUG00000017366	0
ENSMMUG00000009495	0
ENSMMUG00000004886	12
ENSMMUG00000059050	0
ENSMMUG00000060636	130
ENSMMUG00000051686	0
ENSMMUG00000009926	0
ENSMMUG00000061303	24
ENSMMUG00000000104	1
ENSMMUG00000016833	0
ENSMMUG00000059772	0
ENSMMUG00000010162	0
ENSMMUG00000005915	6
ENSMMUG00000040007	29
ENSMMUG00000041051	0
ENSMMUG00000062685	1
ENSMMUG00000006980	4
ENSMMUG00000009496	0
ENSMMUG00000005422	0
ENSMMUG00000010164	0
ENSMMUG00000049346	0
ENSMMUG00000061448	0
ENSMMUG00000059509	0
ENSMMUG00000026144	0
ENSMMUG00000063969	0
ENSMMUG00000012213	0
ENSMMUG00000062877	2
ENSMMUG00000056841	0
ENSMMUG00000058227	0
ENSMMUG00000002995	33
ENSMMUG00000006949	0
ENSMMUG00000062107	0
ENSMMUG00000001350	0
ENSMMUG00000058423	0
ENSMMUG00000050262	16
ENSMMUG00000012549	0
ENSMMUG00000049959	20
ENSMMUG00000009499	40
ENSMMUG00000021676	1
ENSMMUG00000010104	3
ENSMMUG00000027018	0
ENSMMUG00000052458	0
ENSMMUG00000059759	0
ENSMMUG00000059316	0
ENSMMUG00000004801	0
ENSMMUG00000006951	0
ENSMMUG00000000488	0
ENSMMUG00000009865	0
ENSMMUG00000006547	0
ENSMMUG00000015735	0
ENSMMUG00000007839	4
ENSMMUG00000005120	0
ENSMMUG00000052148	0
ENSMMUG00000023940	0
ENSMMUG00000006136	0
ENSMMUG00000015684	0
ENSMMUG00000050272	0
ENSMMUG00000061611	0
ENSMMUG00000006898	0
ENSMMUG00000025556	0
ENSMMUG00000060921	0
ENSMMUG00000055369	0
ENSMMUG00000021017	66
ENSMMUG00000004803	0
ENSMMUG00000005229	6
ENSMMUG00000048852	0
ENSMMUG00000039865	1085
ENSMMUG00000012491	0
ENSMMUG00000059192	0
ENSMMUG00000063335	0
ENSMMUG00000026917	0
ENSMMUG00000027128	0
ENSMMUG00000050132	0
ENSMMUG00000044167	0
ENSMMUG00000006548	4
ENSMMUG00000064280	950
ENSMMUG00000026089	0
ENSMMUG00000035162	0
ENSMMUG00000027463	0
ENSMMUG00000026507	0
ENSMMUG00000018259	0
ENSMMUG00000022683	0
ENSMMUG00000054401	0
ENSMMUG00000041868	1
ENSMMUG00000058784	0
ENSMMUG00000022442	0
ENSMMUG00000053943	0
ENSMMUG00000058600	0
ENSMMUG00000018260	76
ENSMMUG00000052067	0
ENSMMUG00000053507	0
ENSMMUG00000063090	0
ENSMMUG00000030385	0
ENSMMUG00000059730	0
ENSMMUG00000006549	0
ENSMMUG00000009610	0
ENSMMUG00000052599	0
ENSMMUG00000060317	0
ENSMMUG00000006550	13
ENSMMUG00000014226	0
ENSMMUG00000052795	0
ENSMMUG00000051130	0
ENSMMUG00000009609	0
ENSMMUG00000048612	0
ENSMMUG00000013645	0
ENSMMUG00000059165	0
ENSMMUG00000051146	0
ENSMMUG00000047129	0
ENSMMUG00000022439	0
ENSMMUG00000051456	0
ENSMMUG00000056110	0
ENSMMUG00000017232	0
ENSMMUG00000053261	0
ENSMMUG00000053855	8
ENSMMUG00000042443	0
ENSMMUG00000016271	1
ENSMMUG00000055710	140
ENSMMUG00000002277	2
ENSMMUG00000002886	0
ENSMMUG00000063570	0
ENSMMUG00000021461	27
ENSMMUG00000058787	0
ENSMMUG00000022772	26
ENSMMUG00000014907	7
ENSMMUG00000022776	118
ENSMMUG00000016273	0
ENSMMUG00000022778	0
ENSMMUG00000002884	4
ENSMMUG00000006770	5
ENSMMUG00000052881	0
ENSMMUG00000050858	0
ENSMMUG00000028148	0
ENSMMUG00000052527	0
ENSMMUG00000028409	0
ENSMMUG00000053080	0
ENSMMUG00000047984	0
ENSMMUG00000022791	0
ENSMMUG00000011695	2
ENSMMUG00000038731	0
ENSMMUG00000047830	0
ENSMMUG00000030100	0
ENSMMUG00000054445	0
ENSMMUG00000055175	0
ENSMMUG00000014270	2
ENSMMUG00000037714	0
ENSMMUG00000004944	1
ENSMMUG00000016939	1
ENSMMUG00000062774	0
ENSMMUG00000002481	4
ENSMMUG00000020050	1
ENSMMUG00000011170	1
ENSMMUG00000059061	0
ENSMMUG00000044786	0
ENSMMUG00000063424	7
ENSMMUG00000002364	1
ENSMMUG00000011694	23
ENSMMUG00000064350	0
ENSMMUG00000011770	12
ENSMMUG00000063471	6
ENSMMUG00000037205	0
ENSMMUG00000063579	0
ENSMMUG00000004222	60
ENSMMUG00000061032	0
ENSMMUG00000053649	0
ENSMMUG00000050995	5
ENSMMUG00000050480	0
ENSMMUG00000057928	5
ENSMMUG00000036166	0
ENSMMUG00000009093	0
ENSMMUG00000063502	0
ENSMMUG00000020271	9
ENSMMUG00000010329	1
ENSMMUG00000009004	0
ENSMMUG00000052228	0
ENSMMUG00000051163	0
ENSMMUG00000030377	0
ENSMMUG00000022769	0
ENSMMUG00000016938	6
ENSMMUG00000004224	14
ENSMMUG00000054515	0
ENSMMUG00000049287	0
ENSMMUG00000001623	3
ENSMMUG00000055070	11
ENSMMUG00000011368	0
ENSMMUG00000062758	0
ENSMMUG00000059562	0
ENSMMUG00000056175	0
ENSMMUG00000053098	5
ENSMMUG00000009289	0
ENSMMUG00000016936	0
ENSMMUG00000064390	0
ENSMMUG00000011367	0
ENSMMUG00000061557	0
ENSMMUG00000051678	0
ENSMMUG00000008126	2
ENSMMUG00000040332	0
ENSMMUG00000009748	0
ENSMMUG00000060356	0
ENSMMUG00000012024	7
ENSMMUG00000026124	0
ENSMMUG00000053674	70
ENSMMUG00000063263	0
ENSMMUG00000025030	0
ENSMMUG00000024050	0
ENSMMUG00000064956	0
ENSMMUG00000050875	14
ENSMMUG00000019937	0
ENSMMUG00000014555	4
ENSMMUG00000009288	1
ENSMMUG00000021915	3
ENSMMUG00000001625	0
ENSMMUG00000012021	19
ENSMMUG00000014557	0
ENSMMUG00000059269	0
ENSMMUG00000062366	0
ENSMMUG00000052352	0
ENSMMUG00000015870	0
ENSMMUG00000052861	4
ENSMMUG00000001143	0
ENSMMUG00000050105	0
ENSMMUG00000064055	9
ENSMMUG00000005931	0
ENSMMUG00000054348	0
ENSMMUG00000044653	7
ENSMMUG00000039273	0
ENSMMUG00000003440	0
ENSMMUG00000009818	0
ENSMMUG00000060990	0
ENSMMUG00000044879	9
ENSMMUG00000054457	0
ENSMMUG00000055264	0
ENSMMUG00000061142	0
ENSMMUG00000052244	0
ENSMMUG00000058179	0
ENSMMUG00000001553	0
ENSMMUG00000052640	0
ENSMMUG00000020332	0
ENSMMUG00000064187	3
ENSMMUG00000009183	14
ENSMMUG00000051029	0
ENSMMUG00000053877	0
ENSMMUG00000060238	1
ENSMMUG00000049629	0
ENSMMUG00000058982	0
ENSMMUG00000063185	0
ENSMMUG00000023196	0
ENSMMUG00000062729	0
ENSMMUG00000055050	0
ENSMMUG00000052248	0
ENSMMUG00000063867	0
ENSMMUG00000045349	0
ENSMMUG00000062085	9
ENSMMUG00000010419	1
ENSMMUG00000054915	0
ENSMMUG00000053543	0
ENSMMUG00000056515	9
ENSMMUG00000023194	0
ENSMMUG00000010420	16
ENSMMUG00000049575	0
ENSMMUG00000059654	1
ENSMMUG00000044533	0
ENSMMUG00000039193	3
ENSMMUG00000047473	0
ENSMMUG00000062169	6
ENSMMUG00000014987	0
ENSMMUG00000064624	0
ENSMMUG00000062897	0
ENSMMUG00000012019	38
ENSMMUG00000053732	0
ENSMMUG00000052689	0
ENSMMUG00000006701	13
ENSMMUG00000006286	0
ENSMMUG00000042299	4
ENSMMUG00000051385	2
ENSMMUG00000060361	0
ENSMMUG00000022485	0
ENSMMUG00000058068	0
ENSMMUG00000030384	2
ENSMMUG00000054851	1
ENSMMUG00000062260	0
ENSMMUG00000022107	9
ENSMMUG00000052574	0
ENSMMUG00000050984	0
ENSMMUG00000019445	0
ENSMMUG00000054396	0
ENSMMUG00000043151	0
ENSMMUG00000061255	0
ENSMMUG00000056703	3
ENSMMUG00000022484	0
ENSMMUG00000050927	0
ENSMMUG00000035757	0
ENSMMUG00000012203	1
ENSMMUG00000049767	0
ENSMMUG00000058291	0
ENSMMUG00000004839	10
ENSMMUG00000048246	12
ENSMMUG00000055809	0
ENSMMUG00000064018	1
ENSMMUG00000025101	0
ENSMMUG00000056284	0
ENSMMUG00000022699	0
ENSMMUG00000057494	5
ENSMMUG00000048577	0
ENSMMUG00000054505	0
ENSMMUG00000015516	0
ENSMMUG00000055370	22
ENSMMUG00000037037	0
ENSMMUG00000062211	13
ENSMMUG00000057993	0
ENSMMUG00000007399	0
ENSMMUG00000033015	0
ENSMMUG00000059948	0
ENSMMUG00000055612	4
ENSMMUG00000061041	343
ENSMMUG00000050269	3
ENSMMUG00000015282	0
ENSMMUG00000058360	0
ENSMMUG00000022114	0
ENSMMUG00000057838	0
ENSMMUG00000047349	0
ENSMMUG00000051122	0
ENSMMUG00000005299	3
ENSMMUG00000043894	2
ENSMMUG00000047885	0
ENSMMUG00000053816	7
ENSMMUG00000031775	0
ENSMMUG00000060028	4
ENSMMUG00000051849	0
ENSMMUG00000012648	0
ENSMMUG00000015284	0
ENSMMUG00000059234	0
ENSMMUG00000016017	0
ENSMMUG00000062393	2
ENSMMUG00000007470	0
ENSMMUG00000062258	0
ENSMMUG00000064823	0
ENSMMUG00000017050	1
ENSMMUG00000020043	5
ENSMMUG00000022697	6
ENSMMUG00000016286	0
ENSMMUG00000017049	0
ENSMMUG00000017570	0
ENSMMUG00000004300	0
ENSMMUG00000022696	2
ENSMMUG00000042793	0
ENSMMUG00000052519	4
ENSMMUG00000064876	0
ENSMMUG00000017045	74
ENSMMUG00000003637	0
ENSMMUG00000046388	5
ENSMMUG00000011764	0
ENSMMUG00000063357	2
ENSMMUG00000001560	0
ENSMMUG00000006696	12
ENSMMUG00000054333	3
ENSMMUG00000054370	0
ENSMMUG00000023657	0
ENSMMUG00000064238	0
ENSMMUG00000063778	0
ENSMMUG00000063292	0
ENSMMUG00000023656	0
ENSMMUG00000058269	4
ENSMMUG00000003128	1
ENSMMUG00000055568	13
ENSMMUG00000051032	0
ENSMMUG00000017041	0
ENSMMUG00000056744	3
ENSMMUG00000062116	1
ENSMMUG00000059620	0
ENSMMUG00000023654	0
ENSMMUG00000037761	0
ENSMMUG00000001562	0
ENSMMUG00000052682	0
ENSMMUG00000057211	0
ENSMMUG00000059019	0
ENSMMUG00000058459	0
ENSMMUG00000046728	0
ENSMMUG00000011761	0
ENSMMUG00000022695	0
ENSMMUG00000056912	0
ENSMMUG00000023653	0
ENSMMUG00000006205	7
ENSMMUG00000043482	0
ENSMMUG00000009917	9
ENSMMUG00000011602	0
ENSMMUG00000012427	2
ENSMMUG00000016817	0
ENSMMUG00000064085	0
ENSMMUG00000058690	0
ENSMMUG00000027207	0
ENSMMUG00000028411	0
ENSMMUG00000049975	606
ENSMMUG00000059928	0
ENSMMUG00000036741	0
ENSMMUG00000051969	0
ENSMMUG00000012432	0
ENSMMUG00000011758	9
ENSMMUG00000015685	0
ENSMMUG00000059550	0
ENSMMUG00000037624	0
ENSMMUG00000003840	15
ENSMMUG00000053698	0
ENSMMUG00000054290	1
ENSMMUG00000010336	9
ENSMMUG00000020088	106
ENSMMUG00000012435	6
ENSMMUG00000004236	43
ENSMMUG00000004719	0
ENSMMUG00000060707	0
ENSMMUG00000003843	107
ENSMMUG00000000517	0
ENSMMUG00000058683	0
ENSMMUG00000052650	0
ENSMMUG00000054853	0
ENSMMUG00000051388	0
ENSMMUG00000062962	0
ENSMMUG00000057887	0
ENSMMUG00000048526	5
ENSMMUG00000003429	62
ENSMMUG00000060878	0
ENSMMUG00000056270	0
ENSMMUG00000053372	0
ENSMMUG00000049829	0
ENSMMUG00000012550	0
ENSMMUG00000004975	0
ENSMMUG00000033837	0
ENSMMUG00000065311	1
ENSMMUG00000003430	75
ENSMMUG00000061235	0
ENSMMUG00000012547	1
ENSMMUG00000018085	34
ENSMMUG00000057136	0
ENSMMUG00000056091	0
ENSMMUG00000019983	0
ENSMMUG00000052826	0
ENSMMUG00000062440	0
ENSMMUG00000012541	2
ENSMMUG00000056674	2
ENSMMUG00000020418	0
ENSMMUG00000003432	2
ENSMMUG00000020086	17
ENSMMUG00000060818	15
ENSMMUG00000018084	1
ENSMMUG00000063080	0
ENSMMUG00000035975	0
ENSMMUG00000018842	0
ENSMMUG00000062454	0
ENSMMUG00000039009	0
ENSMMUG00000056818	0
ENSMMUG00000025279	0
ENSMMUG00000006771	0
ENSMMUG00000007362	0
ENSMMUG00000003433	0
ENSMMUG00000002987	0
ENSMMUG00000049382	0
ENSMMUG00000055505	0
ENSMMUG00000006767	0
ENSMMUG00000054636	1
ENSMMUG00000008632	0
ENSMMUG00000062507	0
ENSMMUG00000060395	0
ENSMMUG00000051370	0
ENSMMUG00000061493	0
ENSMMUG00000012539	0
ENSMMUG00000051890	5
ENSMMUG00000018081	2
ENSMMUG00000052200	3
ENSMMUG00000055715	0
ENSMMUG00000048420	0
ENSMMUG00000006766	22
ENSMMUG00000022766	8
ENSMMUG00000020565	0
ENSMMUG00000054883	0
ENSMMUG00000039167	0
ENSMMUG00000012529	0
ENSMMUG00000057951	3
ENSMMUG00000018079	0
ENSMMUG00000022764	62
ENSMMUG00000034757	0
ENSMMUG00000006823	0
ENSMMUG00000050587	0
ENSMMUG00000064839	0
ENSMMUG00000001125	0
ENSMMUG00000062860	0
ENSMMUG00000010788	0
ENSMMUG00000012528	0
ENSMMUG00000064897	0
ENSMMUG00000054119	0
ENSMMUG00000016803	0
ENSMMUG00000018058	4
ENSMMUG00000032675	0
ENSMMUG00000055247	0
ENSMMUG00000053529	0
ENSMMUG00000054109	0
ENSMMUG00000045852	0
ENSMMUG00000001649	0
ENSMMUG00000032870	0
ENSMMUG00000036407	0
ENSMMUG00000010846	3
ENSMMUG00000065141	0
ENSMMUG00000000880	0
ENSMMUG00000050459	0
ENSMMUG00000062652	0
ENSMMUG00000032973	0
ENSMMUG00000055790	0
ENSMMUG00000049918	0
ENSMMUG00000064213	0
ENSMMUG00000021684	8
ENSMMUG00000047410	0
ENSMMUG00000062997	0
ENSMMUG00000025035	0
ENSMMUG00000004605	0
ENSMMUG00000042472	0
ENSMMUG00000008329	0
ENSMMUG00000060787	0
ENSMMUG00000058383	0
ENSMMUG00000004600	0
ENSMMUG00000003722	0
ENSMMUG00000007586	14
ENSMMUG00000063684	0
ENSMMUG00000062608	0
ENSMMUG00000059296	0
ENSMMUG00000007821	0
ENSMMUG00000034027	0
ENSMMUG00000053302	2
ENSMMUG00000057707	0
ENSMMUG00000043099	1
ENSMMUG00000065259	679
ENSMMUG00000059764	4
ENSMMUG00000053518	1
ENSMMUG00000062991	1
ENSMMUG00000050613	0
ENSMMUG00000017270	30
ENSMMUG00000053087	0
ENSMMUG00000012066	0
ENSMMUG00000065271	0
ENSMMUG00000062903	3
ENSMMUG00000052042	0
ENSMMUG00000020184	7
ENSMMUG00000056354	7
ENSMMUG00000001003	3
ENSMMUG00000053203	50
ENSMMUG00000052849	6
ENSMMUG00000054417	0
ENSMMUG00000054848	0
ENSMMUG00000014804	0
ENSMMUG00000018057	0
ENSMMUG00000055749	0
ENSMMUG00000003701	29
ENSMMUG00000020183	0
ENSMMUG00000010787	0
ENSMMUG00000050802	0
ENSMMUG00000060099	0
ENSMMUG00000064967	0
ENSMMUG00000053463	0
ENSMMUG00000058845	0
ENSMMUG00000018053	0
ENSMMUG00000062666	45
ENSMMUG00000051460	0
ENSMMUG00000058302	0
ENSMMUG00000053485	0
ENSMMUG00000004436	0
ENSMMUG00000049607	0
ENSMMUG00000007030	0
ENSMMUG00000056964	0
ENSMMUG00000059368	0
ENSMMUG00000040250	0
ENSMMUG00000061743	0
ENSMMUG00000010785	204
ENSMMUG00000059537	3
ENSMMUG00000055668	0
ENSMMUG00000054743	0
ENSMMUG00000018046	11
ENSMMUG00000010781	849
ENSMMUG00000007626	8
ENSMMUG00000018043	0
ENSMMUG00000022727	507
ENSMMUG00000063908	0
ENSMMUG00000063478	0
ENSMMUG00000058232	0
ENSMMUG00000024996	0
ENSMMUG00000015332	154
ENSMMUG00000050604	0
ENSMMUG00000015329	15
ENSMMUG00000000480	0
ENSMMUG00000060506	0
ENSMMUG00000022513	0
ENSMMUG00000003703	0
ENSMMUG00000040343	3
ENSMMUG00000021730	0
ENSMMUG00000022732	12
ENSMMUG00000006799	0
ENSMMUG00000052776	0
ENSMMUG00000056278	0
ENSMMUG00000005511	26
ENSMMUG00000044257	7
ENSMMUG00000007555	0
ENSMMUG00000041549	0
ENSMMUG00000011095	0
ENSMMUG00000062898	0
ENSMMUG00000033200	0
ENSMMUG00000061208	0
ENSMMUG00000026608	31
ENSMMUG00000064638	0
ENSMMUG00000055538	0
ENSMMUG00000055753	0
ENSMMUG00000001979	0
ENSMMUG00000022702	48
ENSMMUG00000003023	13
ENSMMUG00000017575	0
ENSMMUG00000016074	8
ENSMMUG00000001458	27
ENSMMUG00000059306	0
ENSMMUG00000058250	0
ENSMMUG00000003020	5
ENSMMUG00000021678	0
ENSMMUG00000004257	6
ENSMMUG00000004298	0
ENSMMUG00000023771	0
ENSMMUG00000057107	0
ENSMMUG00000022701	0
ENSMMUG00000063506	0
ENSMMUG00000005509	178
ENSMMUG00000001460	73
ENSMMUG00000020091	0
ENSMMUG00000005508	1
ENSMMUG00000057635	0
ENSMMUG00000052955	0
ENSMMUG00000035981	0
ENSMMUG00000004301	19
ENSMMUG00000063411	1
ENSMMUG00000064901	0
ENSMMUG00000000427	40
ENSMMUG00000053467	11
ENSMMUG00000062310	114
ENSMMUG00000051566	0
ENSMMUG00000003961	0
ENSMMUG00000061740	0
ENSMMUG00000000383	14
ENSMMUG00000020090	4
ENSMMUG00000030454	6
ENSMMUG00000030408	101
ENSMMUG00000063664	0
ENSMMUG00000052773	0
ENSMMUG00000038674	0
ENSMMUG00000047078	0
ENSMMUG00000015728	0
ENSMMUG00000062684	0
ENSMMUG00000003956	6
ENSMMUG00000008189	0
ENSMMUG00000019191	19
ENSMMUG00000030244	2
ENSMMUG00000019593	1
ENSMMUG00000020139	26
ENSMMUG00000055041	0
ENSMMUG00000020140	2
ENSMMUG00000035563	0
ENSMMUG00000003572	9
ENSMMUG00000019005	1
ENSMMUG00000065005	0
ENSMMUG00000020141	2
ENSMMUG00000047333	0
ENSMMUG00000052780	0
ENSMMUG00000061034	0
ENSMMUG00000060637	0
ENSMMUG00000051823	0
ENSMMUG00000017652	6
ENSMMUG00000019104	13
ENSMMUG00000027541	0
ENSMMUG00000036294	2
ENSMMUG00000040393	0
ENSMMUG00000063904	0
ENSMMUG00000057894	0
ENSMMUG00000020089	0
ENSMMUG00000013405	0
ENSMMUG00000037492	0
ENSMMUG00000055483	0
ENSMMUG00000013407	0
ENSMMUG00000022728	6
ENSMMUG00000018652	0
ENSMMUG00000049886	0
ENSMMUG00000019776	0
ENSMMUG00000053974	0
ENSMMUG00000026362	0
ENSMMUG00000025627	0
ENSMMUG00000058843	2
ENSMMUG00000054632	2
ENSMMUG00000053283	0
ENSMMUG00000062544	0
ENSMMUG00000051662	1
ENSMMUG00000064068	0
ENSMMUG00000012107	0
ENSMMUG00000038489	0
ENSMMUG00000059531	0
ENSMMUG00000060576	0
ENSMMUG00000052276	0
ENSMMUG00000022730	221
ENSMMUG00000064955	0
ENSMMUG00000057702	0
ENSMMUG00000053107	0
ENSMMUG00000052829	0
ENSMMUG00000063949	0
ENSMMUG00000052538	0
ENSMMUG00000054278	0
ENSMMUG00000041194	0
ENSMMUG00000059129	0
ENSMMUG00000062340	0
ENSMMUG00000060168	0
ENSMMUG00000043308	0
ENSMMUG00000065108	0
ENSMMUG00000052978	0
ENSMMUG00000052328	0
ENSMMUG00000063255	0
ENSMMUG00000007097	0
ENSMMUG00000053516	0
ENSMMUG00000006458	5
ENSMMUG00000014384	6
ENSMMUG00000011785	0
ENSMMUG00000061706	0
ENSMMUG00000049946	0
ENSMMUG00000053559	0
ENSMMUG00000014122	0
ENSMMUG00000004949	0
ENSMMUG00000006779	0
ENSMMUG00000042946	0
ENSMMUG00000053014	1
ENSMMUG00000024119	0
ENSMMUG00000008727	75
ENSMMUG00000065253	0
ENSMMUG00000018261	0
ENSMMUG00000065283	0
ENSMMUG00000004087	3
ENSMMUG00000006784	0
ENSMMUG00000049475	0
ENSMMUG00000053148	0
ENSMMUG00000060678	0
ENSMMUG00000050824	0
ENSMMUG00000022490	1
ENSMMUG00000006460	0
ENSMMUG00000017056	2
ENSMMUG00000055562	7
ENSMMUG00000064838	0
ENSMMUG00000008725	36
ENSMMUG00000021650	16
ENSMMUG00000062015	0
ENSMMUG00000039622	0
ENSMMUG00000023470	0
ENSMMUG00000008723	8
ENSMMUG00000052737	0
ENSMMUG00000013015	3
ENSMMUG00000058030	0
ENSMMUG00000052234	0
ENSMMUG00000060303	3
ENSMMUG00000004591	0
ENSMMUG00000021722	0
ENSMMUG00000054047	0
ENSMMUG00000061030	4
ENSMMUG00000063929	0
ENSMMUG00000052008	0
ENSMMUG00000022502	0
ENSMMUG00000054973	0
ENSMMUG00000001801	2
ENSMMUG00000059144	20
ENSMMUG00000022503	0
ENSMMUG00000022394	0
ENSMMUG00000050115	0
ENSMMUG00000055297	0
ENSMMUG00000063794	0
ENSMMUG00000061426	0
ENSMMUG00000022504	0
ENSMMUG00000062979	0
ENSMMUG00000055884	0
ENSMMUG00000017605	1
ENSMMUG00000057693	0
ENSMMUG00000019724	0
ENSMMUG00000059171	0
ENSMMUG00000008601	0
ENSMMUG00000006331	2
ENSMMUG00000057007	0
ENSMMUG00000014082	2
ENSMMUG00000032747	0
ENSMMUG00000060885	0
ENSMMUG00000064503	4
ENSMMUG00000032842	0
ENSMMUG00000063367	0
ENSMMUG00000004021	15
ENSMMUG00000055779	0
ENSMMUG00000050435	0
ENSMMUG00000013440	32
ENSMMUG00000059943	0
ENSMMUG00000055123	0
ENSMMUG00000064285	0
ENSMMUG00000021726	0
ENSMMUG00000013442	4
ENSMMUG00000011227	1
ENSMMUG00000058309	0
ENSMMUG00000011228	1
ENSMMUG00000059507	0
ENSMMUG00000054670	0
ENSMMUG00000027069	0
ENSMMUG00000054775	0
ENSMMUG00000060853	49
ENSMMUG00000062987	2
ENSMMUG00000059527	0
ENSMMUG00000013084	0
ENSMMUG00000053441	3
ENSMMUG00000061887	0
ENSMMUG00000044086	2
ENSMMUG00000058243	188
ENSMMUG00000058499	0
ENSMMUG00000055479	0
ENSMMUG00000063916	0
ENSMMUG00000049381	0
ENSMMUG00000011269	0
ENSMMUG00000063901	0
ENSMMUG00000049612	0
ENSMMUG00000043630	0
ENSMMUG00000062591	0
ENSMMUG00000055088	0
ENSMMUG00000062067	0
ENSMMUG00000060184	0
ENSMMUG00000027100	0
ENSMMUG00000053178	0
ENSMMUG00000027023	0
ENSMMUG00000062801	0
ENSMMUG00000026912	0
ENSMMUG00000053690	0
ENSMMUG00000055941	3
ENSMMUG00000046715	0
ENSMMUG00000049925	0
ENSMMUG00000056772	0
ENSMMUG00000013447	31
ENSMMUG00000058554	0
ENSMMUG00000052717	0
ENSMMUG00000055465	0
ENSMMUG00000062494	0
ENSMMUG00000060653	0
ENSMMUG00000054100	0
ENSMMUG00000061717	0
ENSMMUG00000057524	0
ENSMMUG00000062928	0
ENSMMUG00000001308	0
ENSMMUG00000011232	2
ENSMMUG00000007770	0
ENSMMUG00000054864	0
ENSMMUG00000062114	0
ENSMMUG00000013450	16
ENSMMUG00000058725	0
ENSMMUG00000025475	0
ENSMMUG00000058199	0
ENSMMUG00000055045	0
ENSMMUG00000035313	0
ENSMMUG00000030448	1
ENSMMUG00000064940	0
ENSMMUG00000056346	0
ENSMMUG00000036921	0
ENSMMUG00000052990	0
ENSMMUG00000017675	0
ENSMMUG00000052564	0
ENSMMUG00000017063	96
ENSMMUG00000011672	0
ENSMMUG00000050574	0
ENSMMUG00000051302	0
ENSMMUG00000050168	0
ENSMMUG00000057603	0
ENSMMUG00000058293	0
ENSMMUG00000036439	0
ENSMMUG00000013452	17
ENSMMUG00000007351	4
ENSMMUG00000046561	0
ENSMMUG00000051491	46
ENSMMUG00000044333	0
ENSMMUG00000056368	0
ENSMMUG00000039501	2
ENSMMUG00000013453	0
ENSMMUG00000064560	0
ENSMMUG00000017064	20
ENSMMUG00000064256	1
ENSMMUG00000018401	63
ENSMMUG00000039079	4
ENSMMUG00000000246	0
ENSMMUG00000018402	20
ENSMMUG00000018404	5
ENSMMUG00000049357	0
ENSMMUG00000007204	1
ENSMMUG00000058932	0
ENSMMUG00000050732	0
ENSMMUG00000007045	4
ENSMMUG00000060895	0
ENSMMUG00000056853	0
ENSMMUG00000007206	9
ENSMMUG00000024461	0
ENSMMUG00000010297	0
ENSMMUG00000019992	0
ENSMMUG00000008219	0
ENSMMUG00000062128	2
ENSMMUG00000053562	0
ENSMMUG00000061790	0
ENSMMUG00000053341	0
ENSMMUG00000056271	0
ENSMMUG00000018405	0
ENSMMUG00000060363	0
ENSMMUG00000027096	0
ENSMMUG00000007208	14
ENSMMUG00000054818	0
ENSMMUG00000007209	85
ENSMMUG00000059307	0
ENSMMUG00000051278	1
ENSMMUG00000017058	0
ENSMMUG00000008220	6
ENSMMUG00000049463	0
ENSMMUG00000057474	0
ENSMMUG00000011748	73
ENSMMUG00000019991	0
ENSMMUG00000012540	0
ENSMMUG00000011750	0
ENSMMUG00000049620	0
ENSMMUG00000000505	0
ENSMMUG00000052346	0
ENSMMUG00000054296	0
ENSMMUG00000055645	0
ENSMMUG00000039033	0
ENSMMUG00000012548	6
ENSMMUG00000060460	0
ENSMMUG00000056863	0
ENSMMUG00000000504	5
ENSMMUG00000053646	0
ENSMMUG00000050524	1
ENSMMUG00000052062	0
ENSMMUG00000055826	0
ENSMMUG00000056537	0
ENSMMUG00000058569	0
ENSMMUG00000008733	0
ENSMMUG00000060574	0
ENSMMUG00000052801	0
ENSMMUG00000052979	0
ENSMMUG00000025345	0
ENSMMUG00000044365	0
ENSMMUG00000059219	0
ENSMMUG00000023308	0
ENSMMUG00000032971	0
ENSMMUG00000044759	1
ENSMMUG00000023310	0
ENSMMUG00000043922	0
ENSMMUG00000061367	0
ENSMMUG00000054231	0
ENSMMUG00000002434	0
ENSMMUG00000051215	0
ENSMMUG00000058084	0
ENSMMUG00000051765	0
ENSMMUG00000033348	0
ENSMMUG00000011153	10
ENSMMUG00000052615	0
ENSMMUG00000004282	0
ENSMMUG00000038178	0
ENSMMUG00000063932	0
ENSMMUG00000061445	0
ENSMMUG00000003176	1
ENSMMUG00000002435	0
ENSMMUG00000000182	6
ENSMMUG00000049619	0
ENSMMUG00000047872	12
ENSMMUG00000043070	11
ENSMMUG00000022806	0
ENSMMUG00000051860	0
ENSMMUG00000012720	158
ENSMMUG00000055724	0
ENSMMUG00000002439	5
ENSMMUG00000027077	0
ENSMMUG00000051283	0
ENSMMUG00000028555	0
ENSMMUG00000053556	0
ENSMMUG00000002440	0
ENSMMUG00000037597	21
ENSMMUG00000013719	0
ENSMMUG00000013080	50
ENSMMUG00000051643	0
ENSMMUG00000051225	0
ENSMMUG00000013083	0
ENSMMUG00000012418	0
ENSMMUG00000012724	143
ENSMMUG00000054497	0
ENSMMUG00000056666	0
ENSMMUG00000003283	0
ENSMMUG00000055803	0
ENSMMUG00000011659	1
ENSMMUG00000012728	22
ENSMMUG00000058875	0
ENSMMUG00000054611	3
ENSMMUG00000062357	0
ENSMMUG00000061966	0
ENSMMUG00000041566	56
ENSMMUG00000046397	0
ENSMMUG00000056983	0
ENSMMUG00000062930	0
ENSMMUG00000010463	0
ENSMMUG00000056451	0
ENSMMUG00000046663	0
ENSMMUG00000048302	0
ENSMMUG00000046847	0
ENSMMUG00000015311	33
ENSMMUG00000044304	0
ENSMMUG00000062686	0
ENSMMUG00000055609	0
ENSMMUG00000043490	0
ENSMMUG00000017020	2
ENSMMUG00000053532	0
ENSMMUG00000015309	9
ENSMMUG00000015803	0
ENSMMUG00000022072	22
ENSMMUG00000002947	8
ENSMMUG00000022074	10
ENSMMUG00000002949	0
ENSMMUG00000002950	1
ENSMMUG00000037080	0
ENSMMUG00000063077	0
ENSMMUG00000021542	0
ENSMMUG00000065050	0
ENSMMUG00000015797	16
ENSMMUG00000043316	0
ENSMMUG00000036074	0
ENSMMUG00000007461	0
ENSMMUG00000015529	2
ENSMMUG00000063216	0
ENSMMUG00000063265	0
ENSMMUG00000006475	1
ENSMMUG00000004080	159
ENSMMUG00000019181	0
ENSMMUG00000004082	69
ENSMMUG00000044458	0
ENSMMUG00000062433	0
ENSMMUG00000011385	2
ENSMMUG00000058769	0
ENSMMUG00000008581	0
ENSMMUG00000056587	0
ENSMMUG00000059580	0
ENSMMUG00000022863	0
ENSMMUG00000015404	0
ENSMMUG00000015409	94
ENSMMUG00000015411	164
ENSMMUG00000054441	6
ENSMMUG00000019109	4
ENSMMUG00000015412	156
ENSMMUG00000030218	4
ENSMMUG00000059211	0
ENSMMUG00000036250	0
ENSMMUG00000019125	2
ENSMMUG00000053111	4
ENSMMUG00000060405	48
ENSMMUG00000051749	0
ENSMMUG00000006564	2
ENSMMUG00000053978	0
ENSMMUG00000063625	0
ENSMMUG00000006567	96
ENSMMUG00000064962	0
ENSMMUG00000021858	0
ENSMMUG00000062088	0
ENSMMUG00000045463	1
ENSMMUG00000059997	0
ENSMMUG00000065351	0
ENSMMUG00000033822	0
ENSMMUG00000021289	0
ENSMMUG00000053393	0
ENSMMUG00000002116	0
ENSMMUG00000020442	0
ENSMMUG00000010755	0
ENSMMUG00000046165	0
ENSMMUG00000034791	0
ENSMMUG00000028086	0
ENSMMUG00000048853	0
ENSMMUG00000055832	0
ENSMMUG00000053102	0
ENSMMUG00000026830	0
ENSMMUG00000045082	0
ENSMMUG00000028627	0
ENSMMUG00000027098	0
ENSMMUG00000026997	0
ENSMMUG00000051993	0
ENSMMUG00000009632	0
ENSMMUG00000020451	6
ENSMMUG00000032866	0
ENSMMUG00000064737	0
ENSMMUG00000018743	2
ENSMMUG00000005127	0
ENSMMUG00000017541	0
ENSMMUG00000020456	16
ENSMMUG00000021293	0
ENSMMUG00000025903	0
ENSMMUG00000001671	2
ENSMMUG00000020459	110
ENSMMUG00000050885	0
ENSMMUG00000055342	0
ENSMMUG00000040076	1
ENSMMUG00000020466	11
ENSMMUG00000063645	0
ENSMMUG00000009546	0
ENSMMUG00000055422	0
ENSMMUG00000043445	0
ENSMMUG00000006672	0
ENSMMUG00000054070	0
ENSMMUG00000032580	114
ENSMMUG00000049654	0
ENSMMUG00000006679	0
ENSMMUG00000013494	1
ENSMMUG00000006682	12
ENSMMUG00000032634	0
ENSMMUG00000047605	0
ENSMMUG00000053728	0
ENSMMUG00000006687	66
ENSMMUG00000000915	0
ENSMMUG00000010035	0
ENSMMUG00000058300	0
ENSMMUG00000021543	0
ENSMMUG00000000916	0
ENSMMUG00000058048	0
ENSMMUG00000034278	0
ENSMMUG00000052195	1
ENSMMUG00000060808	0
ENSMMUG00000049882	0
ENSMMUG00000058750	0
ENSMMUG00000057442	0
ENSMMUG00000000917	7
ENSMMUG00000050356	0
ENSMMUG00000006244	4
ENSMMUG00000057778	0
ENSMMUG00000006248	0
ENSMMUG00000006249	0
ENSMMUG00000064159	0
ENSMMUG00000015929	0
ENSMMUG00000038898	0
ENSMMUG00000051076	2
ENSMMUG00000013098	0
ENSMMUG00000010943	0
ENSMMUG00000053326	4
ENSMMUG00000057973	1
ENSMMUG00000048649	0
ENSMMUG00000065173	0
ENSMMUG00000028452	0
ENSMMUG00000028442	0
ENSMMUG00000027349	0
ENSMMUG00000049864	0
ENSMMUG00000058648	0
ENSMMUG00000042048	2
ENSMMUG00000052358	0
ENSMMUG00000002651	1
ENSMMUG00000033136	0
ENSMMUG00000017721	0
ENSMMUG00000064934	0
ENSMMUG00000058782	5
ENSMMUG00000012238	361
ENSMMUG00000034712	0
ENSMMUG00000062417	0
ENSMMUG00000004598	25
ENSMMUG00000018549	1
ENSMMUG00000037485	0
ENSMMUG00000011237	0
ENSMMUG00000054821	0
ENSMMUG00000039557	0
ENSMMUG00000062256	0
ENSMMUG00000000767	0
ENSMMUG00000006527	0
ENSMMUG00000050711	9
ENSMMUG00000011788	3
ENSMMUG00000043617	0
ENSMMUG00000052617	14
ENSMMUG00000007212	145
ENSMMUG00000002497	0
ENSMMUG00000006530	0
ENSMMUG00000054253	0
ENSMMUG00000057809	0
ENSMMUG00000055606	0
ENSMMUG00000018707	3
ENSMMUG00000002042	0
ENSMMUG00000060626	0
ENSMMUG00000065296	0
ENSMMUG00000050211	0
ENSMMUG00000009138	0
ENSMMUG00000017159	0
ENSMMUG00000051016	38
ENSMMUG00000049465	0
ENSMMUG00000059102	5
ENSMMUG00000049254	0
ENSMMUG00000050339	0
ENSMMUG00000062419	0
ENSMMUG00000062554	214
ENSMMUG00000039133	996
ENSMMUG00000047155	0
ENSMMUG00000048379	0
ENSMMUG00000002317	2
ENSMMUG00000052888	0
ENSMMUG00000051020	0
ENSMMUG00000052566	0
ENSMMUG00000048892	0
ENSMMUG00000036692	0
ENSMMUG00000011831	3
ENSMMUG00000049696	0
ENSMMUG00000060757	0
ENSMMUG00000049325	0
ENSMMUG00000059100	0
ENSMMUG00000052725	0
ENSMMUG00000064998	2
ENSMMUG00000063970	0
ENSMMUG00000046437	0
ENSMMUG00000002318	0
ENSMMUG00000057027	80
ENSMMUG00000051002	0
ENSMMUG00000002650	103
ENSMMUG00000046200	0
ENSMMUG00000062354	0
ENSMMUG00000016181	0
ENSMMUG00000063700	0
ENSMMUG00000063230	1
ENSMMUG00000011834	3
ENSMMUG00000051950	0
ENSMMUG00000056101	0
ENSMMUG00000002645	24
ENSMMUG00000063125	3
ENSMMUG00000062187	0
ENSMMUG00000053741	0
ENSMMUG00000057847	0
ENSMMUG00000016384	1
ENSMMUG00000040171	0
ENSMMUG00000004679	0
ENSMMUG00000015535	0
ENSMMUG00000056908	8
ENSMMUG00000062092	0
ENSMMUG00000058817	74
ENSMMUG00000000782	0
ENSMMUG00000050336	0
ENSMMUG00000002894	0
ENSMMUG00000015272	5
ENSMMUG00000062384	0
ENSMMUG00000056441	0
ENSMMUG00000011122	1
ENSMMUG00000063623	0
ENSMMUG00000025917	0
ENSMMUG00000000779	4
ENSMMUG00000025184	0
ENSMMUG00000057069	0
ENSMMUG00000015275	0
ENSMMUG00000002433	3
ENSMMUG00000002273	5
ENSMMUG00000005233	1
ENSMMUG00000015276	60
ENSMMUG00000064754	0
ENSMMUG00000022633	0
ENSMMUG00000005232	1
ENSMMUG00000039693	0
ENSMMUG00000045555	1
ENSMMUG00000064014	1
ENSMMUG00000055328	0
ENSMMUG00000056039	0
ENSMMUG00000043412	26
ENSMMUG00000062696	0
ENSMMUG00000022636	1
ENSMMUG00000024362	0
ENSMMUG00000016386	114
ENSMMUG00000001270	13
ENSMMUG00000060375	0
ENSMMUG00000015965	0
ENSMMUG00000059295	0
ENSMMUG00000030802	3
ENSMMUG00000017640	5
ENSMMUG00000060025	0
ENSMMUG00000054135	3
ENSMMUG00000062125	1
ENSMMUG00000055217	0
ENSMMUG00000011386	1
ENSMMUG00000056213	0
ENSMMUG00000059709	0
ENSMMUG00000062226	0
ENSMMUG00000056812	0
ENSMMUG00000062033	0
ENSMMUG00000008033	2
ENSMMUG00000052830	106
ENSMMUG00000011762	0
ENSMMUG00000047276	15
ENSMMUG00000051107	4
ENSMMUG00000058629	0
ENSMMUG00000053874	0
ENSMMUG00000063031	1
ENSMMUG00000017008	96
ENSMMUG00000017108	7
ENSMMUG00000056372	6
ENSMMUG00000040065	40
ENSMMUG00000002430	0
ENSMMUG00000060686	0
ENSMMUG00000049295	2
ENSMMUG00000008596	0
ENSMMUG00000016770	0
ENSMMUG00000063584	0
ENSMMUG00000002427	0
ENSMMUG00000052812	0
ENSMMUG00000064699	0
ENSMMUG00000015543	0
ENSMMUG00000011536	0
ENSMMUG00000038627	0
ENSMMUG00000020435	0
ENSMMUG00000015547	0
ENSMMUG00000020436	0
ENSMMUG00000002411	17
ENSMMUG00000053746	0
ENSMMUG00000015548	0
ENSMMUG00000017321	0
ENSMMUG00000053005	0
ENSMMUG00000063722	2
ENSMMUG00000064255	0
ENSMMUG00000022642	0
ENSMMUG00000063547	0
ENSMMUG00000008005	0
ENSMMUG00000011541	3
ENSMMUG00000016191	0
ENSMMUG00000011542	25
ENSMMUG00000060087	12
ENSMMUG00000011544	2
ENSMMUG00000043306	0
ENSMMUG00000020437	179
ENSMMUG00000005718	0
ENSMMUG00000002426	1
ENSMMUG00000005719	0
ENSMMUG00000007037	0
ENSMMUG00000049185	0
ENSMMUG00000002423	13
ENSMMUG00000007036	0
ENSMMUG00000054565	0
ENSMMUG00000060381	0
ENSMMUG00000010664	0
ENSMMUG00000039248	0
ENSMMUG00000041957	0
ENSMMUG00000048740	0
ENSMMUG00000002422	6
ENSMMUG00000020587	1
ENSMMUG00000062061	0
ENSMMUG00000007032	4
ENSMMUG00000059273	0
ENSMMUG00000027964	0
ENSMMUG00000055183	0
ENSMMUG00000058509	0
ENSMMUG00000019832	0
ENSMMUG00000033913	0
ENSMMUG00000002878	0
ENSMMUG00000049416	0
ENSMMUG00000043491	0
ENSMMUG00000018920	0
ENSMMUG00000002421	7
ENSMMUG00000064860	515
ENSMMUG00000002408	0
ENSMMUG00000057730	0
ENSMMUG00000054741	0
ENSMMUG00000041158	0
ENSMMUG00000056622	0
ENSMMUG00000055430	0
ENSMMUG00000015240	0
ENSMMUG00000027281	0
ENSMMUG00000056444	2
ENSMMUG00000034369	0
ENSMMUG00000002428	0
ENSMMUG00000061812	0
ENSMMUG00000019393	8
ENSMMUG00000055557	0
ENSMMUG00000019023	117
ENSMMUG00000065266	0
ENSMMUG00000015421	1
ENSMMUG00000065142	0
ENSMMUG00000046381	2
ENSMMUG00000006328	0
ENSMMUG00000015427	0
ENSMMUG00000017382	0
ENSMMUG00000015429	0
ENSMMUG00000015432	2
ENSMMUG00000019022	19
ENSMMUG00000019015	0
ENSMMUG00000015436	142
ENSMMUG00000027221	0
ENSMMUG00000026940	0
ENSMMUG00000052833	0
ENSMMUG00000055746	0
ENSMMUG00000052584	0
ENSMMUG00000054694	0
ENSMMUG00000051182	0
ENSMMUG00000005322	0
ENSMMUG00000007250	1
ENSMMUG00000064949	0
ENSMMUG00000061020	0
ENSMMUG00000050300	0
ENSMMUG00000059363	0
ENSMMUG00000050823	0
ENSMMUG00000053339	0
ENSMMUG00000064907	0
ENSMMUG00000036663	0
ENSMMUG00000013764	0
ENSMMUG00000059330	0
ENSMMUG00000065095	0
ENSMMUG00000006421	0
ENSMMUG00000055080	0
ENSMMUG00000057956	0
ENSMMUG00000049363	1
ENSMMUG00000035562	0
ENSMMUG00000037237	0
ENSMMUG00000024428	0
ENSMMUG00000037001	0
ENSMMUG00000053696	0
ENSMMUG00000037473	0
ENSMMUG00000060273	0
ENSMMUG00000022451	0
ENSMMUG00000014509	1
ENSMMUG00000055573	0
ENSMMUG00000052540	0
ENSMMUG00000057810	0
ENSMMUG00000022449	0
ENSMMUG00000051741	0
ENSMMUG00000052530	0
ENSMMUG00000010823	0
ENSMMUG00000060462	0
ENSMMUG00000059386	0
ENSMMUG00000014512	0
ENSMMUG00000013614	0
ENSMMUG00000009612	10
ENSMMUG00000061135	0
ENSMMUG00000063193	0
ENSMMUG00000054750	0
ENSMMUG00000009616	0
ENSMMUG00000047073	0
ENSMMUG00000060185	30
ENSMMUG00000061466	0
ENSMMUG00000050644	0
ENSMMUG00000049449	0
ENSMMUG00000054924	0
ENSMMUG00000001702	0
ENSMMUG00000026577	0
ENSMMUG00000026102	0
ENSMMUG00000024815	0
ENSMMUG00000042817	46
ENSMMUG00000061654	0
ENSMMUG00000065307	0
ENSMMUG00000056215	0
ENSMMUG00000054607	4
ENSMMUG00000025105	0
ENSMMUG00000018064	14
ENSMMUG00000001799	5
ENSMMUG00000055023	0
ENSMMUG00000063906	0
ENSMMUG00000045215	0
ENSMMUG00000052918	0
ENSMMUG00000050966	0
ENSMMUG00000050621	0
ENSMMUG00000050440	125
ENSMMUG00000013563	0
ENSMMUG00000042118	1
ENSMMUG00000017106	0
ENSMMUG00000057908	0
ENSMMUG00000024346	0
ENSMMUG00000008914	3
ENSMMUG00000050009	0
ENSMMUG00000024995	0
ENSMMUG00000051801	0
ENSMMUG00000010042	0
ENSMMUG00000062797	2
ENSMMUG00000047932	0
ENSMMUG00000045064	0
ENSMMUG00000000962	2
ENSMMUG00000061859	0
ENSMMUG00000016638	5
ENSMMUG00000002652	2
ENSMMUG00000064180	0
ENSMMUG00000044415	0
ENSMMUG00000046954	0
ENSMMUG00000032929	0
ENSMMUG00000043163	0
ENSMMUG00000055532	0
ENSMMUG00000059216	0
ENSMMUG00000059841	0
ENSMMUG00000053212	0
ENSMMUG00000059227	0
ENSMMUG00000059623	0
ENSMMUG00000056959	0
ENSMMUG00000060735	0
ENSMMUG00000064521	0
ENSMMUG00000014171	0
ENSMMUG00000057444	0
ENSMMUG00000052713	0
ENSMMUG00000058997	0
ENSMMUG00000057307	0
ENSMMUG00000063025	1
ENSMMUG00000051061	0
ENSMMUG00000055470	0
ENSMMUG00000035796	0
ENSMMUG00000061318	1
ENSMMUG00000016912	0
ENSMMUG00000004774	0
ENSMMUG00000021034	0
ENSMMUG00000061337	0
ENSMMUG00000051895	0
ENSMMUG00000011027	0
ENSMMUG00000042412	2
ENSMMUG00000054906	2
ENSMMUG00000001336	0
ENSMMUG00000058458	0
ENSMMUG00000000330	12
ENSMMUG00000016915	0
ENSMMUG00000061124	0
ENSMMUG00000053009	0
ENSMMUG00000030145	3
ENSMMUG00000030144	1
ENSMMUG00000053687	1
ENSMMUG00000063115	0
ENSMMUG00000050328	0
ENSMMUG00000064695	0
ENSMMUG00000058222	0
ENSMMUG00000044766	2
ENSMMUG00000057634	24
ENSMMUG00000050369	0
ENSMMUG00000056973	11
ENSMMUG00000014251	0
ENSMMUG00000042951	53
ENSMMUG00000020488	22
ENSMMUG00000064559	0
ENSMMUG00000013553	2
ENSMMUG00000001224	0
ENSMMUG00000053263	52
ENSMMUG00000055739	0
ENSMMUG00000053356	0
ENSMMUG00000013557	458
ENSMMUG00000001226	0
ENSMMUG00000000179	0
ENSMMUG00000050416	0
ENSMMUG00000055927	0
ENSMMUG00000036596	0
ENSMMUG00000011877	4
ENSMMUG00000001376	0
ENSMMUG00000061800	0
ENSMMUG00000024350	0
ENSMMUG00000046386	0
ENSMMUG00000063068	0
ENSMMUG00000060546	0
ENSMMUG00000057397	0
ENSMMUG00000064865	0
ENSMMUG00000020502	0
ENSMMUG00000011878	3
ENSMMUG00000055101	1
ENSMMUG00000065235	0
ENSMMUG00000011130	0
ENSMMUG00000054934	0
ENSMMUG00000005018	4
ENSMMUG00000014782	0
ENSMMUG00000025071	0
ENSMMUG00000055022	2
ENSMMUG00000005023	1
ENSMMUG00000011734	2
ENSMMUG00000064036	0
ENSMMUG00000035406	0
ENSMMUG00000047162	0
ENSMMUG00000056115	0
ENSMMUG00000050455	0
ENSMMUG00000061196	0
ENSMMUG00000055474	0
ENSMMUG00000045739	0
ENSMMUG00000053101	0
ENSMMUG00000016180	1
ENSMMUG00000015114	0
ENSMMUG00000018398	0
ENSMMUG00000034485	0
ENSMMUG00000061758	0
ENSMMUG00000059786	0
ENSMMUG00000038950	0
ENSMMUG00000060812	0
ENSMMUG00000062203	2
ENSMMUG00000015288	0
ENSMMUG00000033492	0
ENSMMUG00000016149	0
ENSMMUG00000056057	17
ENSMMUG00000056661	11
ENSMMUG00000023904	0
ENSMMUG00000022191	0
ENSMMUG00000030130	0
ENSMMUG00000022192	0
ENSMMUG00000056563	0
ENSMMUG00000013841	3
ENSMMUG00000008738	11
ENSMMUG00000037127	6
ENSMMUG00000059013	0
ENSMMUG00000037201	0
ENSMMUG00000012265	7
ENSMMUG00000049538	0
ENSMMUG00000032982	0
ENSMMUG00000051164	0
ENSMMUG00000003984	0
ENSMMUG00000057857	0
ENSMMUG00000059351	0
ENSMMUG00000053299	0
ENSMMUG00000051086	48
ENSMMUG00000059426	0
ENSMMUG00000047936	0
ENSMMUG00000064150	0
ENSMMUG00000044181	0
ENSMMUG00000060054	0
ENSMMUG00000059714	0
ENSMMUG00000050815	0
ENSMMUG00000050228	0
ENSMMUG00000054693	0
ENSMMUG00000054898	1
ENSMMUG00000014126	16
ENSMMUG00000029743	1
ENSMMUG00000055930	0
ENSMMUG00000054063	0
ENSMMUG00000059143	0
ENSMMUG00000049080	0
ENSMMUG00000053414	0
ENSMMUG00000050393	0
ENSMMUG00000060800	0
ENSMMUG00000004749	0
ENSMMUG00000009171	0
ENSMMUG00000026873	0
ENSMMUG00000004752	5
ENSMMUG00000059787	1
ENSMMUG00000037313	0
ENSMMUG00000042159	0
ENSMMUG00000029776	0
ENSMMUG00000000570	0
ENSMMUG00000011553	2
ENSMMUG00000050051	0
ENSMMUG00000061125	0
ENSMMUG00000011554	63
ENSMMUG00000056709	0
ENSMMUG00000026703	0
ENSMMUG00000015840	0
ENSMMUG00000065226	0
ENSMMUG00000015092	0
ENSMMUG00000049513	7
ENSMMUG00000046970	0
ENSMMUG00000011556	304
ENSMMUG00000059105	0
ENSMMUG00000061192	0
ENSMMUG00000057846	0
ENSMMUG00000052766	0
ENSMMUG00000056310	0
ENSMMUG00000049372	0
ENSMMUG00000062723	0
ENSMMUG00000027925	0
ENSMMUG00000058511	0
ENSMMUG00000015781	0
ENSMMUG00000062040	4
ENSMMUG00000054640	0
ENSMMUG00000011557	0
ENSMMUG00000019401	0
ENSMMUG00000050771	0
ENSMMUG00000057889	0
ENSMMUG00000050352	0
ENSMMUG00000011559	0
ENSMMUG00000016008	0
ENSMMUG00000013793	0
ENSMMUG00000054793	0
ENSMMUG00000011563	0
ENSMMUG00000029809	0
ENSMMUG00000049935	0
ENSMMUG00000032958	0
ENSMMUG00000054798	6
ENSMMUG00000011565	0
ENSMMUG00000052015	0
ENSMMUG00000007069	0
ENSMMUG00000007899	2
ENSMMUG00000009111	174
ENSMMUG00000020111	0
ENSMMUG00000006811	145
ENSMMUG00000019996	0
ENSMMUG00000050553	0
ENSMMUG00000057388	458
ENSMMUG00000046228	0
ENSMMUG00000051748	0
ENSMMUG00000062873	9
ENSMMUG00000059641	0
ENSMMUG00000053165	0
ENSMMUG00000054708	0
ENSMMUG00000059414	13
ENSMMUG00000061532	0
ENSMMUG00000049686	0
ENSMMUG00000016682	0
ENSMMUG00000053051	0
ENSMMUG00000057290	0
ENSMMUG00000052139	0
ENSMMUG00000021941	0
ENSMMUG00000021943	0
ENSMMUG00000033319	0
ENSMMUG00000016683	0
ENSMMUG00000057240	0
ENSMMUG00000050478	0
ENSMMUG00000010102	0
ENSMMUG00000056480	0
ENSMMUG00000021963	38
ENSMMUG00000026368	0
ENSMMUG00000000823	2
ENSMMUG00000008848	0
ENSMMUG00000059336	1
ENSMMUG00000047460	0
ENSMMUG00000053798	0
ENSMMUG00000021547	3
ENSMMUG00000003067	6
ENSMMUG00000037806	1
ENSMMUG00000009113	71
ENSMMUG00000018827	0
ENSMMUG00000002848	22
ENSMMUG00000059290	0
ENSMMUG00000032878	0
ENSMMUG00000025934	2
ENSMMUG00000052308	0
ENSMMUG00000062970	0
ENSMMUG00000055115	0
ENSMMUG00000052750	108
ENSMMUG00000048227	0
ENSMMUG00000005909	2
ENSMMUG00000005414	0
ENSMMUG00000021964	5
ENSMMUG00000014607	0
ENSMMUG00000019715	0
ENSMMUG00000051055	0
ENSMMUG00000033793	0
ENSMMUG00000057997	0
ENSMMUG00000009317	5
ENSMMUG00000064883	0
ENSMMUG00000053830	0
ENSMMUG00000051018	0
ENSMMUG00000009058	3
ENSMMUG00000010858	0
ENSMMUG00000008202	0
ENSMMUG00000063396	0
ENSMMUG00000064051	2
ENSMMUG00000038541	4
ENSMMUG00000058105	0
ENSMMUG00000009059	0
ENSMMUG00000064283	4
ENSMMUG00000051062	2
ENSMMUG00000020679	0
ENSMMUG00000011214	0
ENSMMUG00000003772	0
ENSMMUG00000009298	0
ENSMMUG00000012588	49
ENSMMUG00000042822	0
ENSMMUG00000020683	0
ENSMMUG00000036396	0
ENSMMUG00000056015	0
ENSMMUG00000063591	0
ENSMMUG00000012293	0
ENSMMUG00000009301	0
ENSMMUG00000050450	0
ENSMMUG00000007087	8
ENSMMUG00000059140	5
ENSMMUG00000027707	0
ENSMMUG00000041860	0
ENSMMUG00000055139	0
ENSMMUG00000019764	0
ENSMMUG00000036340	0
ENSMMUG00000013282	2
ENSMMUG00000016086	2
ENSMMUG00000034609	0
ENSMMUG00000054274	0
ENSMMUG00000050000	0
ENSMMUG00000019846	0
ENSMMUG00000013283	0
ENSMMUG00000020112	2
ENSMMUG00000003130	4
ENSMMUG00000025467	0
ENSMMUG00000019926	9
ENSMMUG00000062576	0
ENSMMUG00000044957	0
ENSMMUG00000056136	0
ENSMMUG00000019550	5
ENSMMUG00000019997	8
ENSMMUG00000040145	0
ENSMMUG00000036680	0
ENSMMUG00000012591	412
ENSMMUG00000019553	0
ENSMMUG00000040329	0
ENSMMUG00000057434	0
ENSMMUG00000045681	0
ENSMMUG00000020113	0
ENSMMUG00000013980	2
ENSMMUG00000033632	0
ENSMMUG00000012696	0
ENSMMUG00000012593	105
ENSMMUG00000009758	7
ENSMMUG00000042643	164
ENSMMUG00000059444	0
ENSMMUG00000051031	0
ENSMMUG00000063242	0
ENSMMUG00000053161	0
ENSMMUG00000018143	0
ENSMMUG00000013284	0
ENSMMUG00000060066	0
ENSMMUG00000055330	0
ENSMMUG00000000137	0
ENSMMUG00000010682	0
ENSMMUG00000019998	40
ENSMMUG00000049398	0
ENSMMUG00000060788	0
ENSMMUG00000060900	0
ENSMMUG00000021051	12
ENSMMUG00000050442	0
ENSMMUG00000027421	0
ENSMMUG00000053795	0
ENSMMUG00000000144	0
ENSMMUG00000058463	0
ENSMMUG00000050289	0
ENSMMUG00000035973	0
ENSMMUG00000050867	0
ENSMMUG00000060969	0
ENSMMUG00000000465	0
ENSMMUG00000057465	1
ENSMMUG00000040187	0
ENSMMUG00000061922	0
ENSMMUG00000024055	0
ENSMMUG00000001130	0
ENSMMUG00000057656	0
ENSMMUG00000060945	2
ENSMMUG00000061306	0
ENSMMUG00000001131	0
ENSMMUG00000009116	0
ENSMMUG00000017031	0
ENSMMUG00000054880	0
ENSMMUG00000036061	0
ENSMMUG00000002649	339
ENSMMUG00000008302	0
ENSMMUG00000057243	0
ENSMMUG00000046045	0
ENSMMUG00000023419	0
ENSMMUG00000056424	0
ENSMMUG00000061510	0
ENSMMUG00000004932	0
ENSMMUG00000035580	0
ENSMMUG00000059262	0
ENSMMUG00000039572	0
ENSMMUG00000053691	0
ENSMMUG00000018142	5
ENSMMUG00000064855	0
ENSMMUG00000041134	0
ENSMMUG00000060295	0
ENSMMUG00000005147	0
ENSMMUG00000057304	0
ENSMMUG00000064943	0
ENSMMUG00000002653	1
ENSMMUG00000005148	0
ENSMMUG00000052137	0
ENSMMUG00000037135	0
ENSMMUG00000011196	8
ENSMMUG00000052819	0
ENSMMUG00000008710	4
ENSMMUG00000059223	0
ENSMMUG00000023863	0
ENSMMUG00000022838	17
ENSMMUG00000063921	0
ENSMMUG00000061686	0
ENSMMUG00000051152	0
ENSMMUG00000051174	0
ENSMMUG00000059706	15
ENSMMUG00000014245	0
ENSMMUG00000037395	0
ENSMMUG00000024109	3
ENSMMUG00000052775	0
ENSMMUG00000054223	0
ENSMMUG00000052903	0
ENSMMUG00000020180	0
ENSMMUG00000059538	0
ENSMMUG00000054095	0
ENSMMUG00000018640	4
ENSMMUG00000008100	38
ENSMMUG00000035459	0
ENSMMUG00000030035	0
ENSMMUG00000043447	0
ENSMMUG00000038505	0
ENSMMUG00000051958	0
ENSMMUG00000011198	12
ENSMMUG00000052920	0
ENSMMUG00000006287	0
ENSMMUG00000052492	0
ENSMMUG00000044051	0
ENSMMUG00000053258	0
ENSMMUG00000045336	0
ENSMMUG00000011026	2
ENSMMUG00000038655	0
ENSMMUG00000054282	0
ENSMMUG00000060292	0
ENSMMUG00000003312	0
ENSMMUG00000049940	0
ENSMMUG00000018621	41
ENSMMUG00000035515	0
ENSMMUG00000018737	0
ENSMMUG00000062640	0
ENSMMUG00000061005	0
ENSMMUG00000059870	0
ENSMMUG00000051989	0
ENSMMUG00000029855	0
ENSMMUG00000057706	1
ENSMMUG00000052409	0
ENSMMUG00000037402	0
ENSMMUG00000059559	0
ENSMMUG00000060746	0
ENSMMUG00000053139	0
ENSMMUG00000009985	0
ENSMMUG00000011033	1
ENSMMUG00000047731	0
ENSMMUG00000007457	0
ENSMMUG00000056474	0
ENSMMUG00000041279	0
ENSMMUG00000056893	0
ENSMMUG00000003131	1
ENSMMUG00000006291	7
ENSMMUG00000055492	0
ENSMMUG00000051203	0
ENSMMUG00000046550	8
ENSMMUG00000001375	6
ENSMMUG00000009768	8
ENSMMUG00000021053	3
ENSMMUG00000003133	0
ENSMMUG00000064344	0
ENSMMUG00000062875	0
ENSMMUG00000011061	0
ENSMMUG00000009770	33
ENSMMUG00000054709	0
ENSMMUG00000060388	84
ENSMMUG00000063370	0
ENSMMUG00000050941	1
ENSMMUG00000061003	0
ENSMMUG00000064771	1
ENSMMUG00000029878	12
ENSMMUG00000049370	0
ENSMMUG00000049085	0
ENSMMUG00000061116	0
ENSMMUG00000051840	0
ENSMMUG00000010313	1
ENSMMUG00000003919	16
ENSMMUG00000015489	0
ENSMMUG00000016787	0
ENSMMUG00000012672	7
ENSMMUG00000012516	4
ENSMMUG00000050444	160
ENSMMUG00000003921	1
ENSMMUG00000009041	22
ENSMMUG00000059206	0
ENSMMUG00000014175	0
ENSMMUG00000043533	26
ENSMMUG00000056708	3
ENSMMUG00000056192	0
ENSMMUG00000060402	0
ENSMMUG00000054777	82
ENSMMUG00000014881	0
ENSMMUG00000006139	23
ENSMMUG00000057828	0
ENSMMUG00000006165	8
ENSMMUG00000025308	0
ENSMMUG00000009158	0
ENSMMUG00000040485	0
ENSMMUG00000053680	0
ENSMMUG00000006216	0
ENSMMUG00000055785	0
ENSMMUG00000012387	4
ENSMMUG00000000419	5
ENSMMUG00000025859	0
ENSMMUG00000050351	0
ENSMMUG00000010308	10
ENSMMUG00000006217	0
ENSMMUG00000010309	3
ENSMMUG00000006141	10
ENSMMUG00000065013	0
ENSMMUG00000050304	0
ENSMMUG00000064349	9
ENSMMUG00000065193	10
ENSMMUG00000005665	0
ENSMMUG00000062111	0
ENSMMUG00000026429	0
ENSMMUG00000012520	3
ENSMMUG00000058891	0
ENSMMUG00000053169	0
ENSMMUG00000056016	132
ENSMMUG00000036153	0
ENSMMUG00000039781	0
ENSMMUG00000061751	3
ENSMMUG00000062300	0
ENSMMUG00000012521	6
ENSMMUG00000010312	0
ENSMMUG00000064673	0
ENSMMUG00000062083	0
ENSMMUG00000059036	0
ENSMMUG00000056954	4
ENSMMUG00000059554	4
ENSMMUG00000064602	0
ENSMMUG00000054738	0
ENSMMUG00000050008	0
ENSMMUG00000059710	0
ENSMMUG00000030085	0
ENSMMUG00000026941	0
ENSMMUG00000054330	0
ENSMMUG00000049919	0
ENSMMUG00000012525	0
ENSMMUG00000049608	0
ENSMMUG00000060891	0
ENSMMUG00000060221	0
ENSMMUG00000060654	36
ENSMMUG00000045588	0
ENSMMUG00000013183	5
ENSMMUG00000053948	0
ENSMMUG00000065280	0
ENSMMUG00000062237	0
ENSMMUG00000006144	6
ENSMMUG00000051941	0
ENSMMUG00000052021	0
ENSMMUG00000017087	0
ENSMMUG00000057082	0
ENSMMUG00000049860	0
ENSMMUG00000061558	0
ENSMMUG00000012389	4
ENSMMUG00000033202	0
ENSMMUG00000015638	5
ENSMMUG00000021942	170
ENSMMUG00000061277	0
ENSMMUG00000049168	0
ENSMMUG00000050464	0
ENSMMUG00000059080	2
ENSMMUG00000046138	0
ENSMMUG00000045543	43
ENSMMUG00000015640	11
ENSMMUG00000009045	15
ENSMMUG00000054525	0
ENSMMUG00000020215	70
ENSMMUG00000054721	0
ENSMMUG00000061016	0
ENSMMUG00000014647	8
ENSMMUG00000009046	18
ENSMMUG00000063544	0
ENSMMUG00000058993	0
ENSMMUG00000004389	0
ENSMMUG00000056357	0
ENSMMUG00000039594	0
ENSMMUG00000063679	1
ENSMMUG00000009047	9
ENSMMUG00000050884	12
ENSMMUG00000064151	0
ENSMMUG00000035540	1
ENSMMUG00000014465	24
ENSMMUG00000061069	0
ENSMMUG00000053035	0
ENSMMUG00000026928	0
ENSMMUG00000018739	3
ENSMMUG00000057930	0
ENSMMUG00000041106	0
ENSMMUG00000064938	0
ENSMMUG00000024171	0
ENSMMUG00000016192	7
ENSMMUG00000050454	0
ENSMMUG00000006146	6
ENSMMUG00000022869	0
ENSMMUG00000055632	0
ENSMMUG00000001353	0
ENSMMUG00000053268	0
ENSMMUG00000060172	0
ENSMMUG00000023971	0
ENSMMUG00000009365	0
ENSMMUG00000052376	0
ENSMMUG00000055521	0
ENSMMUG00000051939	0
ENSMMUG00000053775	0
ENSMMUG00000054841	0
ENSMMUG00000055333	214
ENSMMUG00000064757	0
ENSMMUG00000022870	4
ENSMMUG00000055980	0
ENSMMUG00000019887	0
ENSMMUG00000063729	0
ENSMMUG00000037249	0
ENSMMUG00000053248	12
ENSMMUG00000020214	16
ENSMMUG00000001676	1
ENSMMUG00000056957	0
ENSMMUG00000065128	0
ENSMMUG00000026029	4
ENSMMUG00000005567	0
ENSMMUG00000053558	0
ENSMMUG00000057101	0
ENSMMUG00000059412	4
ENSMMUG00000065291	0
ENSMMUG00000005177	0
ENSMMUG00000004770	0
ENSMMUG00000056688	4
ENSMMUG00000019807	10
ENSMMUG00000051600	0
ENSMMUG00000023988	0
ENSMMUG00000064913	0
ENSMMUG00000054141	0
ENSMMUG00000060861	0
ENSMMUG00000004771	0
ENSMMUG00000014452	0
ENSMMUG00000053770	0
ENSMMUG00000055799	0
ENSMMUG00000049361	0
ENSMMUG00000064696	0
ENSMMUG00000013364	0
ENSMMUG00000018972	6
ENSMMUG00000022982	1
ENSMMUG00000019205	0
ENSMMUG00000053656	0
ENSMMUG00000004772	0
ENSMMUG00000055497	0
ENSMMUG00000003499	1
ENSMMUG00000001678	0
ENSMMUG00000009057	1
ENSMMUG00000053208	39
ENSMMUG00000056250	0
ENSMMUG00000062707	0
ENSMMUG00000000752	1
ENSMMUG00000001951	3
ENSMMUG00000009396	0
ENSMMUG00000054535	0
ENSMMUG00000009366	7
ENSMMUG00000055113	0
ENSMMUG00000051661	0
ENSMMUG00000059726	0
ENSMMUG00000018974	15
ENSMMUG00000060605	0
ENSMMUG00000001950	0
ENSMMUG00000003497	28
ENSMMUG00000005181	0
ENSMMUG00000019814	0
ENSMMUG00000055271	0
ENSMMUG00000001948	0
ENSMMUG00000001947	0
ENSMMUG00000018976	0
ENSMMUG00000060331	0
ENSMMUG00000056597	0
ENSMMUG00000013582	0
ENSMMUG00000062969	2
ENSMMUG00000000332	0
ENSMMUG00000049569	0
ENSMMUG00000057913	0
ENSMMUG00000052511	0
ENSMMUG00000058515	0
ENSMMUG00000003787	21
ENSMMUG00000047309	0
ENSMMUG00000015223	0
ENSMMUG00000048792	0
ENSMMUG00000063940	0
ENSMMUG00000012132	0
ENSMMUG00000019816	0
ENSMMUG00000052685	0
ENSMMUG00000053367	0
ENSMMUG00000003062	0
ENSMMUG00000003789	43
ENSMMUG00000033191	0
ENSMMUG00000054511	1
ENSMMUG00000019817	16
ENSMMUG00000025292	0
ENSMMUG00000015225	1
ENSMMUG00000045473	0
ENSMMUG00000022988	46
ENSMMUG00000014009	0
ENSMMUG00000024683	0
ENSMMUG00000039522	2
ENSMMUG00000049924	0
ENSMMUG00000064063	0
ENSMMUG00000057587	0
ENSMMUG00000024786	0
ENSMMUG00000022891	13
ENSMMUG00000055196	0
ENSMMUG00000012353	2
ENSMMUG00000015226	0
ENSMMUG00000060389	0
ENSMMUG00000058082	166
ENSMMUG00000038163	0
ENSMMUG00000064649	0
ENSMMUG00000050810	0
ENSMMUG00000033132	0
ENSMMUG00000053152	0
ENSMMUG00000050110	0
ENSMMUG00000049317	0
ENSMMUG00000064547	0
ENSMMUG00000037139	0
ENSMMUG00000003791	0
ENSMMUG00000025376	0
ENSMMUG00000050158	0
ENSMMUG00000021354	3
ENSMMUG00000052301	0
ENSMMUG00000055066	0
ENSMMUG00000003146	4
ENSMMUG00000028453	0
ENSMMUG00000051531	0
ENSMMUG00000063272	0
ENSMMUG00000016909	2
ENSMMUG00000062146	0
ENSMMUG00000018379	0
ENSMMUG00000003569	6
ENSMMUG00000051103	0
ENSMMUG00000025999	0
ENSMMUG00000054302	0
ENSMMUG00000052291	1
ENSMMUG00000000340	0
ENSMMUG00000059966	58
ENSMMUG00000039386	103
ENSMMUG00000061096	0
ENSMMUG00000016914	1
ENSMMUG00000061176	0
ENSMMUG00000003316	5
ENSMMUG00000014701	3
ENSMMUG00000055784	0
ENSMMUG00000062097	0
ENSMMUG00000062659	0
ENSMMUG00000021358	5
ENSMMUG00000000712	0
ENSMMUG00000003194	0
ENSMMUG00000016911	2
ENSMMUG00000059611	0
ENSMMUG00000059239	4
ENSMMUG00000053336	0
ENSMMUG00000058005	0
ENSMMUG00000000342	0
ENSMMUG00000001063	1
ENSMMUG00000060149	0
ENSMMUG00000042266	1
ENSMMUG00000063034	0
ENSMMUG00000063686	20
ENSMMUG00000054299	0
ENSMMUG00000016235	0
ENSMMUG00000014738	3
ENSMMUG00000059445	0
ENSMMUG00000056146	0
ENSMMUG00000054442	0
ENSMMUG00000029933	0
ENSMMUG00000062045	3
ENSMMUG00000050405	0
ENSMMUG00000052043	0
ENSMMUG00000000421	19
ENSMMUG00000061786	0
ENSMMUG00000058185	0
ENSMMUG00000001344	0
ENSMMUG00000006202	0
ENSMMUG00000048696	0
ENSMMUG00000063168	218
ENSMMUG00000053194	0
ENSMMUG00000012193	0
ENSMMUG00000062023	0
ENSMMUG00000053145	0
ENSMMUG00000014740	0
ENSMMUG00000014211	0
ENSMMUG00000001789	0
ENSMMUG00000006209	0
ENSMMUG00000064022	6
ENSMMUG00000022788	73
ENSMMUG00000016910	21
ENSMMUG00000014124	0
ENSMMUG00000014704	34
ENSMMUG00000035921	0
ENSMMUG00000038051	0
ENSMMUG00000050426	0
ENSMMUG00000046781	0
ENSMMUG00000058489	0
ENSMMUG00000010445	0
ENSMMUG00000042638	3
ENSMMUG00000019439	10
ENSMMUG00000058358	15
ENSMMUG00000049229	0
ENSMMUG00000051644	0
ENSMMUG00000004275	0
ENSMMUG00000021812	0
ENSMMUG00000001722	2
ENSMMUG00000020763	0
ENSMMUG00000029761	0
ENSMMUG00000061338	1
ENSMMUG00000054241	0
ENSMMUG00000060526	0
ENSMMUG00000050679	0
ENSMMUG00000065048	0
ENSMMUG00000055877	0
ENSMMUG00000052517	0
ENSMMUG00000013880	0
ENSMMUG00000019441	8
ENSMMUG00000064489	11
ENSMMUG00000058476	0
ENSMMUG00000054868	0
ENSMMUG00000029791	0
ENSMMUG00000061071	0
ENSMMUG00000059815	0
ENSMMUG00000026141	0
ENSMMUG00000002561	0
ENSMMUG00000064835	0
ENSMMUG00000015175	0
ENSMMUG00000011925	0
ENSMMUG00000055660	71
ENSMMUG00000059831	0
ENSMMUG00000058952	233
ENSMMUG00000054780	26
ENSMMUG00000021813	0
ENSMMUG00000029662	0
ENSMMUG00000013047	88
ENSMMUG00000022154	1
ENSMMUG00000021815	13
ENSMMUG00000004670	0
ENSMMUG00000055989	0
ENSMMUG00000002532	0
ENSMMUG00000063825	0
ENSMMUG00000013186	0
ENSMMUG00000013189	0
ENSMMUG00000015177	0
ENSMMUG00000018692	0
ENSMMUG00000053899	0
ENSMMUG00000059991	0
ENSMMUG00000049972	0
ENSMMUG00000002508	0
ENSMMUG00000050555	0
ENSMMUG00000001753	1
ENSMMUG00000059658	0
ENSMMUG00000060505	0
ENSMMUG00000056027	0
ENSMMUG00000051638	1
ENSMMUG00000011974	3
ENSMMUG00000061469	0
ENSMMUG00000061413	26
ENSMMUG00000056607	0
ENSMMUG00000057463	0
ENSMMUG00000059177	36
ENSMMUG00000000399	40
ENSMMUG00000013588	0
ENSMMUG00000017904	4
ENSMMUG00000062940	0
ENSMMUG00000033488	0
ENSMMUG00000051990	0
ENSMMUG00000062935	0
ENSMMUG00000057777	0
ENSMMUG00000011929	4
ENSMMUG00000054907	0
ENSMMUG00000064015	0
ENSMMUG00000064891	0
ENSMMUG00000040555	0
ENSMMUG00000059795	0
ENSMMUG00000050342	0
ENSMMUG00000010935	0
ENSMMUG00000049184	0
ENSMMUG00000049550	0
ENSMMUG00000016357	52
ENSMMUG00000052565	0
ENSMMUG00000037689	0
ENSMMUG00000001392	0
ENSMMUG00000017905	0
ENSMMUG00000063462	0
ENSMMUG00000017607	4
ENSMMUG00000064631	0
ENSMMUG00000052846	0
ENSMMUG00000000400	387
ENSMMUG00000053977	0
ENSMMUG00000018693	0
ENSMMUG00000049256	306
ENSMMUG00000052915	0
ENSMMUG00000063023	0
ENSMMUG00000052256	0
ENSMMUG00000026756	0
ENSMMUG00000014086	0
ENSMMUG00000018758	23
ENSMMUG00000016641	33
ENSMMUG00000024002	0
ENSMMUG00000058512	2
ENSMMUG00000060059	32
ENSMMUG00000001397	14
ENSMMUG00000063474	11
ENSMMUG00000065327	0
ENSMMUG00000017685	2
ENSMMUG00000063097	0
ENSMMUG00000049310	0
ENSMMUG00000046560	0
ENSMMUG00000010938	0
ENSMMUG00000035653	0
ENSMMUG00000017985	8
ENSMMUG00000044127	0
ENSMMUG00000018742	0
ENSMMUG00000008009	2
ENSMMUG00000017908	0
ENSMMUG00000064265	3
ENSMMUG00000063177	21
ENSMMUG00000014090	0
ENSMMUG00000010940	0
ENSMMUG00000039101	0
ENSMMUG00000052188	0
ENSMMUG00000053384	302
ENSMMUG00000003586	0
ENSMMUG00000061721	0
ENSMMUG00000062206	0
ENSMMUG00000010632	1
ENSMMUG00000018757	51
ENSMMUG00000002272	4
ENSMMUG00000058096	100
ENSMMUG00000011513	23
ENSMMUG00000054237	0
ENSMMUG00000051320	0
ENSMMUG00000060982	0
ENSMMUG00000059671	0
ENSMMUG00000043471	0
ENSMMUG00000006792	2
ENSMMUG00000020923	1
ENSMMUG00000000358	12
ENSMMUG00000021130	0
ENSMMUG00000001233	0
ENSMMUG00000002768	0
ENSMMUG00000001205	2
ENSMMUG00000021131	0
ENSMMUG00000008440	0
ENSMMUG00000021357	7
ENSMMUG00000003996	23
ENSMMUG00000005193	0
ENSMMUG00000037596	0
ENSMMUG00000036603	2
ENSMMUG00000055418	0
ENSMMUG00000035086	0
ENSMMUG00000054076	0
ENSMMUG00000021361	10
ENSMMUG00000058739	0
ENSMMUG00000059145	47
ENSMMUG00000062861	0
ENSMMUG00000063816	6
ENSMMUG00000004417	0
ENSMMUG00000051081	0
ENSMMUG00000049430	4
ENSMMUG00000009136	0
ENSMMUG00000051339	0
ENSMMUG00000018764	0
ENSMMUG00000047880	8
ENSMMUG00000063354	0
ENSMMUG00000025857	0
ENSMMUG00000006795	0
ENSMMUG00000044694	0
ENSMMUG00000012192	11
ENSMMUG00000054187	0
ENSMMUG00000038727	0
ENSMMUG00000026158	0
ENSMMUG00000042832	0
ENSMMUG00000063116	0
ENSMMUG00000035303	0
ENSMMUG00000064843	167
ENSMMUG00000061451	2
ENSMMUG00000054504	35
ENSMMUG00000054010	0
ENSMMUG00000015040	0
ENSMMUG00000054011	0
ENSMMUG00000039760	0
ENSMMUG00000018386	0
ENSMMUG00000015422	6
ENSMMUG00000019858	0
ENSMMUG00000052394	0
ENSMMUG00000058863	0
ENSMMUG00000006551	0
ENSMMUG00000053817	0
ENSMMUG00000053294	0
ENSMMUG00000063717	0
ENSMMUG00000051455	0
ENSMMUG00000031833	0
ENSMMUG00000041390	0
ENSMMUG00000020448	51
ENSMMUG00000029787	1
ENSMMUG00000051551	0
ENSMMUG00000021009	0
ENSMMUG00000006796	17
ENSMMUG00000058902	71
ENSMMUG00000021696	0
ENSMMUG00000053360	0
ENSMMUG00000028242	0
ENSMMUG00000001360	1
ENSMMUG00000015041	0
ENSMMUG00000062522	0
ENSMMUG00000004418	8
ENSMMUG00000059428	0
ENSMMUG00000001939	0
ENSMMUG00000021699	14
ENSMMUG00000061151	0
ENSMMUG00000054414	0
ENSMMUG00000003598	1
ENSMMUG00000027745	0
ENSMMUG00000062473	0
ENSMMUG00000058953	0
ENSMMUG00000025788	0
ENSMMUG00000024450	0
ENSMMUG00000061282	0
ENSMMUG00000003603	40
ENSMMUG00000046325	1
ENSMMUG00000036338	0
ENSMMUG00000065202	3
ENSMMUG00000055564	0
ENSMMUG00000065245	0
ENSMMUG00000016741	1
ENSMMUG00000063213	0
ENSMMUG00000021700	0
ENSMMUG00000018745	0
ENSMMUG00000033224	0
ENSMMUG00000049821	0
ENSMMUG00000025736	0
ENSMMUG00000029973	16
ENSMMUG00000001209	0
ENSMMUG00000060083	0
ENSMMUG00000007661	0
ENSMMUG00000056626	1
ENSMMUG00000054810	2
ENSMMUG00000018746	0
ENSMMUG00000053794	0
ENSMMUG00000055761	232
ENSMMUG00000025186	0
ENSMMUG00000021006	0
ENSMMUG00000035952	0
ENSMMUG00000015433	0
ENSMMUG00000046428	0
ENSMMUG00000022937	0
ENSMMUG00000017057	0
ENSMMUG00000001211	0
ENSMMUG00000034792	7
ENSMMUG00000054041	0
ENSMMUG00000018747	0
ENSMMUG00000021099	0
ENSMMUG00000025021	27
ENSMMUG00000001212	4
ENSMMUG00000026458	36
ENSMMUG00000009997	0
ENSMMUG00000051169	0
ENSMMUG00000039612	0
ENSMMUG00000063748	0
ENSMMUG00000063792	0
ENSMMUG00000024585	0
ENSMMUG00000060186	1
ENSMMUG00000026310	0
ENSMMUG00000056495	0
ENSMMUG00000035409	0
ENSMMUG00000003604	33
ENSMMUG00000040510	0
ENSMMUG00000024247	0
ENSMMUG00000018100	0
ENSMMUG00000036910	0
ENSMMUG00000056880	0
ENSMMUG00000063767	0
ENSMMUG00000062536	0
ENSMMUG00000024115	0
ENSMMUG00000022291	0
ENSMMUG00000054789	0
ENSMMUG00000034153	0
ENSMMUG00000049846	0
ENSMMUG00000063710	0
ENSMMUG00000001213	6
ENSMMUG00000025262	0
ENSMMUG00000040707	3
ENSMMUG00000065341	0
ENSMMUG00000045851	0
ENSMMUG00000059487	0
ENSMMUG00000021701	4
ENSMMUG00000054596	0
ENSMMUG00000055720	0
ENSMMUG00000032960	0
ENSMMUG00000013109	17
ENSMMUG00000026456	0
ENSMMUG00000063399	0
ENSMMUG00000021165	16
ENSMMUG00000051689	1
ENSMMUG00000007598	17
ENSMMUG00000037398	0
ENSMMUG00000001507	0
ENSMMUG00000051264	0
ENSMMUG00000053815	0
ENSMMUG00000061983	0
ENSMMUG00000023598	7
ENSMMUG00000023513	6
ENSMMUG00000053766	0
ENSMMUG00000055323	0
ENSMMUG00000062958	0
ENSMMUG00000063987	0
ENSMMUG00000050469	5
ENSMMUG00000003997	98
ENSMMUG00000049380	0
ENSMMUG00000039961	0
ENSMMUG00000016509	0
ENSMMUG00000062960	0
ENSMMUG00000012463	0
ENSMMUG00000034625	0
ENSMMUG00000020160	0
ENSMMUG00000028295	0
ENSMMUG00000063160	3
ENSMMUG00000036545	0
ENSMMUG00000064244	0
ENSMMUG00000056176	0
ENSMMUG00000040409	5
ENSMMUG00000059071	0
ENSMMUG00000055353	0
ENSMMUG00000061202	0
ENSMMUG00000053852	0
ENSMMUG00000004000	0
ENSMMUG00000025419	0
ENSMMUG00000023514	0
ENSMMUG00000059241	0
ENSMMUG00000028440	0
ENSMMUG00000007773	2
ENSMMUG00000016511	40
ENSMMUG00000020731	1
ENSMMUG00000051376	0
ENSMMUG00000059684	0
ENSMMUG00000050043	0
ENSMMUG00000058255	0
ENSMMUG00000048303	0
ENSMMUG00000050431	0
ENSMMUG00000049942	0
ENSMMUG00000005312	1
ENSMMUG00000011471	18
ENSMMUG00000050221	0
ENSMMUG00000054355	0
ENSMMUG00000003245	274
ENSMMUG00000029885	0
ENSMMUG00000005198	0
ENSMMUG00000054722	0
ENSMMUG00000047813	0
ENSMMUG00000042052	0
ENSMMUG00000058354	0
ENSMMUG00000024624	0
ENSMMUG00000005314	1
ENSMMUG00000063839	0
ENSMMUG00000063528	0
ENSMMUG00000057525	0
ENSMMUG00000063149	0
ENSMMUG00000017897	0
ENSMMUG00000054710	8
ENSMMUG00000016514	2
ENSMMUG00000057268	7
ENSMMUG00000004002	2
ENSMMUG00000039925	1
ENSMMUG00000007844	0
ENSMMUG00000053822	0
ENSMMUG00000041763	0
ENSMMUG00000032858	0
ENSMMUG00000010651	1
ENSMMUG00000028128	0
ENSMMUG00000062249	19
ENSMMUG00000005134	0
ENSMMUG00000005199	2
ENSMMUG00000004013	0
ENSMMUG00000011472	1
ENSMMUG00000026644	0
ENSMMUG00000063014	2
ENSMMUG00000053925	0
ENSMMUG00000020449	0
ENSMMUG00000060336	0
ENSMMUG00000016519	1
ENSMMUG00000004476	0
ENSMMUG00000058022	0
ENSMMUG00000039439	0
ENSMMUG00000052656	0
ENSMMUG00000005286	0
ENSMMUG00000016402	9
ENSMMUG00000034341	19
ENSMMUG00000057800	0
ENSMMUG00000023072	0
ENSMMUG00000054527	0
ENSMMUG00000015767	2
ENSMMUG00000002062	502
ENSMMUG00000052860	0
ENSMMUG00000023073	3
ENSMMUG00000060205	10
ENSMMUG00000009287	0
ENSMMUG00000015219	0
ENSMMUG00000001002	27
ENSMMUG00000056678	20
ENSMMUG00000023074	0
ENSMMUG00000023075	0
ENSMMUG00000025010	17
ENSMMUG00000050756	16
ENSMMUG00000058774	10
ENSMMUG00000003248	278
ENSMMUG00000062971	0
ENSMMUG00000030178	0
ENSMMUG00000059497	3
ENSMMUG00000023071	0
ENSMMUG00000064948	0
ENSMMUG00000057316	46
ENSMMUG00000023077	1
ENSMMUG00000064985	6
ENSMMUG00000018744	1
ENSMMUG00000059940	0
ENSMMUG00000022166	0
ENSMMUG00000058051	0
ENSMMUG00000016521	8
ENSMMUG00000035865	0
ENSMMUG00000052359	0
ENSMMUG00000058473	0
ENSMMUG00000057827	0
ENSMMUG00000004451	0
ENSMMUG00000053636	0
ENSMMUG00000058066	0
ENSMMUG00000007786	0
ENSMMUG00000054287	0
ENSMMUG00000064218	0
ENSMMUG00000004447	3
ENSMMUG00000052629	0
ENSMMUG00000051157	27
ENSMMUG00000057003	0
ENSMMUG00000032833	0
ENSMMUG00000063994	0
ENSMMUG00000028175	0
ENSMMUG00000050539	0
ENSMMUG00000054616	0
ENSMMUG00000061364	0
ENSMMUG00000064994	0
ENSMMUG00000012643	6
ENSMMUG00000004220	0
ENSMMUG00000041519	0
ENSMMUG00000004860	0
ENSMMUG00000020733	0
ENSMMUG00000055025	0
ENSMMUG00000058474	0
ENSMMUG00000056282	0
ENSMMUG00000063363	0
ENSMMUG00000049306	0
ENSMMUG00000056292	0
ENSMMUG00000057197	0
ENSMMUG00000024657	0
ENSMMUG00000011988	0
ENSMMUG00000009319	0
ENSMMUG00000016522	0
ENSMMUG00000051232	0
ENSMMUG00000057427	0
ENSMMUG00000061143	0
ENSMMUG00000062441	0
ENSMMUG00000049704	0
ENSMMUG00000056873	0
ENSMMUG00000055738	0
ENSMMUG00000007787	0
ENSMMUG00000023909	0
ENSMMUG00000063015	0
ENSMMUG00000050460	16
ENSMMUG00000062486	0
ENSMMUG00000012048	8
ENSMMUG00000005802	0
ENSMMUG00000059155	0
ENSMMUG00000053232	0
ENSMMUG00000050390	0
ENSMMUG00000004861	0
ENSMMUG00000021104	0
ENSMMUG00000064551	0
ENSMMUG00000008976	0
ENSMMUG00000028010	0
ENSMMUG00000008978	8
ENSMMUG00000057354	0
ENSMMUG00000027085	0
ENSMMUG00000015889	0
ENSMMUG00000059166	0
ENSMMUG00000055515	0
ENSMMUG00000002485	0
ENSMMUG00000020666	3
ENSMMUG00000019836	2
ENSMMUG00000058379	0
ENSMMUG00000051656	0
ENSMMUG00000049772	0
ENSMMUG00000053428	0
ENSMMUG00000011989	2
ENSMMUG00000001941	0
ENSMMUG00000002063	191
ENSMMUG00000050148	0
ENSMMUG00000049857	0
ENSMMUG00000017587	0
ENSMMUG00000061823	0
ENSMMUG00000050912	0
ENSMMUG00000002613	0
ENSMMUG00000063899	0
ENSMMUG00000024046	2
ENSMMUG00000010615	0
ENSMMUG00000012200	0
ENSMMUG00000003143	208
ENSMMUG00000060040	0
ENSMMUG00000002488	0
ENSMMUG00000007683	3
ENSMMUG00000025858	0
ENSMMUG00000001511	17
ENSMMUG00000006646	1
ENSMMUG00000055068	0
ENSMMUG00000064016	0
ENSMMUG00000055033	0
ENSMMUG00000055392	0
ENSMMUG00000014636	1
ENSMMUG00000052405	0
ENSMMUG00000055684	0
ENSMMUG00000011995	1
ENSMMUG00000058350	0
ENSMMUG00000023288	3
ENSMMUG00000060848	0
ENSMMUG00000055458	0
ENSMMUG00000056790	3
ENSMMUG00000050547	0
ENSMMUG00000042146	0
ENSMMUG00000013954	119
ENSMMUG00000050364	0
ENSMMUG00000055698	0
ENSMMUG00000060955	0
ENSMMUG00000001515	4
ENSMMUG00000063477	14
ENSMMUG00000044578	0
ENSMMUG00000018666	18
ENSMMUG00000057765	0
ENSMMUG00000056369	0
ENSMMUG00000018044	0
ENSMMUG00000023533	0
ENSMMUG00000010621	0
ENSMMUG00000036740	0
ENSMMUG00000052075	0
ENSMMUG00000057932	0
ENSMMUG00000033288	0
ENSMMUG00000057629	4
ENSMMUG00000045056	0
ENSMMUG00000052095	0
ENSMMUG00000013272	0
ENSMMUG00000009411	2
ENSMMUG00000039923	0
ENSMMUG00000065072	3
ENSMMUG00000010843	1
ENSMMUG00000052778	0
ENSMMUG00000020845	0
ENSMMUG00000053119	0
ENSMMUG00000011043	14
ENSMMUG00000010301	5
ENSMMUG00000023177	2
ENSMMUG00000009025	0
ENSMMUG00000018488	0
ENSMMUG00000054576	0
ENSMMUG00000063821	0
ENSMMUG00000005396	2
ENSMMUG00000063082	0
ENSMMUG00000051443	2
ENSMMUG00000036820	42
ENSMMUG00000065221	7
ENSMMUG00000063208	6
ENSMMUG00000002832	0
ENSMMUG00000019459	0
ENSMMUG00000043680	0
ENSMMUG00000018542	2
ENSMMUG00000043245	0
ENSMMUG00000058524	13
ENSMMUG00000023157	0
ENSMMUG00000041525	0
ENSMMUG00000054082	0
ENSMMUG00000028372	0
ENSMMUG00000012370	0
ENSMMUG00000064509	0
ENSMMUG00000009413	60
ENSMMUG00000010305	0
ENSMMUG00000000455	3
ENSMMUG00000003279	44
ENSMMUG00000062842	0
ENSMMUG00000062289	9
ENSMMUG00000060057	0
ENSMMUG00000055084	29
ENSMMUG00000019460	1
ENSMMUG00000004409	0
ENSMMUG00000051429	0
ENSMMUG00000059309	11
ENSMMUG00000050636	0
ENSMMUG00000053075	0
ENSMMUG00000018283	0
ENSMMUG00000059591	0
ENSMMUG00000007296	0
ENSMMUG00000000307	0
ENSMMUG00000059630	3
ENSMMUG00000036916	0
ENSMMUG00000018284	4
ENSMMUG00000064001	0
ENSMMUG00000041904	0
ENSMMUG00000060742	1
ENSMMUG00000020169	0
ENSMMUG00000013957	4
ENSMMUG00000023287	0
ENSMMUG00000061817	0
ENSMMUG00000050372	0
ENSMMUG00000062164	0
ENSMMUG00000012371	1
ENSMMUG00000038239	0
ENSMMUG00000020465	0
ENSMMUG00000008318	0
ENSMMUG00000055569	0
ENSMMUG00000020171	0
ENSMMUG00000006600	0
ENSMMUG00000051723	906
ENSMMUG00000012373	0
ENSMMUG00000049977	0
ENSMMUG00000003723	70
ENSMMUG00000054808	1
ENSMMUG00000024885	0
ENSMMUG00000026232	0
ENSMMUG00000053533	7
ENSMMUG00000012374	15
ENSMMUG00000039944	8
ENSMMUG00000001597	0
ENSMMUG00000021228	7
ENSMMUG00000058206	0
ENSMMUG00000063513	0
ENSMMUG00000021055	33
ENSMMUG00000034154	0
ENSMMUG00000004211	0
ENSMMUG00000001600	0
ENSMMUG00000009707	0
ENSMMUG00000021056	53
ENSMMUG00000019582	51
ENSMMUG00000059693	8
ENSMMUG00000060929	0
ENSMMUG00000036192	0
ENSMMUG00000017250	2
ENSMMUG00000021057	24
ENSMMUG00000051451	0
ENSMMUG00000027083	0
ENSMMUG00000042486	0
ENSMMUG00000033285	0
ENSMMUG00000026694	0
ENSMMUG00000030102	0
ENSMMUG00000000703	32
ENSMMUG00000045850	0
ENSMMUG00000061988	1
ENSMMUG00000058026	0
ENSMMUG00000059821	0
ENSMMUG00000056999	0
ENSMMUG00000006932	83
ENSMMUG00000000704	0
ENSMMUG00000010372	0
ENSMMUG00000000456	0
ENSMMUG00000020655	0
ENSMMUG00000021229	0
ENSMMUG00000020656	0
ENSMMUG00000063348	80
ENSMMUG00000010376	0
ENSMMUG00000050350	0
ENSMMUG00000011463	0
ENSMMUG00000055064	0
ENSMMUG00000055069	0
ENSMMUG00000062950	0
ENSMMUG00000004581	0
ENSMMUG00000005871	1
ENSMMUG00000037251	5
ENSMMUG00000017583	0
ENSMMUG00000050395	0
ENSMMUG00000028302	0
ENSMMUG00000006107	0
ENSMMUG00000005875	23
ENSMMUG00000060867	0
ENSMMUG00000025390	0
ENSMMUG00000064680	4
ENSMMUG00000052986	0
ENSMMUG00000005563	0
ENSMMUG00000013347	0
ENSMMUG00000001317	0
ENSMMUG00000043023	0
ENSMMUG00000061811	0
ENSMMUG00000051887	0
ENSMMUG00000019290	0
ENSMMUG00000062053	0
ENSMMUG00000014586	7
ENSMMUG00000048691	0
ENSMMUG00000052982	0
ENSMMUG00000052836	29
ENSMMUG00000035047	0
ENSMMUG00000060290	0
ENSMMUG00000024424	0
ENSMMUG00000060123	45
ENSMMUG00000056658	17
ENSMMUG00000010993	0
ENSMMUG00000034969	8
ENSMMUG00000059731	0
ENSMMUG00000028526	7
ENSMMUG00000010994	1
ENSMMUG00000056877	0
ENSMMUG00000052974	67
ENSMMUG00000036705	0
ENSMMUG00000018963	0
ENSMMUG00000010995	3
ENSMMUG00000057896	2
ENSMMUG00000010379	2
ENSMMUG00000057221	0
ENSMMUG00000017163	0
ENSMMUG00000038355	3
ENSMMUG00000064211	0
ENSMMUG00000049553	0
ENSMMUG00000057309	0
ENSMMUG00000059226	0
ENSMMUG00000056829	0
ENSMMUG00000027004	0
ENSMMUG00000007386	0
ENSMMUG00000049557	0
ENSMMUG00000005357	20
ENSMMUG00000051383	0
ENSMMUG00000010997	8
ENSMMUG00000000635	2
ENSMMUG00000030099	150
ENSMMUG00000053127	0
ENSMMUG00000032795	0
ENSMMUG00000019291	0
ENSMMUG00000060660	0
ENSMMUG00000058950	0
ENSMMUG00000063922	1
ENSMMUG00000054602	0
ENSMMUG00000003577	4
ENSMMUG00000050960	2
ENSMMUG00000065028	0
ENSMMUG00000054434	5
ENSMMUG00000013366	0
ENSMMUG00000046947	0
ENSMMUG00000003578	4
ENSMMUG00000060908	0
ENSMMUG00000059244	0
ENSMMUG00000029954	0
ENSMMUG00000013394	0
ENSMMUG00000001728	0
ENSMMUG00000055028	0
ENSMMUG00000057213	0
ENSMMUG00000057081	0
ENSMMUG00000051389	0
ENSMMUG00000057437	0
ENSMMUG00000016224	6
ENSMMUG00000063952	0
ENSMMUG00000061973	0
ENSMMUG00000001609	20
ENSMMUG00000001611	0
ENSMMUG00000010466	0
ENSMMUG00000001731	0
ENSMMUG00000056338	0
ENSMMUG00000049616	0
ENSMMUG00000052853	2
ENSMMUG00000056571	0
ENSMMUG00000024740	0
ENSMMUG00000050723	2
ENSMMUG00000061644	0
ENSMMUG00000018690	0
ENSMMUG00000016226	0
ENSMMUG00000011007	224
ENSMMUG00000021548	6
ENSMMUG00000037320	0
ENSMMUG00000052619	0
ENSMMUG00000009574	0
ENSMMUG00000059130	0
ENSMMUG00000021549	12
ENSMMUG00000017227	0
ENSMMUG00000017228	0
ENSMMUG00000013467	0
ENSMMUG00000064447	0
ENSMMUG00000017900	0
ENSMMUG00000017386	0
ENSMMUG00000056314	0
ENSMMUG00000053742	0
ENSMMUG00000007700	0
ENSMMUG00000036379	0
ENSMMUG00000051447	0
ENSMMUG00000021550	4
ENSMMUG00000052209	5
ENSMMUG00000001198	0
ENSMMUG00000013739	0
ENSMMUG00000061182	0
ENSMMUG00000049641	0
ENSMMUG00000057086	0
ENSMMUG00000051351	0
ENSMMUG00000060179	0
ENSMMUG00000050641	0
ENSMMUG00000011532	0
ENSMMUG00000050453	0
ENSMMUG00000051712	0
ENSMMUG00000061341	0
ENSMMUG00000021218	18
ENSMMUG00000016907	0
ENSMMUG00000029782	0
ENSMMUG00000016908	0
ENSMMUG00000063072	39
ENSMMUG00000019878	0
ENSMMUG00000036116	0
ENSMMUG00000019879	0
ENSMMUG00000017394	0
ENSMMUG00000025635	0
ENSMMUG00000055702	4
ENSMMUG00000054202	3
ENSMMUG00000059388	0
ENSMMUG00000057855	0
ENSMMUG00000052604	0
ENSMMUG00000001707	15
ENSMMUG00000062224	0
ENSMMUG00000016913	0
ENSMMUG00000064648	0
ENSMMUG00000017085	0
ENSMMUG00000064324	0
ENSMMUG00000024503	0
ENSMMUG00000044442	0
ENSMMUG00000055218	0
ENSMMUG00000025207	0
ENSMMUG00000060622	0
ENSMMUG00000016167	2
ENSMMUG00000050002	0
ENSMMUG00000002214	0
ENSMMUG00000023806	9
ENSMMUG00000019820	3
ENSMMUG00000033140	0
ENSMMUG00000062350	0
ENSMMUG00000032834	0
ENSMMUG00000023808	4
ENSMMUG00000056140	0
ENSMMUG00000027279	0
ENSMMUG00000001893	4
ENSMMUG00000021657	0
ENSMMUG00000001725	51
ENSMMUG00000049643	0
ENSMMUG00000062326	0
ENSMMUG00000000438	0
ENSMMUG00000024537	8
ENSMMUG00000010007	22
ENSMMUG00000045918	0
ENSMMUG00000060632	28
ENSMMUG00000018246	379
ENSMMUG00000038794	2
ENSMMUG00000056796	120
ENSMMUG00000010008	1
ENSMMUG00000021660	7
ENSMMUG00000000446	3
ENSMMUG00000058653	39
ENSMMUG00000052950	472
ENSMMUG00000059111	0
ENSMMUG00000057066	0
ENSMMUG00000006301	0
ENSMMUG00000021663	0
ENSMMUG00000004481	11
ENSMMUG00000021666	0
ENSMMUG00000064432	0
ENSMMUG00000040661	0
ENSMMUG00000059918	0
ENSMMUG00000027101	0
ENSMMUG00000027024	0
ENSMMUG00000062594	0
ENSMMUG00000063983	0
ENSMMUG00000001758	2
ENSMMUG00000006302	0
ENSMMUG00000063893	0
ENSMMUG00000057244	0
ENSMMUG00000025942	0
ENSMMUG00000053973	103
ENSMMUG00000017714	3
ENSMMUG00000004483	126
ENSMMUG00000036593	0
ENSMMUG00000009729	0
ENSMMUG00000053788	0
ENSMMUG00000034742	0
ENSMMUG00000004484	2
ENSMMUG00000050786	0
ENSMMUG00000024017	0
ENSMMUG00000028464	0
ENSMMUG00000049885	0
ENSMMUG00000054104	0
ENSMMUG00000014571	0
ENSMMUG00000030086	2
ENSMMUG00000058673	0
ENSMMUG00000041620	0
ENSMMUG00000014574	0
ENSMMUG00000061483	0
ENSMMUG00000062270	0
ENSMMUG00000019523	0
ENSMMUG00000057673	0
ENSMMUG00000050888	6
ENSMMUG00000062336	0
ENSMMUG00000060696	0
ENSMMUG00000059570	0
ENSMMUG00000063247	0
ENSMMUG00000050935	0
ENSMMUG00000050882	0
ENSMMUG00000055611	0
ENSMMUG00000062172	0
ENSMMUG00000055168	0
ENSMMUG00000056941	0
ENSMMUG00000026975	0
ENSMMUG00000049673	3
ENSMMUG00000062292	1
ENSMMUG00000054188	1
ENSMMUG00000059571	0
ENSMMUG00000033131	0
ENSMMUG00000042794	0
ENSMMUG00000039608	0
ENSMMUG00000057983	0
ENSMMUG00000037890	0
ENSMMUG00000054790	0
ENSMMUG00000050560	0
ENSMMUG00000051592	0
ENSMMUG00000058654	0
ENSMMUG00000043286	0
ENSMMUG00000057422	0
ENSMMUG00000056066	0
ENSMMUG00000014643	7
ENSMMUG00000015693	0
ENSMMUG00000054037	4
ENSMMUG00000063930	0
ENSMMUG00000062443	0
ENSMMUG00000057859	0
ENSMMUG00000061148	9
ENSMMUG00000008182	1
ENSMMUG00000008184	7
ENSMMUG00000000577	0
ENSMMUG00000023012	1
ENSMMUG00000050899	0
ENSMMUG00000061569	0
ENSMMUG00000055399	0
ENSMMUG00000054098	0
ENSMMUG00000029352	0
ENSMMUG00000005648	0
ENSMMUG00000008187	0
ENSMMUG00000017540	194
ENSMMUG00000005680	0
ENSMMUG00000050075	0
ENSMMUG00000016993	0
ENSMMUG00000044958	0
ENSMMUG00000055833	0
ENSMMUG00000018176	0
ENSMMUG00000008228	0
ENSMMUG00000043661	0
ENSMMUG00000058555	0
ENSMMUG00000056272	0
ENSMMUG00000004347	0
ENSMMUG00000053324	0
ENSMMUG00000052793	0
ENSMMUG00000052494	0
ENSMMUG00000006512	1
ENSMMUG00000064741	0
ENSMMUG00000025599	0
ENSMMUG00000052899	0
ENSMMUG00000020637	2
ENSMMUG00000009725	0
ENSMMUG00000060558	0
ENSMMUG00000062065	155
ENSMMUG00000005676	2
ENSMMUG00000052262	0
ENSMMUG00000001150	0
ENSMMUG00000024155	0
ENSMMUG00000061447	0
ENSMMUG00000032995	0
ENSMMUG00000038096	0
ENSMMUG00000056123	0
ENSMMUG00000027682	0
ENSMMUG00000064144	0
ENSMMUG00000053984	0
ENSMMUG00000005674	0
ENSMMUG00000051577	0
ENSMMUG00000065276	3
ENSMMUG00000032978	0
ENSMMUG00000051495	0
ENSMMUG00000029598	6
ENSMMUG00000056168	0
ENSMMUG00000000535	25
ENSMMUG00000062553	0
ENSMMUG00000009736	28
ENSMMUG00000063560	0
ENSMMUG00000002869	0
ENSMMUG00000058800	0
ENSMMUG00000013322	0
ENSMMUG00000024001	0
ENSMMUG00000064366	0
ENSMMUG00000053375	1
ENSMMUG00000061117	2
ENSMMUG00000018003	15
ENSMMUG00000005673	4
ENSMMUG00000052345	0
ENSMMUG00000017544	0
ENSMMUG00000059670	52
ENSMMUG00000002867	0
ENSMMUG00000062783	3
ENSMMUG00000003709	0
ENSMMUG00000049636	239
ENSMMUG00000007998	3
ENSMMUG00000052528	1
ENSMMUG00000060047	0
ENSMMUG00000016135	0
ENSMMUG00000051236	226
ENSMMUG00000005800	0
ENSMMUG00000049582	0
ENSMMUG00000003134	0
ENSMMUG00000021532	0
ENSMMUG00000052872	0
ENSMMUG00000038276	0
ENSMMUG00000005670	0
ENSMMUG00000006430	2
ENSMMUG00000064598	0
ENSMMUG00000029616	0
ENSMMUG00000039268	95
ENSMMUG00000009182	0
ENSMMUG00000029617	0
ENSMMUG00000004191	0
ENSMMUG00000049378	16
ENSMMUG00000050165	0
ENSMMUG00000057761	5
ENSMMUG00000004190	0
ENSMMUG00000016705	0
ENSMMUG00000061683	0
ENSMMUG00000046520	0
ENSMMUG00000063626	0
ENSMMUG00000015686	1
ENSMMUG00000061419	0
ENSMMUG00000043161	70
ENSMMUG00000011998	5
ENSMMUG00000015384	0
ENSMMUG00000049313	0
ENSMMUG00000062110	2
ENSMMUG00000015383	0
ENSMMUG00000005365	0
ENSMMUG00000063667	0
ENSMMUG00000021534	1
ENSMMUG00000050417	0
ENSMMUG00000054159	4
ENSMMUG00000019818	0
ENSMMUG00000060463	2
ENSMMUG00000011739	2
ENSMMUG00000013908	0
ENSMMUG00000024906	0
ENSMMUG00000063205	0
ENSMMUG00000054154	2
ENSMMUG00000011736	0
ENSMMUG00000029619	0
ENSMMUG00000050520	0
ENSMMUG00000018582	0
ENSMMUG00000046373	0
ENSMMUG00000059809	0
ENSMMUG00000053319	0
ENSMMUG00000011700	0
ENSMMUG00000005366	11
ENSMMUG00000027722	0
ENSMMUG00000012079	2
ENSMMUG00000007720	0
ENSMMUG00000017047	0
ENSMMUG00000049789	0
ENSMMUG00000055292	0
ENSMMUG00000005294	0
ENSMMUG00000056632	0
ENSMMUG00000011520	2
ENSMMUG00000005346	1
ENSMMUG00000007719	0
ENSMMUG00000039015	0
ENSMMUG00000021533	11
ENSMMUG00000005532	0
ENSMMUG00000046051	0
ENSMMUG00000033122	16
ENSMMUG00000051077	0
ENSMMUG00000048193	2
ENSMMUG00000005064	0
ENSMMUG00000015317	0
ENSMMUG00000003710	8
ENSMMUG00000056281	0
ENSMMUG00000062325	0
ENSMMUG00000002458	0
ENSMMUG00000055955	0
ENSMMUG00000015909	2
ENSMMUG00000005348	0
ENSMMUG00000018788	1
ENSMMUG00000051010	0
ENSMMUG00000060810	0
ENSMMUG00000014785	0
ENSMMUG00000054101	0
ENSMMUG00000023614	0
ENSMMUG00000015907	9
ENSMMUG00000053773	1
ENSMMUG00000003464	82
ENSMMUG00000015906	9
ENSMMUG00000035926	0
ENSMMUG00000018787	6
ENSMMUG00000050376	0
ENSMMUG00000051650	0
ENSMMUG00000064501	0
ENSMMUG00000014784	0
ENSMMUG00000058065	116
ENSMMUG00000015904	1
ENSMMUG00000003719	0
ENSMMUG00000063201	84
ENSMMUG00000017549	0
ENSMMUG00000004290	0
ENSMMUG00000062500	0
ENSMMUG00000057180	0
ENSMMUG00000025267	8
ENSMMUG00000061586	0
ENSMMUG00000013751	0
ENSMMUG00000024250	0
ENSMMUG00000026665	0
ENSMMUG00000023560	24
ENSMMUG00000020132	0
ENSMMUG00000003750	3
ENSMMUG00000016373	0
ENSMMUG00000007409	0
ENSMMUG00000017955	0
ENSMMUG00000014151	0
ENSMMUG00000051772	0
ENSMMUG00000004829	0
ENSMMUG00000019443	3
ENSMMUG00000050133	2
ENSMMUG00000007413	0
ENSMMUG00000006186	0
ENSMMUG00000007412	0
ENSMMUG00000060126	0
ENSMMUG00000007414	0
ENSMMUG00000023613	0
ENSMMUG00000059506	0
ENSMMUG00000015577	4
ENSMMUG00000023559	2
ENSMMUG00000005293	1
ENSMMUG00000007415	0
ENSMMUG00000062812	0
ENSMMUG00000061150	0
ENSMMUG00000058356	0
ENSMMUG00000062483	0
ENSMMUG00000014150	0
ENSMMUG00000051229	0
ENSMMUG00000057064	0
ENSMMUG00000063401	0
ENSMMUG00000001805	15
ENSMMUG00000057644	0
ENSMMUG00000015575	0
ENSMMUG00000060854	0
ENSMMUG00000033717	0
ENSMMUG00000043171	0
ENSMMUG00000004996	0
ENSMMUG00000054406	0
ENSMMUG00000001806	0
ENSMMUG00000000795	8
ENSMMUG00000005302	64
ENSMMUG00000062786	0
ENSMMUG00000023557	614
ENSMMUG00000017952	2
ENSMMUG00000004994	0
ENSMMUG00000010672	0
ENSMMUG00000064156	0
ENSMMUG00000048955	0
ENSMMUG00000016376	6
ENSMMUG00000062287	1
ENSMMUG00000050081	0
ENSMMUG00000002147	5
ENSMMUG00000004291	0
ENSMMUG00000019438	21
ENSMMUG00000052178	0
ENSMMUG00000045685	0
ENSMMUG00000058647	0
ENSMMUG00000036592	0
ENSMMUG00000053189	0
ENSMMUG00000004992	0
ENSMMUG00000050688	3
ENSMMUG00000041978	0
ENSMMUG00000004990	0
ENSMMUG00000002174	91
ENSMMUG00000003072	0
ENSMMUG00000004989	0
ENSMMUG00000039810	0
ENSMMUG00000004293	0
ENSMMUG00000004988	0
ENSMMUG00000055554	64
ENSMMUG00000038560	23
ENSMMUG00000004987	0
ENSMMUG00000017189	0
ENSMMUG00000064191	0
ENSMMUG00000015088	0
ENSMMUG00000015089	0
ENSMMUG00000060569	0
ENSMMUG00000007852	3
ENSMMUG00000014389	1
ENSMMUG00000015090	0
ENSMMUG00000005303	80
ENSMMUG00000021720	0
ENSMMUG00000023737	0
ENSMMUG00000015091	0
ENSMMUG00000017017	1
ENSMMUG00000005297	24
ENSMMUG00000050162	0
ENSMMUG00000059213	0
ENSMMUG00000060313	0
ENSMMUG00000011905	0
ENSMMUG00000023738	1
ENSMMUG00000013236	0
ENSMMUG00000054620	0
ENSMMUG00000044859	12
ENSMMUG00000040490	0
ENSMMUG00000052733	0
ENSMMUG00000014388	0
ENSMMUG00000021718	4
ENSMMUG00000059139	0
ENSMMUG00000021600	0
ENSMMUG00000022983	0
ENSMMUG00000000777	1
ENSMMUG00000051575	0
ENSMMUG00000026679	6
ENSMMUG00000054860	0
ENSMMUG00000029416	0
ENSMMUG00000063798	0
ENSMMUG00000060503	0
ENSMMUG00000061905	0
ENSMMUG00000063288	0
ENSMMUG00000055762	0
ENSMMUG00000064605	0
ENSMMUG00000049933	0
ENSMMUG00000025918	0
ENSMMUG00000050357	0
ENSMMUG00000051147	0
ENSMMUG00000057630	1
ENSMMUG00000056172	0
ENSMMUG00000057826	0
ENSMMUG00000047337	0
ENSMMUG00000049735	0
ENSMMUG00000058763	0
ENSMMUG00000044193	0
ENSMMUG00000062476	0
ENSMMUG00000059162	0
ENSMMUG00000054153	0
ENSMMUG00000060901	0
ENSMMUG00000051125	0
ENSMMUG00000012582	5
ENSMMUG00000015355	10
ENSMMUG00000051485	7
ENSMMUG00000014387	0
ENSMMUG00000052290	0
ENSMMUG00000008854	167
ENSMMUG00000058202	0
ENSMMUG00000012581	0
ENSMMUG00000028530	0
ENSMMUG00000052138	12
ENSMMUG00000023002	0
ENSMMUG00000013237	3
ENSMMUG00000057286	0
ENSMMUG00000015354	592
ENSMMUG00000024902	0
ENSMMUG00000017558	73
ENSMMUG00000033610	0
ENSMMUG00000059277	4
ENSMMUG00000024847	0
ENSMMUG00000052552	0
ENSMMUG00000063166	0
ENSMMUG00000060778	0
ENSMMUG00000052965	0
ENSMMUG00000065204	0
ENSMMUG00000008853	3
ENSMMUG00000061978	12
ENSMMUG00000054573	0
ENSMMUG00000008849	8
ENSMMUG00000001248	5
ENSMMUG00000021715	2
ENSMMUG00000059327	0
ENSMMUG00000045654	9
ENSMMUG00000005745	0
ENSMMUG00000053187	2
ENSMMUG00000015352	74
ENSMMUG00000060554	0
ENSMMUG00000008843	22
ENSMMUG00000021712	6
ENSMMUG00000022354	0
ENSMMUG00000056859	4
ENSMMUG00000062024	31
ENSMMUG00000014386	2
ENSMMUG00000056277	0
ENSMMUG00000052422	0
ENSMMUG00000064807	0
ENSMMUG00000003462	2
ENSMMUG00000056786	0
ENSMMUG00000008839	0
ENSMMUG00000055646	4
ENSMMUG00000053445	0
ENSMMUG00000042078	0
ENSMMUG00000064455	0
ENSMMUG00000022920	0
ENSMMUG00000016382	0
ENSMMUG00000048882	0
ENSMMUG00000013782	0
ENSMMUG00000022921	24
ENSMMUG00000023823	0
ENSMMUG00000022184	1
ENSMMUG00000010611	0
ENSMMUG00000033071	3
ENSMMUG00000000869	0
ENSMMUG00000038064	0
ENSMMUG00000016352	0
ENSMMUG00000055984	0
ENSMMUG00000061787	0
ENSMMUG00000056073	0
ENSMMUG00000024958	0
ENSMMUG00000026474	0
ENSMMUG00000063472	1
ENSMMUG00000024536	0
ENSMMUG00000056881	0
ENSMMUG00000013566	0
ENSMMUG00000008838	3
ENSMMUG00000051074	0
ENSMMUG00000022824	0
ENSMMUG00000062792	0
ENSMMUG00000023000	0
ENSMMUG00000013562	0
ENSMMUG00000006609	4
ENSMMUG00000008140	23
ENSMMUG00000062715	9
ENSMMUG00000043122	0
ENSMMUG00000062426	25
ENSMMUG00000050938	5
ENSMMUG00000058767	173
ENSMMUG00000014652	0
ENSMMUG00000056340	0
ENSMMUG00000042154	0
ENSMMUG00000052691	0
ENSMMUG00000007811	0
ENSMMUG00000053425	0
ENSMMUG00000042718	0
ENSMMUG00000019254	11
ENSMMUG00000060912	11
ENSMMUG00000047350	0
ENSMMUG00000053748	4
ENSMMUG00000019252	8
ENSMMUG00000059679	11
ENSMMUG00000038152	0
ENSMMUG00000061087	0
ENSMMUG00000057424	0
ENSMMUG00000055581	0
ENSMMUG00000025712	0
ENSMMUG00000049865	0
ENSMMUG00000019916	11
ENSMMUG00000055852	1611
ENSMMUG00000059373	7
ENSMMUG00000050037	56
ENSMMUG00000061878	1
ENSMMUG00000008869	3
ENSMMUG00000019917	0
ENSMMUG00000019250	0
ENSMMUG00000004966	0
ENSMMUG00000019919	2
ENSMMUG00000019532	22
ENSMMUG00000017030	0
ENSMMUG00000051141	0
ENSMMUG00000022689	0
ENSMMUG00000004964	0
ENSMMUG00000029421	0
ENSMMUG00000008525	2
ENSMMUG00000022687	680
ENSMMUG00000056377	0
ENSMMUG00000027839	0
ENSMMUG00000062380	1
ENSMMUG00000020207	0
ENSMMUG00000059173	0
ENSMMUG00000053927	224
ENSMMUG00000034809	0
ENSMMUG00000042312	0
ENSMMUG00000045284	0
ENSMMUG00000049387	0
ENSMMUG00000064484	0
ENSMMUG00000008526	188
ENSMMUG00000055619	0
ENSMMUG00000056526	0
ENSMMUG00000054791	0
ENSMMUG00000061139	0
ENSMMUG00000021145	0
ENSMMUG00000053149	0
ENSMMUG00000014021	0
ENSMMUG00000029987	3
ENSMMUG00000019927	0
ENSMMUG00000022685	18
ENSMMUG00000019531	10
ENSMMUG00000055199	0
ENSMMUG00000014020	42
ENSMMUG00000019529	4
ENSMMUG00000000428	10
ENSMMUG00000004802	2
ENSMMUG00000014019	3
ENSMMUG00000051314	42
ENSMMUG00000063971	0
ENSMMUG00000051881	0
ENSMMUG00000052266	0
ENSMMUG00000050088	0
ENSMMUG00000014017	6
ENSMMUG00000021144	0
ENSMMUG00000062813	0
ENSMMUG00000023046	0
ENSMMUG00000013302	6
ENSMMUG00000045569	0
ENSMMUG00000058420	19
ENSMMUG00000062072	0
ENSMMUG00000058929	0
ENSMMUG00000021936	0
ENSMMUG00000061997	0
ENSMMUG00000051124	0
ENSMMUG00000065145	0
ENSMMUG00000039209	0
ENSMMUG00000064712	2
ENSMMUG00000019246	0
ENSMMUG00000056293	0
ENSMMUG00000038267	0
ENSMMUG00000060316	0
ENSMMUG00000011955	1
ENSMMUG00000053296	0
ENSMMUG00000058516	0
ENSMMUG00000010926	0
ENSMMUG00000063124	0
ENSMMUG00000059337	0
ENSMMUG00000051876	5
ENSMMUG00000051324	0
ENSMMUG00000000122	0
ENSMMUG00000062245	0
ENSMMUG00000015341	3
ENSMMUG00000058574	0
ENSMMUG00000021738	0
ENSMMUG00000042260	0
ENSMMUG00000055641	0
ENSMMUG00000059476	2
ENSMMUG00000021734	6
ENSMMUG00000022136	7
ENSMMUG00000055999	0
ENSMMUG00000001371	13
ENSMMUG00000000123	0
ENSMMUG00000003511	39
ENSMMUG00000032707	2
ENSMMUG00000045656	4
ENSMMUG00000052523	0
ENSMMUG00000029538	2
ENSMMUG00000043439	0
ENSMMUG00000051732	0
ENSMMUG00000011031	39
ENSMMUG00000015262	7
ENSMMUG00000018166	0
ENSMMUG00000020703	23
ENSMMUG00000016428	0
ENSMMUG00000015340	0
ENSMMUG00000019819	21
ENSMMUG00000047198	2
ENSMMUG00000048283	0
ENSMMUG00000057888	0
ENSMMUG00000061523	0
ENSMMUG00000015335	46
ENSMMUG00000016230	3
ENSMMUG00000050327	2
ENSMMUG00000017643	4
ENSMMUG00000019530	0
ENSMMUG00000023785	26
ENSMMUG00000020365	1
ENSMMUG00000014943	0
ENSMMUG00000040900	12
ENSMMUG00000059626	0
ENSMMUG00000043752	65
ENSMMUG00000047729	3
ENSMMUG00000062387	0
ENSMMUG00000054536	0
ENSMMUG00000015331	0
ENSMMUG00000013304	3
ENSMMUG00000056984	0
ENSMMUG00000014942	3
ENSMMUG00000042297	0
ENSMMUG00000008483	66
ENSMMUG00000013791	0
ENSMMUG00000021377	0
ENSMMUG00000050320	0
ENSMMUG00000021498	7
ENSMMUG00000014941	121
ENSMMUG00000054834	304
ENSMMUG00000032829	0
ENSMMUG00000062655	0
ENSMMUG00000051514	0
ENSMMUG00000000224	1
ENSMMUG00000057145	0
ENSMMUG00000046818	0
ENSMMUG00000061000	0
ENSMMUG00000051089	0
ENSMMUG00000034941	0
ENSMMUG00000050559	0
ENSMMUG00000056290	0
ENSMMUG00000026225	8
ENSMMUG00000051634	0
ENSMMUG00000051321	0
ENSMMUG00000055709	0
ENSMMUG00000020097	7
ENSMMUG00000051165	0
ENSMMUG00000059517	0
ENSMMUG00000021499	11
ENSMMUG00000009368	0
ENSMMUG00000056193	5
ENSMMUG00000061495	0
ENSMMUG00000051416	0
ENSMMUG00000002159	0
ENSMMUG00000052152	0
ENSMMUG00000057577	1
ENSMMUG00000059925	0
ENSMMUG00000051595	0
ENSMMUG00000037194	0
ENSMMUG00000061031	1
ENSMMUG00000005679	0
ENSMMUG00000001200	0
ENSMMUG00000051597	0
ENSMMUG00000059338	0
ENSMMUG00000060903	0
ENSMMUG00000039829	0
ENSMMUG00000065212	0
ENSMMUG00000056695	0
ENSMMUG00000059491	0
ENSMMUG00000061909	1
ENSMMUG00000017715	0
ENSMMUG00000051427	0
ENSMMUG00000054038	163
ENSMMUG00000014474	0
ENSMMUG00000061250	6
ENSMMUG00000035398	0
ENSMMUG00000055882	0
ENSMMUG00000005682	8
ENSMMUG00000000763	0
ENSMMUG00000019136	0
ENSMMUG00000011364	0
ENSMMUG00000056139	0
ENSMMUG00000065037	0
ENSMMUG00000017082	2
ENSMMUG00000055879	0
ENSMMUG00000029445	6
ENSMMUG00000061854	0
ENSMMUG00000057974	0
ENSMMUG00000004947	0
ENSMMUG00000051837	2
ENSMMUG00000061200	0
ENSMMUG00000004230	0
ENSMMUG00000058175	11
ENSMMUG00000050401	0
ENSMMUG00000008934	5
ENSMMUG00000001478	0
ENSMMUG00000052902	0
ENSMMUG00000064235	0
ENSMMUG00000052107	0
ENSMMUG00000046765	0
ENSMMUG00000019505	0
ENSMMUG00000059794	0
ENSMMUG00000004287	2
ENSMMUG00000051628	0
ENSMMUG00000058187	0
ENSMMUG00000050487	0
ENSMMUG00000043382	0
ENSMMUG00000020445	0
ENSMMUG00000055154	0
ENSMMUG00000058578	0
ENSMMUG00000060841	0
ENSMMUG00000007758	0
ENSMMUG00000008937	0
ENSMMUG00000052065	0
ENSMMUG00000063304	1
ENSMMUG00000057795	0
ENSMMUG00000004577	0
ENSMMUG00000002824	11
ENSMMUG00000044284	6
ENSMMUG00000024368	0
ENSMMUG00000020444	0
ENSMMUG00000048250	0
ENSMMUG00000053328	0
ENSMMUG00000054902	0
ENSMMUG00000053936	0
ENSMMUG00000004852	23
ENSMMUG00000003708	0
ENSMMUG00000061464	1
ENSMMUG00000050295	0
ENSMMUG00000052162	0
ENSMMUG00000002821	51
ENSMMUG00000050900	0
ENSMMUG00000063150	0
ENSMMUG00000049801	0
ENSMMUG00000058557	0
ENSMMUG00000043061	0
ENSMMUG00000006198	0
ENSMMUG00000037161	0
ENSMMUG00000021044	0
ENSMMUG00000007616	0
ENSMMUG00000059547	0
ENSMMUG00000059385	0
ENSMMUG00000005225	0
ENSMMUG00000057271	0
ENSMMUG00000029765	0
ENSMMUG00000024966	0
ENSMMUG00000064996	0
ENSMMUG00000017039	6
ENSMMUG00000028252	0
ENSMMUG00000011858	0
ENSMMUG00000014635	0
ENSMMUG00000060582	0
ENSMMUG00000001399	0
ENSMMUG00000014749	16
ENSMMUG00000010659	53
ENSMMUG00000063706	0
ENSMMUG00000034121	0
ENSMMUG00000053865	241
ENSMMUG00000051828	0
ENSMMUG00000049302	0
ENSMMUG00000059717	0
ENSMMUG00000061165	0
ENSMMUG00000055988	0
ENSMMUG00000051170	0
ENSMMUG00000051331	0
ENSMMUG00000014638	28
ENSMMUG00000017028	93
ENSMMUG00000008890	72
ENSMMUG00000064719	0
ENSMMUG00000060822	0
ENSMMUG00000049811	0
ENSMMUG00000023679	10
ENSMMUG00000015269	0
ENSMMUG00000055966	0
ENSMMUG00000053050	0
ENSMMUG00000007910	12
ENSMMUG00000053990	0
ENSMMUG00000002890	0
ENSMMUG00000062482	0
ENSMMUG00000045108	0
ENSMMUG00000001395	0
ENSMMUG00000063074	194
ENSMMUG00000055195	89
ENSMMUG00000022466	0
ENSMMUG00000058705	0
ENSMMUG00000039316	0
ENSMMUG00000008903	106
ENSMMUG00000045507	0
ENSMMUG00000007911	4
ENSMMUG00000049817	0
ENSMMUG00000064795	0
ENSMMUG00000022461	1
ENSMMUG00000000815	0
ENSMMUG00000017086	0
ENSMMUG00000064652	0
ENSMMUG00000036060	0
ENSMMUG00000022458	1
ENSMMUG00000015193	18
ENSMMUG00000003876	0
ENSMMUG00000010649	103
ENSMMUG00000012784	0
ENSMMUG00000003875	44
ENSMMUG00000012129	4
ENSMMUG00000000222	0
ENSMMUG00000004893	2
ENSMMUG00000036951	3
ENSMMUG00000020412	0
ENSMMUG00000036078	0
ENSMMUG00000003872	17
ENSMMUG00000015192	34
ENSMMUG00000020208	0
ENSMMUG00000012781	0
ENSMMUG00000040423	10
ENSMMUG00000019270	8431
ENSMMUG00000056643	0
ENSMMUG00000055952	0
ENSMMUG00000023322	5
ENSMMUG00000048534	6
ENSMMUG00000010658	8
ENSMMUG00000059082	0
ENSMMUG00000064586	0
ENSMMUG00000064991	0
ENSMMUG00000051917	0
ENSMMUG00000062749	0
ENSMMUG00000007477	7
ENSMMUG00000053484	0
ENSMMUG00000003871	10
ENSMMUG00000055617	0
ENSMMUG00000037786	4
ENSMMUG00000051818	0
ENSMMUG00000033269	0
ENSMMUG00000004356	0
ENSMMUG00000023319	4
ENSMMUG00000003869	83
ENSMMUG00000057019	2
ENSMMUG00000019606	0
ENSMMUG00000059702	0
ENSMMUG00000065130	0
ENSMMUG00000058209	0
ENSMMUG00000056399	0
ENSMMUG00000051253	0
ENSMMUG00000064069	5
ENSMMUG00000004351	0
ENSMMUG00000064507	117
ENSMMUG00000015569	13
ENSMMUG00000058580	2
ENSMMUG00000019599	3
ENSMMUG00000017186	6
ENSMMUG00000011049	0
ENSMMUG00000037061	0
ENSMMUG00000003864	31
ENSMMUG00000012125	2
ENSMMUG00000000416	0
ENSMMUG00000062264	0
ENSMMUG00000050557	0
ENSMMUG00000053469	0
ENSMMUG00000010084	0
ENSMMUG00000012124	33
ENSMMUG00000062054	18
ENSMMUG00000060268	0
ENSMMUG00000065289	0
ENSMMUG00000012122	0
ENSMMUG00000061178	3
ENSMMUG00000064566	0
ENSMMUG00000059452	0
ENSMMUG00000011567	6
ENSMMUG00000012120	2
ENSMMUG00000005328	0
ENSMMUG00000051247	0
ENSMMUG00000057119	0
ENSMMUG00000005675	11
ENSMMUG00000055170	0
ENSMMUG00000061515	5
ENSMMUG00000055272	0
ENSMMUG00000059826	1
ENSMMUG00000015717	0
ENSMMUG00000056544	24
ENSMMUG00000022942	0
ENSMMUG00000062470	0
ENSMMUG00000056756	3
ENSMMUG00000057123	0
ENSMMUG00000037625	0
ENSMMUG00000059097	0
ENSMMUG00000035464	0
ENSMMUG00000063995	0
ENSMMUG00000050761	3
ENSMMUG00000022941	27
ENSMMUG00000023789	0
ENSMMUG00000063617	0
ENSMMUG00000018573	0
ENSMMUG00000008684	0
ENSMMUG00000054471	0
ENSMMUG00000063219	0
ENSMMUG00000017322	3
ENSMMUG00000061121	0
ENSMMUG00000060026	0
ENSMMUG00000003867	7
ENSMMUG00000017649	0
ENSMMUG00000013990	0
ENSMMUG00000003863	7
ENSMMUG00000005032	1
ENSMMUG00000027369	14
ENSMMUG00000006422	1
ENSMMUG00000041361	2
ENSMMUG00000062235	0
ENSMMUG00000026909	0
ENSMMUG00000003859	5
ENSMMUG00000054273	0
ENSMMUG00000036716	0
ENSMMUG00000005434	21
ENSMMUG00000022083	1
ENSMMUG00000059079	0
ENSMMUG00000064831	0
ENSMMUG00000003861	0
ENSMMUG00000015320	0
ENSMMUG00000003858	4
ENSMMUG00000057740	8
ENSMMUG00000005340	0
ENSMMUG00000040388	4
ENSMMUG00000004491	3
ENSMMUG00000044930	0
ENSMMUG00000036736	0
ENSMMUG00000003850	3
ENSMMUG00000005344	0
ENSMMUG00000000223	0
ENSMMUG00000058208	0
ENSMMUG00000014899	3969
ENSMMUG00000056530	0
ENSMMUG00000035487	0
ENSMMUG00000049531	19
ENSMMUG00000036161	0
ENSMMUG00000039124	20
ENSMMUG00000036622	0
ENSMMUG00000026241	0
ENSMMUG00000056273	0
ENSMMUG00000019275	4
ENSMMUG00000033704	0
ENSMMUG00000055636	0
ENSMMUG00000052165	0
ENSMMUG00000019273	2
ENSMMUG00000043152	0
ENSMMUG00000005575	3
ENSMMUG00000017137	4
ENSMMUG00000000033	3
ENSMMUG00000059163	0
ENSMMUG00000019261	0
ENSMMUG00000003999	0
ENSMMUG00000010345	0
ENSMMUG00000000872	0
ENSMMUG00000060163	0
ENSMMUG00000047592	0
ENSMMUG00000050626	0
ENSMMUG00000058633	0
ENSMMUG00000042009	23
ENSMMUG00000011670	0
ENSMMUG00000061131	0
ENSMMUG00000063435	0
ENSMMUG00000057203	0
ENSMMUG00000013718	2
ENSMMUG00000049424	10
ENSMMUG00000012470	0
ENSMMUG00000064214	14
ENSMMUG00000013716	0
ENSMMUG00000019371	10
ENSMMUG00000004419	5
ENSMMUG00000061981	0
ENSMMUG00000052626	0
ENSMMUG00000064157	0
ENSMMUG00000056770	0
ENSMMUG00000021149	0
ENSMMUG00000034996	0
ENSMMUG00000017806	0
ENSMMUG00000006691	0
ENSMMUG00000004416	521
ENSMMUG00000007403	0
ENSMMUG00000027032	0
ENSMMUG00000060510	0
ENSMMUG00000027499	0
ENSMMUG00000012421	0
ENSMMUG00000008133	10
ENSMMUG00000058781	0
ENSMMUG00000061937	0
ENSMMUG00000053928	0
ENSMMUG00000012419	39
ENSMMUG00000056914	282
ENSMMUG00000012417	9
ENSMMUG00000055896	0
ENSMMUG00000048466	2
ENSMMUG00000041095	1
ENSMMUG00000011668	0
ENSMMUG00000061320	1042
ENSMMUG00000015734	2
ENSMMUG00000004690	2
ENSMMUG00000023138	3
ENSMMUG00000009449	0
ENSMMUG00000051886	0
ENSMMUG00000051128	0
ENSMMUG00000034491	0
ENSMMUG00000002451	171
ENSMMUG00000059796	0
ENSMMUG00000062673	0
ENSMMUG00000026977	0
ENSMMUG00000027039	0
ENSMMUG00000022626	5
ENSMMUG00000065155	0
ENSMMUG00000052006	0
ENSMMUG00000014671	0
ENSMMUG00000057923	46
ENSMMUG00000063291	0
ENSMMUG00000019985	3
ENSMMUG00000011304	279
ENSMMUG00000051457	0
ENSMMUG00000042665	1
ENSMMUG00000049321	1
ENSMMUG00000053418	0
ENSMMUG00000033121	0
ENSMMUG00000011301	305
ENSMMUG00000058487	27
ENSMMUG00000057976	0
ENSMMUG00000011293	6
ENSMMUG00000000766	4
ENSMMUG00000029592	0
ENSMMUG00000004871	123
ENSMMUG00000060200	0
ENSMMUG00000004873	90
ENSMMUG00000054826	2
ENSMMUG00000060492	0
ENSMMUG00000062100	0
ENSMMUG00000063258	0
ENSMMUG00000062191	0
ENSMMUG00000003675	0
ENSMMUG00000035066	0
ENSMMUG00000003674	1
ENSMMUG00000001394	21
ENSMMUG00000046356	27
ENSMMUG00000052403	0
ENSMMUG00000050491	0
ENSMMUG00000029799	10
ENSMMUG00000049500	5
ENSMMUG00000013920	0
ENSMMUG00000051603	0
ENSMMUG00000013919	0
ENSMMUG00000062538	3
ENSMMUG00000001393	48
ENSMMUG00000058425	8
ENSMMUG00000009060	0
ENSMMUG00000003126	0
ENSMMUG00000062149	0
ENSMMUG00000000460	2
ENSMMUG00000039548	0
ENSMMUG00000021173	3
ENSMMUG00000048123	0
ENSMMUG00000056117	121
ENSMMUG00000021313	11
ENSMMUG00000053755	0
ENSMMUG00000039082	5
ENSMMUG00000029682	3
ENSMMUG00000001305	0
ENSMMUG00000063127	3
ENSMMUG00000018425	12
ENSMMUG00000063607	0
ENSMMUG00000057641	15
ENSMMUG00000061149	0
ENSMMUG00000052316	0
ENSMMUG00000065059	0
ENSMMUG00000052362	2
ENSMMUG00000015688	63
ENSMMUG00000035836	0
ENSMMUG00000029402	0
ENSMMUG00000025452	0
ENSMMUG00000015682	3
ENSMMUG00000018461	6
ENSMMUG00000015679	0
ENSMMUG00000021172	0
ENSMMUG00000021171	14
ENSMMUG00000037366	0
ENSMMUG00000021169	1
ENSMMUG00000054813	0
ENSMMUG00000018459	23
ENSMMUG00000044514	0
ENSMMUG00000021168	0
ENSMMUG00000015676	0
ENSMMUG00000057952	0
ENSMMUG00000018456	48
ENSMMUG00000059010	0
ENSMMUG00000036054	0
ENSMMUG00000063206	0
ENSMMUG00000005577	0
ENSMMUG00000061993	0
ENSMMUG00000060942	0
ENSMMUG00000018615	0
ENSMMUG00000054760	0
ENSMMUG00000058156	0
ENSMMUG00000055552	0
ENSMMUG00000057864	0
ENSMMUG00000012572	0
ENSMMUG00000036893	0
ENSMMUG00000018609	2
ENSMMUG00000021315	0
ENSMMUG00000058000	0
ENSMMUG00000064662	0
ENSMMUG00000059784	0
ENSMMUG00000018442	44
ENSMMUG00000019072	7
ENSMMUG00000018605	0
ENSMMUG00000017425	0
ENSMMUG00000055773	0
ENSMMUG00000060968	0
ENSMMUG00000052150	0
ENSMMUG00000057878	0
ENSMMUG00000055788	0
ENSMMUG00000056572	0
ENSMMUG00000005574	0
ENSMMUG00000056684	0
ENSMMUG00000065203	0
ENSMMUG00000047903	0
ENSMMUG00000062573	1
ENSMMUG00000014691	0
ENSMMUG00000027759	0
ENSMMUG00000047127	0
ENSMMUG00000058978	0
ENSMMUG00000063576	0
ENSMMUG00000057507	0
ENSMMUG00000051885	0
ENSMMUG00000024130	0
ENSMMUG00000008060	0
ENSMMUG00000059505	0
ENSMMUG00000049911	0
ENSMMUG00000060523	0
ENSMMUG00000018601	0
ENSMMUG00000033158	0
ENSMMUG00000052602	0
ENSMMUG00000061296	0
ENSMMUG00000062089	0
ENSMMUG00000062051	0
ENSMMUG00000064297	0
ENSMMUG00000005573	2
ENSMMUG00000058121	0
ENSMMUG00000017009	0
ENSMMUG00000050949	1
ENSMMUG00000052333	0
ENSMMUG00000014071	353
ENSMMUG00000049917	0
ENSMMUG00000060089	0
ENSMMUG00000061750	0
ENSMMUG00000013651	0
ENSMMUG00000019763	1
ENSMMUG00000058189	13
ENSMMUG00000053878	1
ENSMMUG00000057258	2
ENSMMUG00000052414	1
ENSMMUG00000046092	0
ENSMMUG00000040348	3
ENSMMUG00000035265	0
ENSMMUG00000055141	0
ENSMMUG00000017480	1
ENSMMUG00000030028	35
ENSMMUG00000018575	47
ENSMMUG00000055937	0
ENSMMUG00000060813	6
ENSMMUG00000049774	3
ENSMMUG00000055804	0
ENSMMUG00000061913	0
ENSMMUG00000027786	0
ENSMMUG00000059819	0
ENSMMUG00000064644	0
ENSMMUG00000029909	0
ENSMMUG00000055982	0
ENSMMUG00000001881	0
ENSMMUG00000016627	0
ENSMMUG00000025790	0
ENSMMUG00000023008	0
ENSMMUG00000060646	0
ENSMMUG00000033145	0
ENSMMUG00000053975	0
ENSMMUG00000052131	0
ENSMMUG00000057181	0
ENSMMUG00000036228	0
ENSMMUG00000013648	0
ENSMMUG00000061964	0
ENSMMUG00000060308	0
ENSMMUG00000016626	0
ENSMMUG00000013644	0
ENSMMUG00000064436	0
ENSMMUG00000059187	0
ENSMMUG00000041338	92
ENSMMUG00000065189	0
ENSMMUG00000048878	0
ENSMMUG00000065003	15
ENSMMUG00000023685	0
ENSMMUG00000018438	21
ENSMMUG00000040033	1
ENSMMUG00000064172	0
ENSMMUG00000018434	9
ENSMMUG00000017194	60
ENSMMUG00000010731	15
ENSMMUG00000017160	2
ENSMMUG00000018432	84
ENSMMUG00000008485	3
ENSMMUG00000019961	9
ENSMMUG00000008487	0
ENSMMUG00000063651	37
ENSMMUG00000059807	0
ENSMMUG00000019960	21
ENSMMUG00000016647	0
ENSMMUG00000062034	3
ENSMMUG00000037816	0
ENSMMUG00000015230	0
ENSMMUG00000015229	5
ENSMMUG00000063806	0
ENSMMUG00000051407	65
ENSMMUG00000011719	10
ENSMMUG00000062339	1
ENSMMUG00000021971	0
ENSMMUG00000002777	0
ENSMMUG00000063719	0
ENSMMUG00000050128	0
ENSMMUG00000059737	2
ENSMMUG00000054702	4
ENSMMUG00000042368	0
ENSMMUG00000045038	5
ENSMMUG00000051224	0
ENSMMUG00000060751	0
ENSMMUG00000022050	2
ENSMMUG00000055425	0
ENSMMUG00000060663	1
ENSMMUG00000063339	2
ENSMMUG00000060950	0
ENSMMUG00000052621	0
ENSMMUG00000041744	4
ENSMMUG00000056028	0
ENSMMUG00000007143	0
ENSMMUG00000061648	5
ENSMMUG00000041727	0
ENSMMUG00000007144	0
ENSMMUG00000023748	3
ENSMMUG00000060294	13
ENSMMUG00000057462	20
ENSMMUG00000051980	0
ENSMMUG00000065238	2
ENSMMUG00000006525	1
ENSMMUG00000023733	28
ENSMMUG00000054084	0
ENSMMUG00000000758	0
ENSMMUG00000060973	0
ENSMMUG00000052921	4
ENSMMUG00000061639	0
ENSMMUG00000053403	0
ENSMMUG00000061046	0
ENSMMUG00000005779	0
ENSMMUG00000049687	0
ENSMMUG00000006524	4
ENSMMUG00000059280	2
ENSMMUG00000057380	0
ENSMMUG00000005778	0
ENSMMUG00000052268	0
ENSMMUG00000044231	0
ENSMMUG00000001886	5
ENSMMUG00000062003	0
ENSMMUG00000004540	0
ENSMMUG00000059043	0
ENSMMUG00000041776	0
ENSMMUG00000062626	0
ENSMMUG00000053666	0
ENSMMUG00000065339	0
ENSMMUG00000064414	0
ENSMMUG00000063017	0
ENSMMUG00000065146	0
ENSMMUG00000055919	0
ENSMMUG00000023558	4
ENSMMUG00000061467	0
ENSMMUG00000053653	1
ENSMMUG00000038815	0
ENSMMUG00000043272	0
ENSMMUG00000023562	0
ENSMMUG00000055245	0
ENSMMUG00000061354	0
ENSMMUG00000018513	0
ENSMMUG00000000755	0
ENSMMUG00000050016	41
ENSMMUG00000018514	1
ENSMMUG00000033505	0
ENSMMUG00000013893	0
ENSMMUG00000049499	0
ENSMMUG00000052521	3
ENSMMUG00000020077	0
ENSMMUG00000060084	0
ENSMMUG00000049765	0
ENSMMUG00000065312	0
ENSMMUG00000050374	0
ENSMMUG00000001993	4
ENSMMUG00000055242	158
ENSMMUG00000058325	28
ENSMMUG00000059791	0
ENSMMUG00000012575	1
ENSMMUG00000000747	0
ENSMMUG00000000736	52
ENSMMUG00000004181	0
ENSMMUG00000005446	0
ENSMMUG00000052876	0
ENSMMUG00000063964	0
ENSMMUG00000043529	0
ENSMMUG00000051745	9
ENSMMUG00000012846	171
ENSMMUG00000064715	0
ENSMMUG00000053627	0
ENSMMUG00000000741	18
ENSMMUG00000008799	12
ENSMMUG00000011682	0
ENSMMUG00000000735	0
ENSMMUG00000025344	0
ENSMMUG00000025943	0
ENSMMUG00000018346	0
ENSMMUG00000012843	350
ENSMMUG00000025949	0
ENSMMUG00000062941	1
ENSMMUG00000012837	31
ENSMMUG00000053776	1
ENSMMUG00000057649	15
ENSMMUG00000060527	6
ENSMMUG00000057544	36
ENSMMUG00000000729	15
ENSMMUG00000019045	0
ENSMMUG00000056261	0
ENSMMUG00000035732	0
ENSMMUG00000050418	33
ENSMMUG00000060410	0
ENSMMUG00000045668	0
ENSMMUG00000000500	0
ENSMMUG00000019048	3
ENSMMUG00000002967	0
ENSMMUG00000011683	29
ENSMMUG00000011994	9
ENSMMUG00000011679	6
ENSMMUG00000020011	0
ENSMMUG00000057516	13
ENSMMUG00000054127	2
ENSMMUG00000021708	0
ENSMMUG00000064227	5
ENSMMUG00000061610	18
ENSMMUG00000022247	0
ENSMMUG00000021707	1
ENSMMUG00000053597	5
ENSMMUG00000052874	0
ENSMMUG00000053641	0
ENSMMUG00000064499	1
ENSMMUG00000064794	0
ENSMMUG00000057891	0
ENSMMUG00000024056	0
ENSMMUG00000023767	0
ENSMMUG00000021483	0
ENSMMUG00000024923	0
ENSMMUG00000041076	0
ENSMMUG00000029822	0
ENSMMUG00000006832	0
ENSMMUG00000020366	0
ENSMMUG00000014360	0
ENSMMUG00000061512	11
ENSMMUG00000006828	0
ENSMMUG00000057288	0
ENSMMUG00000062691	0
ENSMMUG00000053826	0
ENSMMUG00000019073	0
ENSMMUG00000020367	0
ENSMMUG00000019074	0
ENSMMUG00000058069	0
ENSMMUG00000006827	0
ENSMMUG00000037653	0
ENSMMUG00000019076	0
ENSMMUG00000039008	0
ENSMMUG00000060088	0
ENSMMUG00000053091	0
ENSMMUG00000064888	0
ENSMMUG00000020178	19
ENSMMUG00000064804	46
ENSMMUG00000014995	0
ENSMMUG00000045974	1
ENSMMUG00000005442	8
ENSMMUG00000019078	0
ENSMMUG00000057943	0
ENSMMUG00000025063	0
ENSMMUG00000052948	0
ENSMMUG00000061701	0
ENSMMUG00000009702	0
ENSMMUG00000035786	0
ENSMMUG00000065156	0
ENSMMUG00000046121	0
ENSMMUG00000020369	6
ENSMMUG00000041707	0
ENSMMUG00000022691	0
ENSMMUG00000023067	6
ENSMMUG00000051211	0
ENSMMUG00000029827	8
ENSMMUG00000050903	0
ENSMMUG00000061590	0
ENSMMUG00000056642	0
ENSMMUG00000056160	0
ENSMMUG00000010599	0
ENSMMUG00000051508	0
ENSMMUG00000065242	7
ENSMMUG00000018231	5
ENSMMUG00000052337	0
ENSMMUG00000062675	0
ENSMMUG00000044472	0
ENSMMUG00000059126	0
ENSMMUG00000021072	0
ENSMMUG00000009861	7
ENSMMUG00000026555	27
ENSMMUG00000001992	32
ENSMMUG00000015694	11
ENSMMUG00000058534	12
ENSMMUG00000056155	0
ENSMMUG00000054081	0
ENSMMUG00000014999	2
ENSMMUG00000009585	3
ENSMMUG00000018232	29
ENSMMUG00000001990	1
ENSMMUG00000043866	19
ENSMMUG00000053588	0
ENSMMUG00000015161	8
ENSMMUG00000055883	0
ENSMMUG00000024393	0
ENSMMUG00000012241	0
ENSMMUG00000053073	0
ENSMMUG00000056718	0
ENSMMUG00000007010	17
ENSMMUG00000056435	0
ENSMMUG00000064319	0
ENSMMUG00000011384	0
ENSMMUG00000062637	0
ENSMMUG00000057490	0
ENSMMUG00000052378	0
ENSMMUG00000062680	0
ENSMMUG00000059381	0
ENSMMUG00000059711	0
ENSMMUG00000002586	2
ENSMMUG00000007011	5
ENSMMUG00000053089	1
ENSMMUG00000056312	7
ENSMMUG00000002940	2
ENSMMUG00000026139	4
ENSMMUG00000004646	19
ENSMMUG00000061158	13
ENSMMUG00000062981	7
ENSMMUG00000059871	0
ENSMMUG00000058963	6
ENSMMUG00000015163	2
ENSMMUG00000062549	0
ENSMMUG00000009827	0
ENSMMUG00000061288	1
ENSMMUG00000047824	3
ENSMMUG00000007020	0
ENSMMUG00000021482	9
ENSMMUG00000033322	0
ENSMMUG00000002583	0
ENSMMUG00000049400	0
ENSMMUG00000029462	7
ENSMMUG00000063451	0
ENSMMUG00000029882	0
ENSMMUG00000050767	0
ENSMMUG00000050828	218
ENSMMUG00000053219	0
ENSMMUG00000029463	2
ENSMMUG00000065179	0
ENSMMUG00000016703	0
ENSMMUG00000049407	0
ENSMMUG00000015365	0
ENSMMUG00000013909	0
ENSMMUG00000057429	0
ENSMMUG00000003953	0
ENSMMUG00000002582	0
ENSMMUG00000053480	0
ENSMMUG00000029465	0
ENSMMUG00000023221	524
ENSMMUG00000053561	0
ENSMMUG00000012092	0
ENSMMUG00000063631	1
ENSMMUG00000029883	0
ENSMMUG00000059442	0
ENSMMUG00000005415	0
ENSMMUG00000002579	0
ENSMMUG00000000923	3
ENSMMUG00000004377	0
ENSMMUG00000064606	0
ENSMMUG00000065098	0
ENSMMUG00000058238	0
ENSMMUG00000003951	0
ENSMMUG00000006510	0
ENSMMUG00000056478	0
ENSMMUG00000039988	0
ENSMMUG00000053786	0
ENSMMUG00000063408	0
ENSMMUG00000002574	0
ENSMMUG00000003678	1
ENSMMUG00000052092	0
ENSMMUG00000063037	0
ENSMMUG00000049050	0
ENSMMUG00000060472	0
ENSMMUG00000051193	0
ENSMMUG00000047033	0
ENSMMUG00000020537	0
ENSMMUG00000015961	0
ENSMMUG00000029466	0
ENSMMUG00000033265	11
ENSMMUG00000022110	0
ENSMMUG00000050349	0
ENSMMUG00000008120	23
ENSMMUG00000056416	0
ENSMMUG00000050665	1
ENSMMUG00000065007	0
ENSMMUG00000055267	0
ENSMMUG00000004619	0
ENSMMUG00000028498	0
ENSMMUG00000004618	0
ENSMMUG00000002573	9
ENSMMUG00000010802	0
ENSMMUG00000054380	0
ENSMMUG00000053117	191
ENSMMUG00000062369	0
ENSMMUG00000059793	0
ENSMMUG00000020538	8
ENSMMUG00000011169	76
ENSMMUG00000064852	0
ENSMMUG00000055275	0
ENSMMUG00000004617	0
ENSMMUG00000019772	1
ENSMMUG00000060483	0
ENSMMUG00000019679	0
ENSMMUG00000037150	3
ENSMMUG00000012396	2
ENSMMUG00000046956	0
ENSMMUG00000053768	5
ENSMMUG00000021401	1
ENSMMUG00000056640	0
ENSMMUG00000019774	0
ENSMMUG00000014763	0
ENSMMUG00000011171	2
ENSMMUG00000050301	0
ENSMMUG00000014764	0
ENSMMUG00000011675	0
ENSMMUG00000040895	0
ENSMMUG00000011172	50
ENSMMUG00000008762	0
ENSMMUG00000018054	25
ENSMMUG00000036700	0
ENSMMUG00000007231	5
ENSMMUG00000061395	0
ENSMMUG00000064836	7
ENSMMUG00000051465	0
ENSMMUG00000032838	0
ENSMMUG00000020410	0
ENSMMUG00000058038	0
ENSMMUG00000065345	0
ENSMMUG00000032924	3
ENSMMUG00000007228	0
ENSMMUG00000020351	7
ENSMMUG00000023265	1
ENSMMUG00000059116	0
ENSMMUG00000054652	0
ENSMMUG00000061965	0
ENSMMUG00000013483	0
ENSMMUG00000008993	1
ENSMMUG00000015747	2
ENSMMUG00000058018	0
ENSMMUG00000057817	0
ENSMMUG00000054633	0
ENSMMUG00000007227	0
ENSMMUG00000053256	0
ENSMMUG00000023387	0
ENSMMUG00000059202	0
ENSMMUG00000060839	0
ENSMMUG00000029475	0
ENSMMUG00000050174	74
ENSMMUG00000052539	0
ENSMMUG00000018342	67
ENSMMUG00000054954	16
ENSMMUG00000023381	0
ENSMMUG00000002537	0
ENSMMUG00000060940	1
ENSMMUG00000055851	0
ENSMMUG00000060557	0
ENSMMUG00000003332	0
ENSMMUG00000016702	0
ENSMMUG00000052132	1
ENSMMUG00000014473	0
ENSMMUG00000052976	0
ENSMMUG00000003331	18
ENSMMUG00000029549	0
ENSMMUG00000020831	1
ENSMMUG00000012592	0
ENSMMUG00000041123	0
ENSMMUG00000014471	0
ENSMMUG00000001435	0
ENSMMUG00000036305	0
ENSMMUG00000063246	0
ENSMMUG00000049519	4
ENSMMUG00000063237	0
ENSMMUG00000050895	0
ENSMMUG00000064609	0
ENSMMUG00000058664	0
ENSMMUG00000006147	8
ENSMMUG00000001442	3
ENSMMUG00000062046	0
ENSMMUG00000032837	0
ENSMMUG00000037163	0
ENSMMUG00000048502	0
ENSMMUG00000062055	0
ENSMMUG00000012590	0
ENSMMUG00000063573	0
ENSMMUG00000012589	40
ENSMMUG00000001634	5
ENSMMUG00000014703	0
ENSMMUG00000027678	18
ENSMMUG00000026641	0
ENSMMUG00000001632	6
ENSMMUG00000025555	0
ENSMMUG00000048908	60
ENSMMUG00000006143	3
ENSMMUG00000061667	0
ENSMMUG00000062458	0
ENSMMUG00000063347	0
ENSMMUG00000012580	49
ENSMMUG00000056578	0
ENSMMUG00000003725	0
ENSMMUG00000049816	0
ENSMMUG00000011575	461
ENSMMUG00000011573	187
ENSMMUG00000036106	9
ENSMMUG00000055978	3
ENSMMUG00000057697	0
ENSMMUG00000064207	0
ENSMMUG00000053572	0
ENSMMUG00000055652	0
ENSMMUG00000025116	0
ENSMMUG00000051522	0
ENSMMUG00000051271	0
ENSMMUG00000009856	0
ENSMMUG00000057619	58
ENSMMUG00000050740	0
ENSMMUG00000016945	0
ENSMMUG00000005923	0
ENSMMUG00000015780	0
ENSMMUG00000055313	0
ENSMMUG00000058371	0
ENSMMUG00000001659	0
ENSMMUG00000045958	2
ENSMMUG00000055291	6
ENSMMUG00000058228	53
ENSMMUG00000064616	0
ENSMMUG00000050333	0
ENSMMUG00000059905	0
ENSMMUG00000063437	0
ENSMMUG00000005964	0
ENSMMUG00000049806	0
ENSMMUG00000055442	0
ENSMMUG00000060866	0
ENSMMUG00000054502	0
ENSMMUG00000062805	0
ENSMMUG00000010749	1
ENSMMUG00000002270	3
ENSMMUG00000022287	1
ENSMMUG00000001658	0
ENSMMUG00000048443	0
ENSMMUG00000057555	0
ENSMMUG00000061609	0
ENSMMUG00000061328	0
ENSMMUG00000061554	0
ENSMMUG00000036691	0
ENSMMUG00000063638	0
ENSMMUG00000036049	0
ENSMMUG00000060722	0
ENSMMUG00000063449	0
ENSMMUG00000055250	0
ENSMMUG00000050303	0
ENSMMUG00000060030	0
ENSMMUG00000024570	0
ENSMMUG00000023610	0
ENSMMUG00000016201	0
ENSMMUG00000040203	0
ENSMMUG00000062589	0
ENSMMUG00000005717	0
ENSMMUG00000005715	0
ENSMMUG00000064300	0
ENSMMUG00000026452	1
ENSMMUG00000051726	5
ENSMMUG00000015662	0
ENSMMUG00000017497	10
ENSMMUG00000015658	27
ENSMMUG00000046134	0
ENSMMUG00000057863	0
ENSMMUG00000045968	0
ENSMMUG00000005093	3
ENSMMUG00000052641	0
ENSMMUG00000022008	5
ENSMMUG00000061084	0
ENSMMUG00000015872	0
ENSMMUG00000053042	0
ENSMMUG00000022006	0
ENSMMUG00000054227	0
ENSMMUG00000054919	0
ENSMMUG00000063198	1
ENSMMUG00000059553	0
ENSMMUG00000022193	5
ENSMMUG00000059810	3
ENSMMUG00000041405	0
ENSMMUG00000057538	0
ENSMMUG00000016217	0
ENSMMUG00000060257	0
ENSMMUG00000007142	4
ENSMMUG00000002936	13
ENSMMUG00000044467	0
ENSMMUG00000018843	0
ENSMMUG00000062840	0
ENSMMUG00000055593	0
ENSMMUG00000060935	0
ENSMMUG00000027945	0
ENSMMUG00000012621	0
ENSMMUG00000041115	0
ENSMMUG00000012616	1
ENSMMUG00000064822	0
ENSMMUG00000060469	0
ENSMMUG00000054243	0
ENSMMUG00000021976	17
ENSMMUG00000057657	6
ENSMMUG00000061989	0
ENSMMUG00000050646	0
ENSMMUG00000048810	13
ENSMMUG00000064008	0
ENSMMUG00000065209	0
ENSMMUG00000007153	0
ENSMMUG00000021977	1007
ENSMMUG00000053706	17
ENSMMUG00000026646	0
ENSMMUG00000064080	0
ENSMMUG00000005004	2
ENSMMUG00000040054	0
ENSMMUG00000002598	0
ENSMMUG00000051014	0
ENSMMUG00000050610	0
ENSMMUG00000012202	3
ENSMMUG00000062661	49
ENSMMUG00000022285	0
ENSMMUG00000026050	0
ENSMMUG00000049021	0
ENSMMUG00000055444	197
ENSMMUG00000050532	0
ENSMMUG00000017495	6
ENSMMUG00000050965	0
ENSMMUG00000056730	5
ENSMMUG00000052383	0
ENSMMUG00000057220	2
ENSMMUG00000049744	0
ENSMMUG00000016603	0
ENSMMUG00000005854	6
ENSMMUG00000058909	0
ENSMMUG00000014867	0
ENSMMUG00000051970	0
ENSMMUG00000000808	0
ENSMMUG00000058151	24
ENSMMUG00000029939	322
ENSMMUG00000058161	0
ENSMMUG00000033676	0
ENSMMUG00000043713	0
ENSMMUG00000009803	0
ENSMMUG00000060443	0
ENSMMUG00000036138	0
ENSMMUG00000048121	0
ENSMMUG00000054940	0
ENSMMUG00000004061	2
ENSMMUG00000060681	0
ENSMMUG00000019364	0
ENSMMUG00000051501	2
ENSMMUG00000003214	3
ENSMMUG00000052891	0
ENSMMUG00000029510	0
ENSMMUG00000055964	1
ENSMMUG00000054128	19
ENSMMUG00000062530	0
ENSMMUG00000024704	0
ENSMMUG00000024986	0
ENSMMUG00000005929	1
ENSMMUG00000064767	0
ENSMMUG00000060923	17
ENSMMUG00000060591	0
ENSMMUG00000020558	4
ENSMMUG00000005925	3
ENSMMUG00000019368	0
ENSMMUG00000022119	0
ENSMMUG00000001018	1
ENSMMUG00000046610	15
ENSMMUG00000051338	36
ENSMMUG00000014508	120
ENSMMUG00000049294	6
ENSMMUG00000052906	0
ENSMMUG00000058818	0
ENSMMUG00000055398	65
ENSMMUG00000019448	0
ENSMMUG00000063801	1
ENSMMUG00000026352	0
ENSMMUG00000063962	0
ENSMMUG00000008452	0
ENSMMUG00000035752	0
ENSMMUG00000008451	0
ENSMMUG00000057613	62
ENSMMUG00000040087	0
ENSMMUG00000039962	0
ENSMMUG00000057996	0
ENSMMUG00000015363	200
ENSMMUG00000000687	14
ENSMMUG00000051037	0
ENSMMUG00000019450	0
ENSMMUG00000058092	214
ENSMMUG00000032944	0
ENSMMUG00000052208	0
ENSMMUG00000061819	0
ENSMMUG00000060680	0
ENSMMUG00000020646	0
ENSMMUG00000057097	0
ENSMMUG00000019454	0
ENSMMUG00000052477	0
ENSMMUG00000058074	79
ENSMMUG00000051919	0
ENSMMUG00000063635	0
ENSMMUG00000000685	0
ENSMMUG00000014454	0
ENSMMUG00000056207	0
ENSMMUG00000054532	0
ENSMMUG00000052442	0
ENSMMUG00000055914	1
ENSMMUG00000019457	139
ENSMMUG00000059595	0
ENSMMUG00000015416	0
ENSMMUG00000007954	1
ENSMMUG00000038979	0
ENSMMUG00000015362	36
ENSMMUG00000034460	0
ENSMMUG00000005903	0
ENSMMUG00000016598	0
ENSMMUG00000025209	0
ENSMMUG00000008444	0
ENSMMUG00000045417	1
ENSMMUG00000014936	16
ENSMMUG00000024870	0
ENSMMUG00000060543	0
ENSMMUG00000049783	0
ENSMMUG00000022489	1
ENSMMUG00000049954	0
ENSMMUG00000040219	0
ENSMMUG00000022950	0
ENSMMUG00000055673	0
ENSMMUG00000036934	0
ENSMMUG00000008442	19
ENSMMUG00000052877	0
ENSMMUG00000056780	0
ENSMMUG00000058043	4
ENSMMUG00000051756	11
ENSMMUG00000002271	1
ENSMMUG00000054569	0
ENSMMUG00000036186	0
ENSMMUG00000020289	2
ENSMMUG00000051509	0
ENSMMUG00000055574	0
ENSMMUG00000063481	0
ENSMMUG00000002501	0
ENSMMUG00000034645	0
ENSMMUG00000060769	0
ENSMMUG00000054584	0
ENSMMUG00000018557	6
ENSMMUG00000052231	0
ENSMMUG00000044473	0
ENSMMUG00000062415	0
ENSMMUG00000009922	0
ENSMMUG00000050334	2
ENSMMUG00000051188	0
ENSMMUG00000056792	0
ENSMMUG00000058104	0
ENSMMUG00000032905	0
ENSMMUG00000035611	0
ENSMMUG00000051861	0
ENSMMUG00000008330	63
ENSMMUG00000062364	0
ENSMMUG00000020122	8
ENSMMUG00000036550	46
ENSMMUG00000057821	9
ENSMMUG00000008681	253
ENSMMUG00000008121	12
ENSMMUG00000008678	1
ENSMMUG00000061899	1
ENSMMUG00000005406	0
ENSMMUG00000020040	0
ENSMMUG00000026293	0
ENSMMUG00000060827	0
ENSMMUG00000055472	0
ENSMMUG00000051532	0
ENSMMUG00000008560	0
ENSMMUG00000055480	0
ENSMMUG00000055153	0
ENSMMUG00000059555	0
ENSMMUG00000054112	0
ENSMMUG00000053922	0
ENSMMUG00000050222	0
ENSMMUG00000050138	0
ENSMMUG00000035244	0
ENSMMUG00000025793	0
ENSMMUG00000025481	0
ENSMMUG00000024280	0
ENSMMUG00000024302	0
ENSMMUG00000053086	0
ENSMMUG00000052057	0
ENSMMUG00000058570	0
ENSMMUG00000063833	0
ENSMMUG00000053243	0
ENSMMUG00000056943	0
ENSMMUG00000026549	0
ENSMMUG00000058284	0
ENSMMUG00000023926	0
ENSMMUG00000025608	0
ENSMMUG00000058012	0
ENSMMUG00000060241	0
ENSMMUG00000055222	0
ENSMMUG00000026065	0
ENSMMUG00000025424	0
ENSMMUG00000057695	0
ENSMMUG00000024558	0
ENSMMUG00000053902	0
ENSMMUG00000026081	0
ENSMMUG00000058390	0
ENSMMUG00000025526	0
ENSMMUG00000059456	0
ENSMMUG00000054582	0
ENSMMUG00000051432	0
ENSMMUG00000061608	0
ENSMMUG00000034542	0
ENSMMUG00000035223	0
ENSMMUG00000027049	0
ENSMMUG00000027026	0
ENSMMUG00000032999	0
ENSMMUG00000032806	0
ENSMMUG00000033111	0
ENSMMUG00000033908	0
ENSMMUG00000026926	0
ENSMMUG00000053057	0
ENSMMUG00000027155	0
ENSMMUG00000064231	0
ENSMMUG00000055261	0
ENSMMUG00000054989	0
ENSMMUG00000059297	0
ENSMMUG00000027095	0
ENSMMUG00000032705	0
ENSMMUG00000033445	0
ENSMMUG00000027306	0
ENSMMUG00000042198	0
ENSMMUG00000033246	0
ENSMMUG00000026848	0
ENSMMUG00000033146	0
ENSMMUG00000027109	0
ENSMMUG00000032717	0
ENSMMUG00000027266	0
ENSMMUG00000033362	0
ENSMMUG00000027019	0
ENSMMUG00000040821	0
ENSMMUG00000051260	0
ENSMMUG00000062785	0
ENSMMUG00000063073	0
ENSMMUG00000064407	0
ENSMMUG00000057662	0
ENSMMUG00000063696	0
ENSMMUG00000054865	0
ENSMMUG00000055888	0
ENSMMUG00000050225	0
ENSMMUG00000053337	0
ENSMMUG00000061070	3
ENSMMUG00000062016	13
ENSMMUG00000052410	10
ENSMMUG00000057566	0
ENSMMUG00000063241	0
ENSMMUG00000060755	0
ENSMMUG00000001740	0
ENSMMUG00000062515	0
ENSMMUG00000056070	0
ENSMMUG00000057938	0
ENSMMUG00000016544	0
ENSMMUG00000036502	0
ENSMMUG00000053693	0
ENSMMUG00000006659	0
ENSMMUG00000063203	0
ENSMMUG00000012473	18
ENSMMUG00000020374	2
ENSMMUG00000063795	0
ENSMMUG00000007460	0
ENSMMUG00000013325	5
ENSMMUG00000050660	0
ENSMMUG00000036401	0
ENSMMUG00000003565	10
ENSMMUG00000029177	0
ENSMMUG00000064343	0
ENSMMUG00000015169	1
ENSMMUG00000011819	1
ENSMMUG00000016552	10
ENSMMUG00000057980	96
ENSMMUG00000003567	0
ENSMMUG00000016556	2
ENSMMUG00000059579	0
ENSMMUG00000053633	0
ENSMMUG00000052518	1
ENSMMUG00000009971	9
ENSMMUG00000001044	5
ENSMMUG00000011829	0
ENSMMUG00000013814	0
ENSMMUG00000009974	12
ENSMMUG00000057071	0
ENSMMUG00000054786	0
ENSMMUG00000049334	0
ENSMMUG00000054478	0
ENSMMUG00000016487	1
ENSMMUG00000023258	1
ENSMMUG00000037827	0
ENSMMUG00000060896	0
ENSMMUG00000060998	0
ENSMMUG00000029343	1
ENSMMUG00000063155	0
ENSMMUG00000063136	0
ENSMMUG00000056190	1
ENSMMUG00000044581	0
ENSMMUG00000065022	39
ENSMMUG00000001047	0
ENSMMUG00000061833	0
ENSMMUG00000062708	0
ENSMMUG00000000277	0
ENSMMUG00000023041	0
ENSMMUG00000049891	0
ENSMMUG00000011782	10
ENSMMUG00000036797	0
ENSMMUG00000004025	1
ENSMMUG00000010576	0
ENSMMUG00000000278	0
ENSMMUG00000004027	7
ENSMMUG00000000186	7
ENSMMUG00000006650	0
ENSMMUG00000010578	0
ENSMMUG00000064694	376
ENSMMUG00000017381	0
ENSMMUG00000053729	0
ENSMMUG00000001273	4
ENSMMUG00000062301	0
ENSMMUG00000063145	0
ENSMMUG00000054161	0
ENSMMUG00000007516	0
ENSMMUG00000053334	0
ENSMMUG00000053970	0
ENSMMUG00000007517	0
ENSMMUG00000063322	0
ENSMMUG00000057287	0
ENSMMUG00000012388	0
ENSMMUG00000025787	0
ENSMMUG00000061843	0
ENSMMUG00000004787	1
ENSMMUG00000050366	0
ENSMMUG00000001276	0
ENSMMUG00000042148	4
ENSMMUG00000063691	3
ENSMMUG00000064003	0
ENSMMUG00000062772	0
ENSMMUG00000057402	0
ENSMMUG00000055595	0
ENSMMUG00000012398	6
ENSMMUG00000052931	0
ENSMMUG00000012400	0
ENSMMUG00000023314	0
ENSMMUG00000057284	0
ENSMMUG00000061709	0
ENSMMUG00000051027	0
ENSMMUG00000061666	0
ENSMMUG00000049354	0
ENSMMUG00000052886	0
ENSMMUG00000001863	0
ENSMMUG00000045325	0
ENSMMUG00000035420	0
ENSMMUG00000040090	0
ENSMMUG00000060984	0
ENSMMUG00000063701	0
ENSMMUG00000059877	0
ENSMMUG00000053981	0
ENSMMUG00000050909	0
ENSMMUG00000029455	0
ENSMMUG00000003034	0
ENSMMUG00000005780	17
ENSMMUG00000007762	14
ENSMMUG00000023047	0
ENSMMUG00000012852	0
ENSMMUG00000059023	2
ENSMMUG00000002855	0
ENSMMUG00000029174	8
ENSMMUG00000005702	0
ENSMMUG00000005430	0
ENSMMUG00000061870	0
ENSMMUG00000007763	0
ENSMMUG00000058348	0
ENSMMUG00000005704	0
ENSMMUG00000053848	0
ENSMMUG00000034878	0
ENSMMUG00000051942	0
ENSMMUG00000059418	0
ENSMMUG00000002383	0
ENSMMUG00000045269	0
ENSMMUG00000059026	2
ENSMMUG00000006283	0
ENSMMUG00000013828	40
ENSMMUG00000060470	0
ENSMMUG00000023780	1
ENSMMUG00000058162	0
ENSMMUG00000065019	0
ENSMMUG00000015894	1
ENSMMUG00000056668	4
ENSMMUG00000059813	4
ENSMMUG00000065206	0
ENSMMUG00000024564	0
ENSMMUG00000016250	0
ENSMMUG00000065222	0
ENSMMUG00000021295	0
ENSMMUG00000062820	0
ENSMMUG00000022939	6
ENSMMUG00000061576	0
ENSMMUG00000016251	0
ENSMMUG00000053489	0
ENSMMUG00000034909	0
ENSMMUG00000037064	0
ENSMMUG00000059984	2
ENSMMUG00000007307	5
ENSMMUG00000020885	0
ENSMMUG00000007308	0
ENSMMUG00000059088	0
ENSMMUG00000049926	0
ENSMMUG00000010767	4
ENSMMUG00000049593	0
ENSMMUG00000020426	14
ENSMMUG00000056545	0
ENSMMUG00000052453	1
ENSMMUG00000038006	0
ENSMMUG00000058239	0
ENSMMUG00000012356	0
ENSMMUG00000044662	0
ENSMMUG00000020586	0
ENSMMUG00000056961	0
ENSMMUG00000062765	0
ENSMMUG00000064358	0
ENSMMUG00000016255	11
ENSMMUG00000027928	0
ENSMMUG00000061882	0
ENSMMUG00000064383	0
ENSMMUG00000048644	2
ENSMMUG00000061585	2
ENSMMUG00000016483	6
ENSMMUG00000035204	0
ENSMMUG00000061183	0
ENSMMUG00000060690	0
ENSMMUG00000011217	0
ENSMMUG00000010665	0
ENSMMUG00000018278	0
ENSMMUG00000017313	0
ENSMMUG00000062857	0
ENSMMUG00000011218	0
ENSMMUG00000053933	1
ENSMMUG00000062871	0
ENSMMUG00000037635	0
ENSMMUG00000012474	162
ENSMMUG00000001423	2
ENSMMUG00000054021	0
ENSMMUG00000004856	0
ENSMMUG00000055341	0
ENSMMUG00000011475	1
ENSMMUG00000057457	0
ENSMMUG00000059076	0
ENSMMUG00000056589	36
ENSMMUG00000054379	4
ENSMMUG00000036759	0
ENSMMUG00000041260	0
ENSMMUG00000040817	11
ENSMMUG00000007159	4
ENSMMUG00000009641	0
ENSMMUG00000007163	0
ENSMMUG00000002764	1
ENSMMUG00000012480	33
ENSMMUG00000061299	0
ENSMMUG00000050513	0
ENSMMUG00000030305	0
ENSMMUG00000009648	0
ENSMMUG00000015202	10
ENSMMUG00000023305	8
ENSMMUG00000009649	0
ENSMMUG00000018279	0
ENSMMUG00000012481	23
ENSMMUG00000065328	0
ENSMMUG00000035178	0
ENSMMUG00000040771	2
ENSMMUG00000021311	4
ENSMMUG00000057110	0
ENSMMUG00000061441	1
ENSMMUG00000009651	0
ENSMMUG00000054271	0
ENSMMUG00000019346	0
ENSMMUG00000040110	0
ENSMMUG00000045298	98
ENSMMUG00000007646	0
ENSMMUG00000025409	0
ENSMMUG00000056013	0
ENSMMUG00000011316	0
ENSMMUG00000053166	0
ENSMMUG00000044341	0
ENSMMUG00000042030	0
ENSMMUG00000002121	0
ENSMMUG00000055938	0
ENSMMUG00000061578	0
ENSMMUG00000056876	0
ENSMMUG00000022926	2
ENSMMUG00000058548	0
ENSMMUG00000058109	1
ENSMMUG00000052677	3
ENSMMUG00000062395	0
ENSMMUG00000059525	0
ENSMMUG00000060758	0
ENSMMUG00000055207	0
ENSMMUG00000039337	0
ENSMMUG00000061551	4
ENSMMUG00000046299	0
ENSMMUG00000051249	0
ENSMMUG00000051750	0
ENSMMUG00000056361	0
ENSMMUG00000036646	49
ENSMMUG00000053246	0
ENSMMUG00000025088	0
ENSMMUG00000020514	2
ENSMMUG00000003508	19
ENSMMUG00000060892	1
ENSMMUG00000009584	0
ENSMMUG00000010093	4
ENSMMUG00000003184	0
ENSMMUG00000056727	0
ENSMMUG00000064733	0
ENSMMUG00000064429	2
ENSMMUG00000062798	0
ENSMMUG00000001425	0
ENSMMUG00000049896	1
ENSMMUG00000036452	5
ENSMMUG00000060832	0
ENSMMUG00000052026	0
ENSMMUG00000050187	0
ENSMMUG00000059683	2
ENSMMUG00000054163	1
ENSMMUG00000050958	0
ENSMMUG00000051006	0
ENSMMUG00000060256	0
ENSMMUG00000044272	0
ENSMMUG00000012493	1
ENSMMUG00000065308	0
ENSMMUG00000020516	0
ENSMMUG00000060559	0
ENSMMUG00000063210	0
ENSMMUG00000050195	0
ENSMMUG00000057333	0
ENSMMUG00000053752	39
ENSMMUG00000016253	4320
ENSMMUG00000062599	34
ENSMMUG00000003509	230
ENSMMUG00000021571	1
ENSMMUG00000021028	0
ENSMMUG00000001242	0
ENSMMUG00000064827	0
ENSMMUG00000052929	1
ENSMMUG00000021027	5
ENSMMUG00000021572	15
ENSMMUG00000003514	1
ENSMMUG00000052036	4
ENSMMUG00000050779	0
ENSMMUG00000029407	132
ENSMMUG00000052535	0
ENSMMUG00000049567	4
ENSMMUG00000003240	0
ENSMMUG00000054891	0
ENSMMUG00000060524	0
ENSMMUG00000032019	0
ENSMMUG00000050130	0
ENSMMUG00000059005	0
ENSMMUG00000065178	0
ENSMMUG00000051702	0
ENSMMUG00000057719	0
ENSMMUG00000058118	0
ENSMMUG00000043593	0
ENSMMUG00000055018	5
ENSMMUG00000062943	0
ENSMMUG00000049534	1
ENSMMUG00000058825	0
ENSMMUG00000063096	0
ENSMMUG00000034568	0
ENSMMUG00000027443	0
ENSMMUG00000059678	0
ENSMMUG00000051744	0
ENSMMUG00000061411	0
ENSMMUG00000030587	0
ENSMMUG00000039141	0
ENSMMUG00000057295	0
ENSMMUG00000055375	0
ENSMMUG00000022407	6
ENSMMUG00000012496	154
ENSMMUG00000050883	0
ENSMMUG00000054499	3
ENSMMUG00000003002	0
ENSMMUG00000063231	0
ENSMMUG00000022409	96
ENSMMUG00000060671	0
ENSMMUG00000058671	14
ENSMMUG00000011123	0
ENSMMUG00000002797	3
ENSMMUG00000000681	0
ENSMMUG00000055678	1
ENSMMUG00000059164	0
ENSMMUG00000045443	0
ENSMMUG00000018998	0
ENSMMUG00000049718	7
ENSMMUG00000003834	1
ENSMMUG00000012455	140
ENSMMUG00000013670	0
ENSMMUG00000017430	0
ENSMMUG00000021121	3
ENSMMUG00000017665	1
ENSMMUG00000005179	0
ENSMMUG00000001084	0
ENSMMUG00000064023	0
ENSMMUG00000055905	0
ENSMMUG00000012064	2
ENSMMUG00000064646	0
ENSMMUG00000006676	2
ENSMMUG00000060014	0
ENSMMUG00000004931	5
ENSMMUG00000026851	0
ENSMMUG00000057298	0
ENSMMUG00000016742	11
ENSMMUG00000006848	3
ENSMMUG00000059439	0
ENSMMUG00000016164	0
ENSMMUG00000055506	0
ENSMMUG00000044720	0
ENSMMUG00000049869	0
ENSMMUG00000012452	0
ENSMMUG00000000534	0
ENSMMUG00000041902	0
ENSMMUG00000053346	3
ENSMMUG00000061062	0
ENSMMUG00000014288	74
ENSMMUG00000064047	0
ENSMMUG00000015224	2
ENSMMUG00000017433	0
ENSMMUG00000048039	391
ENSMMUG00000012065	1
ENSMMUG00000057551	0
ENSMMUG00000062552	0
ENSMMUG00000034822	0
ENSMMUG00000056289	15
ENSMMUG00000012447	1
ENSMMUG00000059698	0
ENSMMUG00000036321	0
ENSMMUG00000003364	0
ENSMMUG00000016564	0
ENSMMUG00000014291	101
ENSMMUG00000050525	0
ENSMMUG00000059589	0
ENSMMUG00000013669	0
ENSMMUG00000019126	0
ENSMMUG00000055872	0
ENSMMUG00000009867	82
ENSMMUG00000056992	0
ENSMMUG00000011089	0
ENSMMUG00000012690	0
ENSMMUG00000001090	1
ENSMMUG00000049446	0
ENSMMUG00000009361	0
ENSMMUG00000046614	0
ENSMMUG00000060424	0
ENSMMUG00000019128	24
ENSMMUG00000064176	0
ENSMMUG00000008188	0
ENSMMUG00000052204	0
ENSMMUG00000057962	148
ENSMMUG00000062770	0
ENSMMUG00000034414	0
ENSMMUG00000052864	0
ENSMMUG00000058595	0
ENSMMUG00000010051	1
ENSMMUG00000015599	0
ENSMMUG00000059927	0
ENSMMUG00000011084	0
ENSMMUG00000009087	55
ENSMMUG00000054012	0
ENSMMUG00000009869	2
ENSMMUG00000052692	0
ENSMMUG00000060441	0
ENSMMUG00000053103	0
ENSMMUG00000015855	0
ENSMMUG00000059282	0
ENSMMUG00000052580	0
ENSMMUG00000064946	0
ENSMMUG00000036204	0
ENSMMUG00000064266	0
ENSMMUG00000010049	26
ENSMMUG00000000202	0
ENSMMUG00000005496	11
ENSMMUG00000009084	48
ENSMMUG00000021070	0
ENSMMUG00000058446	0
ENSMMUG00000057652	1
ENSMMUG00000021010	0
ENSMMUG00000056465	0
ENSMMUG00000048106	352
ENSMMUG00000005781	0
ENSMMUG00000001656	0
ENSMMUG00000001657	2
ENSMMUG00000054653	0
ENSMMUG00000017666	0
ENSMMUG00000010046	0
ENSMMUG00000020697	0
ENSMMUG00000037670	0
ENSMMUG00000051727	0
ENSMMUG00000059301	0
ENSMMUG00000056365	0
ENSMMUG00000054825	0
ENSMMUG00000020698	142
ENSMMUG00000036641	0
ENSMMUG00000052647	0
ENSMMUG00000051069	0
ENSMMUG00000011566	0
ENSMMUG00000059334	0
ENSMMUG00000021011	0
ENSMMUG00000051671	0
ENSMMUG00000019504	1
ENSMMUG00000062992	0
ENSMMUG00000056509	0
ENSMMUG00000062266	0
ENSMMUG00000039906	0
ENSMMUG00000007464	1
ENSMMUG00000062559	0
ENSMMUG00000005786	0
ENSMMUG00000041714	0
ENSMMUG00000014294	14
ENSMMUG00000003123	3
ENSMMUG00000003157	0
ENSMMUG00000060759	0
ENSMMUG00000056130	0
ENSMMUG00000057959	0
ENSMMUG00000058385	0
ENSMMUG00000058816	0
ENSMMUG00000011225	0
ENSMMUG00000062391	0
ENSMMUG00000060586	0
ENSMMUG00000065053	0
ENSMMUG00000024408	0
ENSMMUG00000053836	0
ENSMMUG00000059574	0
ENSMMUG00000060202	0
ENSMMUG00000055037	0
ENSMMUG00000050482	0
ENSMMUG00000060797	67
ENSMMUG00000059713	0
ENSMMUG00000009575	2
ENSMMUG00000052151	0
ENSMMUG00000009566	0
ENSMMUG00000054763	0
ENSMMUG00000000830	0
ENSMMUG00000052614	1
ENSMMUG00000008297	13
ENSMMUG00000020899	0
ENSMMUG00000009441	2
ENSMMUG00000024319	0
ENSMMUG00000033003	0
ENSMMUG00000062005	0
ENSMMUG00000055630	0
ENSMMUG00000064637	0
ENSMMUG00000003370	0
ENSMMUG00000064970	32
ENSMMUG00000049868	0
ENSMMUG00000020747	0
ENSMMUG00000006984	78
ENSMMUG00000017507	9
ENSMMUG00000005448	0
ENSMMUG00000063130	0
ENSMMUG00000009442	4
ENSMMUG00000064540	0
ENSMMUG00000055546	0
ENSMMUG00000054446	0
ENSMMUG00000033134	0
ENSMMUG00000061753	4
ENSMMUG00000063162	15
ENSMMUG00000015971	0
ENSMMUG00000009513	0
ENSMMUG00000003120	27
ENSMMUG00000000411	92
ENSMMUG00000052216	0
ENSMMUG00000060176	0
ENSMMUG00000056285	0
ENSMMUG00000052375	0
ENSMMUG00000053563	0
ENSMMUG00000000413	72
ENSMMUG00000058198	0
ENSMMUG00000036123	0
ENSMMUG00000036235	0
ENSMMUG00000020749	0
ENSMMUG00000032822	0
ENSMMUG00000054285	0
ENSMMUG00000040323	0
ENSMMUG00000011997	0
ENSMMUG00000019470	2
ENSMMUG00000051520	0
ENSMMUG00000049824	0
ENSMMUG00000050843	0
ENSMMUG00000012069	1
ENSMMUG00000049660	0
ENSMMUG00000063021	0
ENSMMUG00000027358	0
ENSMMUG00000050445	0
ENSMMUG00000013663	9
ENSMMUG00000057914	0
ENSMMUG00000009515	0
ENSMMUG00000058418	0
ENSMMUG00000018109	13
ENSMMUG00000008746	0
ENSMMUG00000038117	0
ENSMMUG00000002038	19
ENSMMUG00000006457	2
ENSMMUG00000058637	0
ENSMMUG00000058630	0
ENSMMUG00000013665	17
ENSMMUG00000059235	0
ENSMMUG00000053398	0
ENSMMUG00000012070	0
ENSMMUG00000015890	0
ENSMMUG00000004603	5
ENSMMUG00000050617	9
ENSMMUG00000003642	0
ENSMMUG00000009516	114
ENSMMUG00000008747	0
ENSMMUG00000003498	0
ENSMMUG00000009517	313
ENSMMUG00000003638	0
ENSMMUG00000063293	0
ENSMMUG00000008748	0
ENSMMUG00000019138	43
ENSMMUG00000026615	3
ENSMMUG00000032758	0
ENSMMUG00000016100	4
ENSMMUG00000019294	0
ENSMMUG00000009409	0
ENSMMUG00000062216	0
ENSMMUG00000006461	0
ENSMMUG00000007468	0
ENSMMUG00000028121	0
ENSMMUG00000002568	2
ENSMMUG00000008752	1
ENSMMUG00000036436	0
ENSMMUG00000061679	0
ENSMMUG00000052973	0
ENSMMUG00000000617	1
ENSMMUG00000004413	0
ENSMMUG00000053237	0
ENSMMUG00000008792	0
ENSMMUG00000029446	2
ENSMMUG00000042764	0
ENSMMUG00000016098	0
ENSMMUG00000021143	0
ENSMMUG00000002615	5
ENSMMUG00000034992	0
ENSMMUG00000006463	0
ENSMMUG00000014381	1
ENSMMUG00000006465	0
ENSMMUG00000002569	0
ENSMMUG00000002616	11
ENSMMUG00000022200	4
ENSMMUG00000015482	0
ENSMMUG00000036543	0
ENSMMUG00000014809	4
ENSMMUG00000018381	0
ENSMMUG00000015442	0
ENSMMUG00000011555	8
ENSMMUG00000057548	0
ENSMMUG00000016773	0
ENSMMUG00000008757	0
ENSMMUG00000049756	0
ENSMMUG00000050036	6
ENSMMUG00000035061	2
ENSMMUG00000062612	0
ENSMMUG00000052946	4
ENSMMUG00000053697	0
ENSMMUG00000011328	0
ENSMMUG00000008169	0
ENSMMUG00000063770	0
ENSMMUG00000033147	0
ENSMMUG00000058663	6
ENSMMUG00000050785	0
ENSMMUG00000055618	2
ENSMMUG00000045257	12
ENSMMUG00000001284	0
ENSMMUG00000059184	0
ENSMMUG00000057756	0
ENSMMUG00000059893	0
ENSMMUG00000050461	0
ENSMMUG00000051403	0
ENSMMUG00000056065	0
ENSMMUG00000021552	3
ENSMMUG00000057999	0
ENSMMUG00000008170	0
ENSMMUG00000004271	0
ENSMMUG00000064810	0
ENSMMUG00000018553	4
ENSMMUG00000050196	0
ENSMMUG00000005856	0
ENSMMUG00000055229	0
ENSMMUG00000063682	0
ENSMMUG00000008175	0
ENSMMUG00000053586	0
ENSMMUG00000005858	0
ENSMMUG00000015000	1
ENSMMUG00000062488	0
ENSMMUG00000055873	0
ENSMMUG00000060175	0
ENSMMUG00000044497	0
ENSMMUG00000063453	0
ENSMMUG00000061904	0
ENSMMUG00000061387	0
ENSMMUG00000028568	0
ENSMMUG00000060733	0
ENSMMUG00000055049	0
ENSMMUG00000062624	0
ENSMMUG00000050724	0
ENSMMUG00000011560	56
ENSMMUG00000011510	9
ENSMMUG00000060715	0
ENSMMUG00000052126	0
ENSMMUG00000049265	0
ENSMMUG00000059040	0
ENSMMUG00000005749	0
ENSMMUG00000062254	0
ENSMMUG00000056061	0
ENSMMUG00000028237	0
ENSMMUG00000021444	0
ENSMMUG00000024944	0
ENSMMUG00000018551	0
ENSMMUG00000013803	0
ENSMMUG00000038390	0
ENSMMUG00000028536	0
ENSMMUG00000048730	0
ENSMMUG00000022733	0
ENSMMUG00000062076	0
ENSMMUG00000011564	0
ENSMMUG00000004449	0
ENSMMUG00000021783	0
ENSMMUG00000001035	0
ENSMMUG00000036435	0
ENSMMUG00000049502	0
ENSMMUG00000058433	0
ENSMMUG00000054182	0
ENSMMUG00000057906	0
ENSMMUG00000034274	0
ENSMMUG00000059627	0
ENSMMUG00000062356	0
ENSMMUG00000060334	0
ENSMMUG00000063495	0
ENSMMUG00000056030	0
ENSMMUG00000058008	0
ENSMMUG00000056086	0
ENSMMUG00000015749	0
ENSMMUG00000049712	0
ENSMMUG00000046799	0
ENSMMUG00000048332	0
ENSMMUG00000001835	0
ENSMMUG00000055433	0
ENSMMUG00000022550	0
ENSMMUG00000051245	0
ENSMMUG00000054608	0
ENSMMUG00000020550	10
ENSMMUG00000055840	0
ENSMMUG00000021788	0
ENSMMUG00000010168	3
ENSMMUG00000015002	2
ENSMMUG00000001836	0
ENSMMUG00000018639	0
ENSMMUG00000056995	0
ENSMMUG00000001837	0
ENSMMUG00000062036	0
ENSMMUG00000023353	0
ENSMMUG00000060166	0
ENSMMUG00000058136	0
ENSMMUG00000049957	0
ENSMMUG00000056767	103
ENSMMUG00000022904	0
ENSMMUG00000035755	0
ENSMMUG00000056525	0
ENSMMUG00000052005	0
ENSMMUG00000052233	1
ENSMMUG00000063204	0
ENSMMUG00000056847	2
ENSMMUG00000062796	0
ENSMMUG00000047674	0
ENSMMUG00000063585	2
ENSMMUG00000034752	4
ENSMMUG00000059451	0
ENSMMUG00000015447	0
ENSMMUG00000063511	3
ENSMMUG00000052937	0
ENSMMUG00000039574	2
ENSMMUG00000054093	0
ENSMMUG00000004606	63
ENSMMUG00000064476	0
ENSMMUG00000062130	0
ENSMMUG00000046041	0
ENSMMUG00000062346	3
ENSMMUG00000013089	1
ENSMMUG00000037415	0
ENSMMUG00000052267	0
ENSMMUG00000056956	0
ENSMMUG00000063028	0
ENSMMUG00000056422	0
ENSMMUG00000003839	3
ENSMMUG00000050404	0
ENSMMUG00000050120	0
ENSMMUG00000050159	0
ENSMMUG00000012144	3
ENSMMUG00000019838	20
ENSMMUG00000055583	0
ENSMMUG00000057021	27
ENSMMUG00000064617	0
ENSMMUG00000019691	0
ENSMMUG00000003231	2
ENSMMUG00000011779	1
ENSMMUG00000001092	0
ENSMMUG00000003239	7
ENSMMUG00000002668	6
ENSMMUG00000063524	139
ENSMMUG00000007561	2
ENSMMUG00000019692	0
ENSMMUG00000029628	0
ENSMMUG00000063275	0
ENSMMUG00000059756	0
ENSMMUG00000016097	0
ENSMMUG00000026785	0
ENSMMUG00000021825	0
ENSMMUG00000051303	2
ENSMMUG00000056445	0
ENSMMUG00000060131	2
ENSMMUG00000018831	23
ENSMMUG00000008475	0
ENSMMUG00000048130	0
ENSMMUG00000018834	0
ENSMMUG00000026510	0
ENSMMUG00000008477	0
ENSMMUG00000037143	0
ENSMMUG00000015450	24
ENSMMUG00000050292	0
ENSMMUG00000035508	0
ENSMMUG00000051049	0
ENSMMUG00000013585	5
ENSMMUG00000051838	0
ENSMMUG00000053758	0
ENSMMUG00000050691	0
ENSMMUG00000001095	0
ENSMMUG00000064725	0
ENSMMUG00000006008	1
ENSMMUG00000021826	7
ENSMMUG00000059869	0
ENSMMUG00000063802	0
ENSMMUG00000054792	0
ENSMMUG00000009577	5
ENSMMUG00000054717	0
ENSMMUG00000033166	0
ENSMMUG00000052916	0
ENSMMUG00000052639	0
ENSMMUG00000006007	0
ENSMMUG00000001568	4
ENSMMUG00000063927	0
ENSMMUG00000056737	0
ENSMMUG00000049563	0
ENSMMUG00000064025	0
ENSMMUG00000051274	0
ENSMMUG00000011069	35
ENSMMUG00000024074	0
ENSMMUG00000016772	0
ENSMMUG00000006009	0
ENSMMUG00000012933	0
ENSMMUG00000004612	0
ENSMMUG00000043753	0
ENSMMUG00000053446	0
ENSMMUG00000051056	0
ENSMMUG00000052707	0
ENSMMUG00000049571	0
ENSMMUG00000053417	0
ENSMMUG00000053583	0
ENSMMUG00000049322	11
ENSMMUG00000051926	0
ENSMMUG00000008095	20
ENSMMUG00000011071	20
ENSMMUG00000025340	0
ENSMMUG00000029358	0
ENSMMUG00000026582	0
ENSMMUG00000055558	0
ENSMMUG00000016896	8
ENSMMUG00000041843	0
ENSMMUG00000019898	0
ENSMMUG00000035476	0
ENSMMUG00000061677	0
ENSMMUG00000022059	92
ENSMMUG00000062052	0
ENSMMUG00000062302	0
ENSMMUG00000060178	0
ENSMMUG00000003842	12
ENSMMUG00000050171	0
ENSMMUG00000035506	0
ENSMMUG00000059952	0
ENSMMUG00000052147	0
ENSMMUG00000059294	0
ENSMMUG00000054644	0
ENSMMUG00000050681	0
ENSMMUG00000060340	0
ENSMMUG00000054250	0
ENSMMUG00000063211	0
ENSMMUG00000045945	0
ENSMMUG00000022481	0
ENSMMUG00000057324	3
ENSMMUG00000011514	33
ENSMMUG00000050472	0
ENSMMUG00000053249	0
ENSMMUG00000001097	161
ENSMMUG00000036546	0
ENSMMUG00000032720	0
ENSMMUG00000015703	0
ENSMMUG00000010432	4
ENSMMUG00000058720	0
ENSMMUG00000024826	0
ENSMMUG00000021832	15
ENSMMUG00000024873	0
ENSMMUG00000012726	0
ENSMMUG00000045950	0
ENSMMUG00000056541	8
ENSMMUG00000015267	4
ENSMMUG00000014992	0
ENSMMUG00000020067	0
ENSMMUG00000065161	0
ENSMMUG00000001099	0
ENSMMUG00000042543	38
ENSMMUG00000011515	4
ENSMMUG00000012979	74
ENSMMUG00000056484	0
ENSMMUG00000034842	3
ENSMMUG00000053230	2
ENSMMUG00000036483	0
ENSMMUG00000059014	0
ENSMMUG00000059864	0
ENSMMUG00000012970	0
ENSMMUG00000052995	3
ENSMMUG00000015004	42
ENSMMUG00000054094	0
ENSMMUG00000056320	0
ENSMMUG00000004459	0
ENSMMUG00000043994	0
ENSMMUG00000022056	38
ENSMMUG00000012972	0
ENSMMUG00000004460	1
ENSMMUG00000016346	1
ENSMMUG00000013551	2
ENSMMUG00000062638	49
ENSMMUG00000060242	72
ENSMMUG00000057663	0
ENSMMUG00000003844	54
ENSMMUG00000024956	0
ENSMMUG00000051900	0
ENSMMUG00000027245	0
ENSMMUG00000065338	0
ENSMMUG00000042452	0
ENSMMUG00000061485	0
ENSMMUG00000062927	0
ENSMMUG00000016390	0
ENSMMUG00000011151	0
ENSMMUG00000054990	0
ENSMMUG00000054522	0
ENSMMUG00000008717	0
ENSMMUG00000015128	0
ENSMMUG00000060616	0
ENSMMUG00000062703	0
ENSMMUG00000022990	21
ENSMMUG00000025839	0
ENSMMUG00000025913	0
ENSMMUG00000058616	0
ENSMMUG00000063195	0
ENSMMUG00000036494	0
ENSMMUG00000012974	3
ENSMMUG00000062173	0
ENSMMUG00000028140	0
ENSMMUG00000061958	0
ENSMMUG00000011486	0
ENSMMUG00000018426	0
ENSMMUG00000008715	0
ENSMMUG00000049763	0
ENSMMUG00000039935	2
ENSMMUG00000043903	0
ENSMMUG00000014997	2
ENSMMUG00000002531	0
ENSMMUG00000005227	304
ENSMMUG00000014658	2
ENSMMUG00000010442	4
ENSMMUG00000003846	0
ENSMMUG00000063552	0
ENSMMUG00000050573	0
ENSMMUG00000058735	0
ENSMMUG00000052300	0
ENSMMUG00000011965	4
ENSMMUG00000045634	0
ENSMMUG00000050710	0
ENSMMUG00000002403	79
ENSMMUG00000027614	0
ENSMMUG00000039792	0
ENSMMUG00000040601	0
ENSMMUG00000020348	0
ENSMMUG00000058363	0
ENSMMUG00000012305	11
ENSMMUG00000011251	12
ENSMMUG00000042934	0
ENSMMUG00000053640	3
ENSMMUG00000063110	0
ENSMMUG00000011676	17
ENSMMUG00000026136	0
ENSMMUG00000022080	0
ENSMMUG00000037964	0
ENSMMUG00000045735	0
ENSMMUG00000053861	0
ENSMMUG00000016898	0
ENSMMUG00000062990	0
ENSMMUG00000061747	0
ENSMMUG00000054764	0
ENSMMUG00000044665	0
ENSMMUG00000063869	4
ENSMMUG00000058850	15
ENSMMUG00000056104	0
ENSMMUG00000011966	0
ENSMMUG00000053912	8
ENSMMUG00000060232	0
ENSMMUG00000052318	0
ENSMMUG00000054409	0
ENSMMUG00000058585	0
ENSMMUG00000047178	2
ENSMMUG00000060390	0
ENSMMUG00000065017	0
ENSMMUG00000001820	0
ENSMMUG00000014839	0
ENSMMUG00000061081	0
ENSMMUG00000053456	0
ENSMMUG00000055110	0
ENSMMUG00000047342	0
ENSMMUG00000057062	0
ENSMMUG00000011677	0
ENSMMUG00000062974	0
ENSMMUG00000057273	0
ENSMMUG00000058696	0
ENSMMUG00000040154	0
ENSMMUG00000060287	10
ENSMMUG00000038070	0
ENSMMUG00000054116	0
ENSMMUG00000012309	1
ENSMMUG00000056910	0
ENSMMUG00000046335	0
ENSMMUG00000050375	0
ENSMMUG00000003848	0
ENSMMUG00000061119	0
ENSMMUG00000049773	0
ENSMMUG00000042599	0
ENSMMUG00000052490	0
ENSMMUG00000018800	4
ENSMMUG00000065309	0
ENSMMUG00000049909	0
ENSMMUG00000001379	0
ENSMMUG00000005220	0
ENSMMUG00000063278	0
ENSMMUG00000054677	0
ENSMMUG00000049628	0
ENSMMUG00000052695	0
ENSMMUG00000012000	1
ENSMMUG00000052212	0
ENSMMUG00000000040	0
ENSMMUG00000062456	0
ENSMMUG00000053382	0
ENSMMUG00000019710	0
ENSMMUG00000055473	0
ENSMMUG00000060689	0
ENSMMUG00000040287	0
ENSMMUG00000005224	9
ENSMMUG00000064338	0
ENSMMUG00000064654	0
ENSMMUG00000050468	0
ENSMMUG00000013554	2
ENSMMUG00000057549	0
ENSMMUG00000053688	0
ENSMMUG00000050637	0
ENSMMUG00000036459	0
ENSMMUG00000052673	0
ENSMMUG00000029338	2
ENSMMUG00000000321	0
ENSMMUG00000063215	0
ENSMMUG00000056906	0
ENSMMUG00000063271	13
ENSMMUG00000053090	0
ENSMMUG00000008529	6
ENSMMUG00000004854	0
ENSMMUG00000052365	0
ENSMMUG00000059413	0
ENSMMUG00000057166	14
ENSMMUG00000056431	8
ENSMMUG00000021320	2
ENSMMUG00000048706	0
ENSMMUG00000049364	0
ENSMMUG00000062945	0
ENSMMUG00000038506	0
ENSMMUG00000016055	0
ENSMMUG00000018813	0
ENSMMUG00000061079	3
ENSMMUG00000013555	0
ENSMMUG00000054885	0
ENSMMUG00000060561	4
ENSMMUG00000056506	1
ENSMMUG00000057791	1
ENSMMUG00000053427	0
ENSMMUG00000026773	7
ENSMMUG00000015449	0
ENSMMUG00000054661	0
ENSMMUG00000013556	2
ENSMMUG00000050678	0
ENSMMUG00000061094	0
ENSMMUG00000015443	1
ENSMMUG00000012576	0
ENSMMUG00000005226	0
ENSMMUG00000018192	3
ENSMMUG00000036148	0
ENSMMUG00000002540	17
ENSMMUG00000039560	0
ENSMMUG00000053686	0
ENSMMUG00000014511	2
ENSMMUG00000059672	0
ENSMMUG00000049749	33
ENSMMUG00000042135	0
ENSMMUG00000057681	0
ENSMMUG00000055371	0
ENSMMUG00000062683	0
ENSMMUG00000046604	0
ENSMMUG00000057248	0
ENSMMUG00000051596	0
ENSMMUG00000055186	0
ENSMMUG00000023626	0
ENSMMUG00000050503	0
ENSMMUG00000047011	0
ENSMMUG00000050176	0
ENSMMUG00000058073	10
ENSMMUG00000029256	5
ENSMMUG00000005586	0
ENSMMUG00000019713	0
ENSMMUG00000005402	2
ENSMMUG00000013079	30
ENSMMUG00000010464	4
ENSMMUG00000050061	0
ENSMMUG00000012978	225
ENSMMUG00000058801	0
ENSMMUG00000061279	3
ENSMMUG00000057479	1
ENSMMUG00000064859	0
ENSMMUG00000062724	0
ENSMMUG00000022122	0
ENSMMUG00000005403	23
ENSMMUG00000062767	0
ENSMMUG00000037088	0
ENSMMUG00000007369	0
ENSMMUG00000056675	2
ENSMMUG00000002828	0
ENSMMUG00000008964	2
ENSMMUG00000023627	0
ENSMMUG00000019653	0
ENSMMUG00000018122	8
ENSMMUG00000009279	189
ENSMMUG00000055613	0
ENSMMUG00000060978	0
ENSMMUG00000015073	0
ENSMMUG00000058852	0
ENSMMUG00000058077	0
ENSMMUG00000033552	0
ENSMMUG00000058450	0
ENSMMUG00000050250	0
ENSMMUG00000033798	0
ENSMMUG00000050911	0
ENSMMUG00000054114	41
ENSMMUG00000028197	0
ENSMMUG00000054889	16
ENSMMUG00000052106	0
ENSMMUG00000001640	0
ENSMMUG00000053950	11
ENSMMUG00000058809	0
ENSMMUG00000014743	1
ENSMMUG00000022124	17
ENSMMUG00000024627	75
ENSMMUG00000056179	7
ENSMMUG00000001642	22
ENSMMUG00000054929	0
ENSMMUG00000020687	11
ENSMMUG00000053134	0
ENSMMUG00000014744	0
ENSMMUG00000013842	0
ENSMMUG00000018124	0
ENSMMUG00000014745	0
ENSMMUG00000055408	0
ENSMMUG00000014747	7
ENSMMUG00000034204	1
ENSMMUG00000009934	0
ENSMMUG00000010016	0
ENSMMUG00000013611	6
ENSMMUG00000015038	0
ENSMMUG00000054267	9
ENSMMUG00000045944	0
ENSMMUG00000059004	0
ENSMMUG00000062699	0
ENSMMUG00000014748	0
ENSMMUG00000052374	0
ENSMMUG00000013612	0
ENSMMUG00000064537	0
ENSMMUG00000055979	5
ENSMMUG00000060802	1
ENSMMUG00000021160	2
ENSMMUG00000059365	0
ENSMMUG00000061352	0
ENSMMUG00000054184	0
ENSMMUG00000035748	0
ENSMMUG00000032823	0
ENSMMUG00000020693	0
ENSMMUG00000056471	0
ENSMMUG00000003530	16
ENSMMUG00000008006	12
ENSMMUG00000014515	6
ENSMMUG00000014945	0
ENSMMUG00000058061	0
ENSMMUG00000014750	0
ENSMMUG00000049653	0
ENSMMUG00000060704	0
ENSMMUG00000020694	6
ENSMMUG00000052240	0
ENSMMUG00000027217	0
ENSMMUG00000063996	0
ENSMMUG00000063551	0
ENSMMUG00000050297	0
ENSMMUG00000055040	0
ENSMMUG00000056144	0
ENSMMUG00000014751	0
ENSMMUG00000057108	0
ENSMMUG00000019875	0
ENSMMUG00000016498	0
ENSMMUG00000051446	0
ENSMMUG00000060988	0
ENSMMUG00000007264	0
ENSMMUG00000050096	0
ENSMMUG00000008007	409
ENSMMUG00000058080	0
ENSMMUG00000009281	3
ENSMMUG00000056713	0
ENSMMUG00000034089	0
ENSMMUG00000007135	7
ENSMMUG00000050050	0
ENSMMUG00000052439	0
ENSMMUG00000065319	0
ENSMMUG00000044016	0
ENSMMUG00000063789	0
ENSMMUG00000060351	0
ENSMMUG00000061233	0
ENSMMUG00000016503	18
ENSMMUG00000061497	0
ENSMMUG00000055719	5
ENSMMUG00000061220	0
ENSMMUG00000002260	0
ENSMMUG00000065073	0
ENSMMUG00000056591	0
ENSMMUG00000014762	25
ENSMMUG00000062317	0
ENSMMUG00000058999	0
ENSMMUG00000063648	0
ENSMMUG00000054045	0
ENSMMUG00000010798	25
ENSMMUG00000061982	0
ENSMMUG00000050244	0
ENSMMUG00000052828	0
ENSMMUG00000016504	4
ENSMMUG00000053757	0
ENSMMUG00000045646	0
ENSMMUG00000060544	0
ENSMMUG00000062479	0
ENSMMUG00000014950	3
ENSMMUG00000052927	0
ENSMMUG00000053267	0
ENSMMUG00000059761	0
ENSMMUG00000034825	0
ENSMMUG00000061879	0
ENSMMUG00000001532	0
ENSMMUG00000060063	0
ENSMMUG00000003693	5
ENSMMUG00000055475	0
ENSMMUG00000045756	0
ENSMMUG00000060774	0
ENSMMUG00000021002	6
ENSMMUG00000011745	2
ENSMMUG00000065063	0
ENSMMUG00000039596	0
ENSMMUG00000010797	199
ENSMMUG00000007140	3
ENSMMUG00000061330	4
ENSMMUG00000061793	0
ENSMMUG00000027152	0
ENSMMUG00000054024	0
ENSMMUG00000029638	0
ENSMMUG00000011503	0
ENSMMUG00000017261	0
ENSMMUG00000025980	0
ENSMMUG00000050798	36
ENSMMUG00000026267	22
ENSMMUG00000000863	0
ENSMMUG00000050063	3
ENSMMUG00000057084	0
ENSMMUG00000060927	0
ENSMMUG00000063955	10
ENSMMUG00000010493	9
ENSMMUG00000001534	45
ENSMMUG00000022577	0
ENSMMUG00000056019	2
ENSMMUG00000052445	0
ENSMMUG00000060661	0
ENSMMUG00000008447	5
ENSMMUG00000052322	0
ENSMMUG00000003783	9
ENSMMUG00000003653	0
ENSMMUG00000008495	0
ENSMMUG00000003483	7
ENSMMUG00000001810	3
ENSMMUG00000054910	0
ENSMMUG00000059849	0
ENSMMUG00000063886	4
ENSMMUG00000017260	0
ENSMMUG00000060143	0
ENSMMUG00000056012	9
ENSMMUG00000058895	0
ENSMMUG00000001547	1
ENSMMUG00000055731	1084
ENSMMUG00000055120	0
ENSMMUG00000050003	0
ENSMMUG00000064142	0
ENSMMUG00000025888	0
ENSMMUG00000054546	9
ENSMMUG00000012838	0
ENSMMUG00000055985	0
ENSMMUG00000025585	0
ENSMMUG00000003484	42
ENSMMUG00000054316	0
ENSMMUG00000053979	0
ENSMMUG00000003695	0
ENSMMUG00000061263	4
ENSMMUG00000056559	0
ENSMMUG00000008112	0
ENSMMUG00000018319	2
ENSMMUG00000064550	0
ENSMMUG00000017303	0
ENSMMUG00000024224	0
ENSMMUG00000056246	0
ENSMMUG00000060573	0
ENSMMUG00000064341	0
ENSMMUG00000036757	0
ENSMMUG00000057869	2
ENSMMUG00000025065	3
ENSMMUG00000058457	0
ENSMMUG00000016840	40
ENSMMUG00000014043	0
ENSMMUG00000042895	0
ENSMMUG00000049198	6
ENSMMUG00000020751	32
ENSMMUG00000053369	303
ENSMMUG00000059479	2
ENSMMUG00000001386	0
ENSMMUG00000009430	4
ENSMMUG00000022428	0
ENSMMUG00000014752	0
ENSMMUG00000063141	0
ENSMMUG00000040255	0
ENSMMUG00000060148	23
ENSMMUG00000000699	0
ENSMMUG00000001544	4
ENSMMUG00000023518	0
ENSMMUG00000026974	0
ENSMMUG00000026901	0
ENSMMUG00000016844	5
ENSMMUG00000057818	0
ENSMMUG00000009428	9
ENSMMUG00000054454	0
ENSMMUG00000016889	0
ENSMMUG00000033517	0
ENSMMUG00000029420	1
ENSMMUG00000055215	0
ENSMMUG00000001548	0
ENSMMUG00000014766	0
ENSMMUG00000051308	0
ENSMMUG00000062281	0
ENSMMUG00000008203	1
ENSMMUG00000039908	0
ENSMMUG00000005845	0
ENSMMUG00000053685	0
ENSMMUG00000059346	0
ENSMMUG00000008205	0
ENSMMUG00000008093	0
ENSMMUG00000051181	0
ENSMMUG00000063349	7
ENSMMUG00000024353	0
ENSMMUG00000054884	0
ENSMMUG00000026093	0
ENSMMUG00000025365	0
ENSMMUG00000026037	0
ENSMMUG00000026792	0
ENSMMUG00000015394	0
ENSMMUG00000023846	0
ENSMMUG00000045970	126
ENSMMUG00000019552	0
ENSMMUG00000009426	292
ENSMMUG00000013960	4
ENSMMUG00000029588	0
ENSMMUG00000062931	0
ENSMMUG00000010586	0
ENSMMUG00000011752	1
ENSMMUG00000003584	0
ENSMMUG00000023139	5
ENSMMUG00000063891	8
ENSMMUG00000014983	0
ENSMMUG00000047635	9
ENSMMUG00000056845	0
ENSMMUG00000014771	20
ENSMMUG00000062649	0
ENSMMUG00000029233	22
ENSMMUG00000056481	0
ENSMMUG00000011945	0
ENSMMUG00000037380	6
ENSMMUG00000026490	4
ENSMMUG00000042209	0
ENSMMUG00000052097	0
ENSMMUG00000029507	0
ENSMMUG00000023556	0
ENSMMUG00000036105	0
ENSMMUG00000056650	0
ENSMMUG00000054689	1
ENSMMUG00000063214	0
ENSMMUG00000004144	144
ENSMMUG00000059057	0
ENSMMUG00000014667	7
ENSMMUG00000052408	0
ENSMMUG00000027909	35
ENSMMUG00000064444	0
ENSMMUG00000056092	0
ENSMMUG00000051804	0
ENSMMUG00000028594	0
ENSMMUG00000053548	0
ENSMMUG00000064308	177
ENSMMUG00000017447	36
ENSMMUG00000052033	0
ENSMMUG00000063944	0
ENSMMUG00000013658	0
ENSMMUG00000063834	303
ENSMMUG00000013966	91
ENSMMUG00000057531	36
ENSMMUG00000017878	0
ENSMMUG00000057518	0
ENSMMUG00000050429	0
ENSMMUG00000041222	0
ENSMMUG00000001587	1
ENSMMUG00000063705	7
ENSMMUG00000014670	5
ENSMMUG00000017801	0
ENSMMUG00000005758	0
ENSMMUG00000024054	0
ENSMMUG00000051041	0
ENSMMUG00000063378	0
ENSMMUG00000064387	0
ENSMMUG00000057848	1
ENSMMUG00000063054	0
ENSMMUG00000019484	0
ENSMMUG00000019018	0
ENSMMUG00000063308	0
ENSMMUG00000014831	328
ENSMMUG00000057696	0
ENSMMUG00000015123	9
ENSMMUG00000064183	0
ENSMMUG00000014833	58
ENSMMUG00000057504	20
ENSMMUG00000015838	3
ENSMMUG00000011751	4
ENSMMUG00000015839	0
ENSMMUG00000015455	12
ENSMMUG00000025357	0
ENSMMUG00000015841	8
ENSMMUG00000054110	0
ENSMMUG00000038389	0
ENSMMUG00000039505	0
ENSMMUG00000019485	0
ENSMMUG00000051607	0
ENSMMUG00000041108	2
ENSMMUG00000063799	0
ENSMMUG00000059775	0
ENSMMUG00000019340	17
ENSMMUG00000022516	0
ENSMMUG00000001008	2
ENSMMUG00000041446	16
ENSMMUG00000037617	0
ENSMMUG00000064415	0
ENSMMUG00000036590	0
ENSMMUG00000041221	0
ENSMMUG00000059424	0
ENSMMUG00000033571	0
ENSMMUG00000051156	0
ENSMMUG00000027015	0
ENSMMUG00000051503	0
ENSMMUG00000041622	0
ENSMMUG00000059062	6
ENSMMUG00000027767	0
ENSMMUG00000051534	549
ENSMMUG00000059797	0
ENSMMUG00000054594	0
ENSMMUG00000023816	9
ENSMMUG00000007669	3
ENSMMUG00000011051	0
ENSMMUG00000060745	0
ENSMMUG00000041415	4
ENSMMUG00000003544	0
ENSMMUG00000057056	0
ENSMMUG00000059196	0
ENSMMUG00000021849	0
ENSMMUG00000061928	0
ENSMMUG00000058678	0
ENSMMUG00000065299	0
ENSMMUG00000054923	21
ENSMMUG00000016350	0
ENSMMUG00000005161	0
ENSMMUG00000055006	0
ENSMMUG00000051116	0
ENSMMUG00000004376	33
ENSMMUG00000019339	2
ENSMMUG00000023507	0
ENSMMUG00000050597	0
ENSMMUG00000008380	30
ENSMMUG00000053180	0
ENSMMUG00000064448	0
ENSMMUG00000000554	5
ENSMMUG00000013460	8
ENSMMUG00000010036	1
ENSMMUG00000007465	39
ENSMMUG00000046479	0
ENSMMUG00000015458	0
ENSMMUG00000008718	3
ENSMMUG00000029504	2
ENSMMUG00000008530	0
ENSMMUG00000065174	10
ENSMMUG00000054144	39
ENSMMUG00000064666	0
ENSMMUG00000059755	0
ENSMMUG00000062579	0
ENSMMUG00000000556	0
ENSMMUG00000055567	0
ENSMMUG00000051111	0
ENSMMUG00000058972	0
ENSMMUG00000019483	0
ENSMMUG00000001362	1
ENSMMUG00000057144	0
ENSMMUG00000021338	1
ENSMMUG00000060504	0
ENSMMUG00000053195	0
ENSMMUG00000056844	2
ENSMMUG00000061759	0
ENSMMUG00000043001	0
ENSMMUG00000021656	0
ENSMMUG00000060528	0
ENSMMUG00000060326	3
ENSMMUG00000001901	1
ENSMMUG00000057484	9
ENSMMUG00000056374	0
ENSMMUG00000051315	0
ENSMMUG00000062337	0
ENSMMUG00000054315	0
ENSMMUG00000050794	0
ENSMMUG00000006498	0
ENSMMUG00000050108	0
ENSMMUG00000055117	0
ENSMMUG00000055823	0
ENSMMUG00000043754	0
ENSMMUG00000063268	0
ENSMMUG00000007350	4
ENSMMUG00000058132	0
ENSMMUG00000053444	0
ENSMMUG00000062604	0
ENSMMUG00000051007	0
ENSMMUG00000060549	0
ENSMMUG00000011882	16
ENSMMUG00000007357	0
ENSMMUG00000014414	14
ENSMMUG00000055954	1
ENSMMUG00000036585	0
ENSMMUG00000055445	11
ENSMMUG00000055434	0
ENSMMUG00000055095	0
ENSMMUG00000049944	0
ENSMMUG00000054589	0
ENSMMUG00000000628	2
ENSMMUG00000062717	0
ENSMMUG00000018274	0
ENSMMUG00000062137	0
ENSMMUG00000061013	0
ENSMMUG00000014482	2
ENSMMUG00000060061	0
ENSMMUG00000061323	0
ENSMMUG00000059125	0
ENSMMUG00000064820	0
ENSMMUG00000012553	0
ENSMMUG00000012114	4
ENSMMUG00000054917	0
ENSMMUG00000036488	0
ENSMMUG00000007360	0
ENSMMUG00000014418	896
ENSMMUG00000059183	0
ENSMMUG00000056581	0
ENSMMUG00000064583	0
ENSMMUG00000014420	0
ENSMMUG00000010392	10
ENSMMUG00000063925	0
ENSMMUG00000018200	0
ENSMMUG00000007361	23
ENSMMUG00000011155	86
ENSMMUG00000064380	0
ENSMMUG00000021590	30
ENSMMUG00000051350	0
ENSMMUG00000008395	0
ENSMMUG00000012116	8
ENSMMUG00000060980	0
ENSMMUG00000018201	31
ENSMMUG00000011160	22
ENSMMUG00000061219	0
ENSMMUG00000000024	1
ENSMMUG00000014391	29
ENSMMUG00000000023	8
ENSMMUG00000058980	0
ENSMMUG00000065036	0
ENSMMUG00000012276	0
ENSMMUG00000062896	0
ENSMMUG00000006997	0
ENSMMUG00000052568	0
ENSMMUG00000004091	1
ENSMMUG00000063209	0
ENSMMUG00000051214	0
ENSMMUG00000024733	0
ENSMMUG00000033113	0
ENSMMUG00000056156	20
ENSMMUG00000032788	0
ENSMMUG00000065122	0
ENSMMUG00000056869	0
ENSMMUG00000032805	0
ENSMMUG00000064585	0
ENSMMUG00000062671	0
ENSMMUG00000008886	2
ENSMMUG00000050848	0
ENSMMUG00000062516	0
ENSMMUG00000051356	0
ENSMMUG00000032765	0
ENSMMUG00000058272	0
ENSMMUG00000051542	0
ENSMMUG00000062984	0
ENSMMUG00000058526	0
ENSMMUG00000022678	0
ENSMMUG00000056819	0
ENSMMUG00000057047	0
ENSMMUG00000013725	47
ENSMMUG00000065200	0
ENSMMUG00000060717	0
ENSMMUG00000012283	0
ENSMMUG00000058756	0
ENSMMUG00000057046	0
ENSMMUG00000053833	0
ENSMMUG00000056923	2
ENSMMUG00000050264	0
ENSMMUG00000055429	0
ENSMMUG00000051747	0
ENSMMUG00000048661	0
ENSMMUG00000014485	0
ENSMMUG00000029186	0
ENSMMUG00000051602	0
ENSMMUG00000043275	1
ENSMMUG00000012117	9
ENSMMUG00000051292	0
ENSMMUG00000059868	0
ENSMMUG00000054022	1
ENSMMUG00000006998	10
ENSMMUG00000055943	16
ENSMMUG00000060807	0
ENSMMUG00000052784	0
ENSMMUG00000054215	0
ENSMMUG00000050495	1
ENSMMUG00000055962	0
ENSMMUG00000011699	26
ENSMMUG00000003658	3
ENSMMUG00000021634	1
ENSMMUG00000027476	0
ENSMMUG00000019526	4
ENSMMUG00000029350	7
ENSMMUG00000059252	0
ENSMMUG00000059565	0
ENSMMUG00000053911	0
ENSMMUG00000055926	0
ENSMMUG00000051640	0
ENSMMUG00000063352	0
ENSMMUG00000006507	0
ENSMMUG00000001254	10
ENSMMUG00000061910	0
ENSMMUG00000061195	0
ENSMMUG00000055607	0
ENSMMUG00000063567	0
ENSMMUG00000005630	6
ENSMMUG00000024201	0
ENSMMUG00000022253	65
ENSMMUG00000056402	1
ENSMMUG00000011703	16
ENSMMUG00000026331	8
ENSMMUG00000064195	0
ENSMMUG00000049914	0
ENSMMUG00000058444	0
ENSMMUG00000048464	0
ENSMMUG00000026811	0
ENSMMUG00000004657	13
ENSMMUG00000049707	0
ENSMMUG00000061422	0
ENSMMUG00000064536	0
ENSMMUG00000052597	0
ENSMMUG00000055777	0
ENSMMUG00000054882	0
ENSMMUG00000061082	0
ENSMMUG00000061377	0
ENSMMUG00000003641	1
ENSMMUG00000055031	4
ENSMMUG00000012462	27
ENSMMUG00000056036	15
ENSMMUG00000049579	0
ENSMMUG00000061294	0
ENSMMUG00000055838	0
ENSMMUG00000008311	12
ENSMMUG00000004659	15
ENSMMUG00000052813	0
ENSMMUG00000022255	22
ENSMMUG00000060471	0
ENSMMUG00000027740	0
ENSMMUG00000004026	6
ENSMMUG00000056204	0
ENSMMUG00000049010	0
ENSMMUG00000058744	0
ENSMMUG00000022256	0
ENSMMUG00000051281	0
ENSMMUG00000050391	0
ENSMMUG00000006232	0
ENSMMUG00000050946	0
ENSMMUG00000003395	0
ENSMMUG00000049271	0
ENSMMUG00000052028	0
ENSMMUG00000060667	0
ENSMMUG00000065151	9
ENSMMUG00000055623	0
ENSMMUG00000060640	0
ENSMMUG00000034149	0
ENSMMUG00000065279	0
ENSMMUG00000017746	0
ENSMMUG00000003397	0
ENSMMUG00000054905	0
ENSMMUG00000003261	2
ENSMMUG00000022251	0
ENSMMUG00000005103	8
ENSMMUG00000049938	0
ENSMMUG00000006356	0
ENSMMUG00000065030	0
ENSMMUG00000051701	0
ENSMMUG00000055951	0
ENSMMUG00000056521	0
ENSMMUG00000055498	0
ENSMMUG00000049910	0
ENSMMUG00000011571	97
ENSMMUG00000055730	0
ENSMMUG00000017067	47
ENSMMUG00000064272	19
ENSMMUG00000012471	184
ENSMMUG00000022717	1
ENSMMUG00000058778	0
ENSMMUG00000062217	6
ENSMMUG00000065164	0
ENSMMUG00000064021	1
ENSMMUG00000051538	0
ENSMMUG00000059212	0
ENSMMUG00000063939	0
ENSMMUG00000005106	0
ENSMMUG00000006230	0
ENSMMUG00000051448	12
ENSMMUG00000050738	0
ENSMMUG00000049145	0
ENSMMUG00000053566	0
ENSMMUG00000010689	0
ENSMMUG00000054117	0
ENSMMUG00000017070	35
ENSMMUG00000062776	0
ENSMMUG00000051935	0
ENSMMUG00000017076	90
ENSMMUG00000052746	0
ENSMMUG00000018610	0
ENSMMUG00000054456	0
ENSMMUG00000059230	0
ENSMMUG00000061640	0
ENSMMUG00000048742	3
ENSMMUG00000050103	0
ENSMMUG00000007673	0
ENSMMUG00000017078	28
ENSMMUG00000060718	0
ENSMMUG00000035471	1
ENSMMUG00000017005	0
ENSMMUG00000062234	0
ENSMMUG00000056111	0
ENSMMUG00000006803	22
ENSMMUG00000059594	0
ENSMMUG00000053286	0
ENSMMUG00000063948	0
ENSMMUG00000053082	0
ENSMMUG00000065104	0
ENSMMUG00000049269	0
ENSMMUG00000005108	1
ENSMMUG00000050248	0
ENSMMUG00000061091	0
ENSMMUG00000060371	0
ENSMMUG00000063036	0
ENSMMUG00000007534	136
ENSMMUG00000003443	3
ENSMMUG00000049421	0
ENSMMUG00000063000	0
ENSMMUG00000004748	1
ENSMMUG00000021364	0
ENSMMUG00000010704	0
ENSMMUG00000049409	0
ENSMMUG00000044055	3
ENSMMUG00000004784	0
ENSMMUG00000014886	0
ENSMMUG00000057783	0
ENSMMUG00000033527	0
ENSMMUG00000054320	0
ENSMMUG00000029785	0
ENSMMUG00000053447	0
ENSMMUG00000058545	0
ENSMMUG00000056063	5
ENSMMUG00000064175	0
ENSMMUG00000014197	0
ENSMMUG00000050809	0
ENSMMUG00000053575	0
ENSMMUG00000007255	6
ENSMMUG00000056182	0
ENSMMUG00000063704	0
ENSMMUG00000016103	3
ENSMMUG00000018332	6
ENSMMUG00000014887	0
ENSMMUG00000019170	16
ENSMMUG00000016106	0
ENSMMUG00000058301	0
ENSMMUG00000016104	0
ENSMMUG00000050476	0
ENSMMUG00000018333	86
ENSMMUG00000060383	0
ENSMMUG00000062505	0
ENSMMUG00000007860	0
ENSMMUG00000033028	0
ENSMMUG00000064516	0
ENSMMUG00000061431	0
ENSMMUG00000064425	0
ENSMMUG00000052710	0
ENSMMUG00000047325	0
ENSMMUG00000063851	0
ENSMMUG00000051277	0
ENSMMUG00000053989	2
ENSMMUG00000060135	0
ENSMMUG00000029181	249
ENSMMUG00000046580	0
ENSMMUG00000058835	0
ENSMMUG00000040503	0
ENSMMUG00000040970	0
ENSMMUG00000050223	0
ENSMMUG00000065265	0
ENSMMUG00000061880	0
ENSMMUG00000058197	0
ENSMMUG00000047909	0
ENSMMUG00000058762	76
ENSMMUG00000000429	0
ENSMMUG00000061257	0
ENSMMUG00000047556	0
ENSMMUG00000051760	0
ENSMMUG00000041220	0
ENSMMUG00000043972	0
ENSMMUG00000055249	0
ENSMMUG00000018121	58
ENSMMUG00000051378	0
ENSMMUG00000055390	0
ENSMMUG00000057671	0
ENSMMUG00000012323	17
ENSMMUG00000059123	0
ENSMMUG00000054232	0
ENSMMUG00000011876	0
ENSMMUG00000056188	0
ENSMMUG00000063179	0
ENSMMUG00000058347	0
ENSMMUG00000055491	0
ENSMMUG00000064705	0
ENSMMUG00000065067	0
ENSMMUG00000006035	37
ENSMMUG00000018123	70
ENSMMUG00000012325	0
ENSMMUG00000009160	0
ENSMMUG00000006038	0
ENSMMUG00000019172	81
ENSMMUG00000052273	2
ENSMMUG00000006039	0
ENSMMUG00000023873	0
ENSMMUG00000049994	0
ENSMMUG00000056011	0
ENSMMUG00000004594	0
ENSMMUG00000038966	391
ENSMMUG00000004239	0
ENSMMUG00000010315	7
ENSMMUG00000014888	7
ENSMMUG00000056560	0
ENSMMUG00000026447	0
ENSMMUG00000052263	0
ENSMMUG00000058002	0
ENSMMUG00000037981	0
ENSMMUG00000060338	0
ENSMMUG00000032860	0
ENSMMUG00000062900	0
ENSMMUG00000004915	0
ENSMMUG00000065234	0
ENSMMUG00000060355	0
ENSMMUG00000003890	86
ENSMMUG00000007870	18
ENSMMUG00000014023	4
ENSMMUG00000006243	0
ENSMMUG00000053658	0
ENSMMUG00000052465	1
ENSMMUG00000004340	38
ENSMMUG00000052781	0
ENSMMUG00000004084	0
ENSMMUG00000021840	3
ENSMMUG00000037172	0
ENSMMUG00000001698	0
ENSMMUG00000055793	0
ENSMMUG00000000302	0
ENSMMUG00000047084	0
ENSMMUG00000014295	0
ENSMMUG00000033316	0
ENSMMUG00000042189	0
ENSMMUG00000052594	2
ENSMMUG00000050959	1
ENSMMUG00000043910	0
ENSMMUG00000062259	0
ENSMMUG00000011326	173
ENSMMUG00000029700	0
ENSMMUG00000001199	0
ENSMMUG00000062469	0
ENSMMUG00000020882	25
ENSMMUG00000062532	5
ENSMMUG00000001682	2
ENSMMUG00000003892	9
ENSMMUG00000016351	0
ENSMMUG00000034159	0
ENSMMUG00000065092	0
ENSMMUG00000058560	0
ENSMMUG00000057376	0
ENSMMUG00000055869	1
ENSMMUG00000056237	0
ENSMMUG00000026212	1
ENSMMUG00000042330	0
ENSMMUG00000065318	0
ENSMMUG00000049923	0
ENSMMUG00000062603	0
ENSMMUG00000057408	0
ENSMMUG00000059131	0
ENSMMUG00000056134	0
ENSMMUG00000005270	23
ENSMMUG00000001683	23
ENSMMUG00000056239	0
ENSMMUG00000008399	0
ENSMMUG00000050124	0
ENSMMUG00000007570	0
ENSMMUG00000022768	11
ENSMMUG00000027466	0
ENSMMUG00000049818	0
ENSMMUG00000063538	0
ENSMMUG00000003013	0
ENSMMUG00000060145	0
ENSMMUG00000054388	0
ENSMMUG00000011045	1
ENSMMUG00000003625	15
ENSMMUG00000050025	16
ENSMMUG00000022770	0
ENSMMUG00000001201	25
ENSMMUG00000058216	4
ENSMMUG00000027130	0
ENSMMUG00000051239	0
ENSMMUG00000009477	0
ENSMMUG00000021987	67
ENSMMUG00000033862	5990
ENSMMUG00000046816	0
ENSMMUG00000022773	14
ENSMMUG00000004339	26
ENSMMUG00000061052	0
ENSMMUG00000009829	0
ENSMMUG00000045760	1
ENSMMUG00000050218	0
ENSMMUG00000005140	0
ENSMMUG00000054739	0
ENSMMUG00000064493	11
ENSMMUG00000060860	0
ENSMMUG00000059254	0
ENSMMUG00000057726	0
ENSMMUG00000048372	0
ENSMMUG00000000098	0
ENSMMUG00000004370	10
ENSMMUG00000063184	0
ENSMMUG00000022774	0
ENSMMUG00000056507	17
ENSMMUG00000004341	6
ENSMMUG00000017677	1
ENSMMUG00000041456	0
ENSMMUG00000000100	0
ENSMMUG00000059556	0
ENSMMUG00000059914	0
ENSMMUG00000017678	1
ENSMMUG00000002332	3
ENSMMUG00000053282	0
ENSMMUG00000025056	0
ENSMMUG00000005278	0
ENSMMUG00000063232	1
ENSMMUG00000059463	0
ENSMMUG00000022777	18
ENSMMUG00000011047	1
ENSMMUG00000061309	0
ENSMMUG00000014227	10
ENSMMUG00000010860	0
ENSMMUG00000057186	0
ENSMMUG00000000010	0
ENSMMUG00000064287	0
ENSMMUG00000053774	0
ENSMMUG00000045684	2
ENSMMUG00000013848	2
ENSMMUG00000000013	0
ENSMMUG00000010173	0
ENSMMUG00000055921	0
ENSMMUG00000010862	2
ENSMMUG00000058411	0
ENSMMUG00000004429	0
ENSMMUG00000015086	0
ENSMMUG00000035750	0
ENSMMUG00000037015	9
ENSMMUG00000053439	0
ENSMMUG00000016512	13
ENSMMUG00000011706	0
ENSMMUG00000020195	851
ENSMMUG00000012335	404
ENSMMUG00000015085	0
ENSMMUG00000057423	0
ENSMMUG00000051794	1
ENSMMUG00000016513	3
ENSMMUG00000064453	0
ENSMMUG00000022839	9
ENSMMUG00000039176	0
ENSMMUG00000006118	0
ENSMMUG00000020196	4
ENSMMUG00000020935	13
ENSMMUG00000013907	0
ENSMMUG00000033490	0
ENSMMUG00000027426	0
ENSMMUG00000051346	0
ENSMMUG00000064786	0
ENSMMUG00000040912	1
ENSMMUG00000015434	25
ENSMMUG00000052683	0
ENSMMUG00000049826	0
ENSMMUG00000019276	1
ENSMMUG00000024566	0
ENSMMUG00000001319	1
ENSMMUG00000059475	26
ENSMMUG00000006768	7
ENSMMUG00000056580	0
ENSMMUG00000009520	6
ENSMMUG00000000313	91
ENSMMUG00000019278	0
ENSMMUG00000009833	0
ENSMMUG00000000315	0
ENSMMUG00000053481	0
ENSMMUG00000049894	1
ENSMMUG00000027106	0
ENSMMUG00000062581	351
ENSMMUG00000006855	3
ENSMMUG00000053673	0
ENSMMUG00000055654	0
ENSMMUG00000051552	0
ENSMMUG00000009837	0
ENSMMUG00000061892	10
ENSMMUG00000049437	0
ENSMMUG00000029197	7
ENSMMUG00000016515	87
ENSMMUG00000051100	2
ENSMMUG00000059989	0
ENSMMUG00000053506	0
ENSMMUG00000004910	2
ENSMMUG00000009738	12
ENSMMUG00000040697	0
ENSMMUG00000053029	43
ENSMMUG00000063938	0
ENSMMUG00000053931	55
ENSMMUG00000013865	516
ENSMMUG00000034824	0
ENSMMUG00000035383	0
ENSMMUG00000053288	0
ENSMMUG00000004911	0
ENSMMUG00000025849	0
ENSMMUG00000043893	0
ENSMMUG00000064355	0
ENSMMUG00000037454	0
ENSMMUG00000004913	7
ENSMMUG00000009838	0
ENSMMUG00000058343	0
ENSMMUG00000059881	2
ENSMMUG00000015110	0
ENSMMUG00000013871	0
ENSMMUG00000013874	1
ENSMMUG00000042066	1
ENSMMUG00000004747	0
ENSMMUG00000052715	0
ENSMMUG00000009839	0
ENSMMUG00000062305	0
ENSMMUG00000053620	0
ENSMMUG00000057897	0
ENSMMUG00000036848	0
ENSMMUG00000020038	0
ENSMMUG00000016009	5
ENSMMUG00000056801	0
ENSMMUG00000058168	0
ENSMMUG00000042023	0
ENSMMUG00000049831	17
ENSMMUG00000042090	14
ENSMMUG00000029367	0
ENSMMUG00000009840	33
ENSMMUG00000060068	0
ENSMMUG00000058492	0
ENSMMUG00000053846	0
ENSMMUG00000023886	0
ENSMMUG00000060067	56
ENSMMUG00000009842	0
ENSMMUG00000037655	0
ENSMMUG00000053966	0
ENSMMUG00000018146	0
ENSMMUG00000037526	0
ENSMMUG00000013496	0
ENSMMUG00000050321	0
ENSMMUG00000008286	1
ENSMMUG00000008285	0
ENSMMUG00000008284	13
ENSMMUG00000056522	0
ENSMMUG00000050608	5
ENSMMUG00000003913	1
ENSMMUG00000056927	13
ENSMMUG00000003684	0
ENSMMUG00000057639	8
ENSMMUG00000058478	0
ENSMMUG00000029318	0
ENSMMUG00000061355	0
ENSMMUG00000021417	33
ENSMMUG00000032674	0
ENSMMUG00000027010	0
ENSMMUG00000028591	0
ENSMMUG00000005473	0
ENSMMUG00000032639	0
ENSMMUG00000042430	0
ENSMMUG00000032662	0
ENSMMUG00000057868	0
ENSMMUG00000032647	0
ENSMMUG00000003914	0
ENSMMUG00000032873	0
ENSMMUG00000026881	0
ENSMMUG00000056002	0
ENSMMUG00000021418	7
ENSMMUG00000036267	0
ENSMMUG00000026868	0
ENSMMUG00000058298	0
ENSMMUG00000062562	0
ENSMMUG00000060884	0
ENSMMUG00000025487	0
ENSMMUG00000026414	0
ENSMMUG00000053357	0
ENSMMUG00000026647	7
ENSMMUG00000011144	11
ENSMMUG00000053250	15
ENSMMUG00000059765	0
ENSMMUG00000021419	0
ENSMMUG00000065191	0
ENSMMUG00000029366	62
ENSMMUG00000025998	0
ENSMMUG00000008213	0
ENSMMUG00000025693	0
ENSMMUG00000052855	0
ENSMMUG00000057218	0
ENSMMUG00000057283	139
ENSMMUG00000008214	37
ENSMMUG00000021420	213
ENSMMUG00000026750	30
ENSMMUG00000002876	0
ENSMMUG00000049200	0
ENSMMUG00000010171	46
ENSMMUG00000053172	0
ENSMMUG00000052323	0
ENSMMUG00000057386	0
ENSMMUG00000052298	30
ENSMMUG00000026735	28
ENSMMUG00000048801	0
ENSMMUG00000026426	5
ENSMMUG00000058598	47
ENSMMUG00000046412	0
ENSMMUG00000029273	52
ENSMMUG00000064382	0
ENSMMUG00000054624	7
ENSMMUG00000002877	0
ENSMMUG00000020938	9
ENSMMUG00000021327	2
ENSMMUG00000047147	0
ENSMMUG00000002879	2
ENSMMUG00000020939	0
ENSMMUG00000021326	85
ENSMMUG00000057460	0
ENSMMUG00000016061	33
ENSMMUG00000014208	0
ENSMMUG00000049787	2
ENSMMUG00000053234	0
ENSMMUG00000060465	0
ENSMMUG00000058729	0
ENSMMUG00000035966	20
ENSMMUG00000055903	1
ENSMMUG00000059393	10
ENSMMUG00000064964	0
ENSMMUG00000060278	0
ENSMMUG00000060786	0
ENSMMUG00000041889	3
ENSMMUG00000007028	0
ENSMMUG00000010172	11
ENSMMUG00000007027	0
ENSMMUG00000014372	0
ENSMMUG00000014884	7
ENSMMUG00000036164	2
ENSMMUG00000011148	19
ENSMMUG00000051208	0
ENSMMUG00000062975	0
ENSMMUG00000049543	1
ENSMMUG00000055012	0
ENSMMUG00000059134	0
ENSMMUG00000050609	0
ENSMMUG00000060227	0
ENSMMUG00000052923	0
ENSMMUG00000049308	0
ENSMMUG00000002337	0
ENSMMUG00000016686	0
ENSMMUG00000012683	72
ENSMMUG00000012684	3
ENSMMUG00000042378	0
ENSMMUG00000020534	0
ENSMMUG00000052506	4
ENSMMUG00000044407	0
ENSMMUG00000040683	0
ENSMMUG00000064456	55
ENSMMUG00000064976	8
ENSMMUG00000060699	0
ENSMMUG00000029272	0
ENSMMUG00000007430	0
ENSMMUG00000020535	13
ENSMMUG00000004041	0
ENSMMUG00000047553	6
ENSMMUG00000054248	0
ENSMMUG00000053647	0
ENSMMUG00000054259	0
ENSMMUG00000000490	21
ENSMMUG00000060691	0
ENSMMUG00000015865	500
ENSMMUG00000001782	0
ENSMMUG00000018756	4
ENSMMUG00000058749	0
ENSMMUG00000023454	9
ENSMMUG00000015866	496
ENSMMUG00000061583	0
ENSMMUG00000058563	3
ENSMMUG00000009907	38
ENSMMUG00000015868	0
ENSMMUG00000042955	0
ENSMMUG00000059496	0
ENSMMUG00000051262	3
ENSMMUG00000058021	0
ENSMMUG00000046486	0
ENSMMUG00000055947	0
ENSMMUG00000063494	0
ENSMMUG00000011838	0
ENSMMUG00000064307	0
ENSMMUG00000010687	0
ENSMMUG00000061601	0
ENSMMUG00000008574	52
ENSMMUG00000045488	0
ENSMMUG00000004160	0
ENSMMUG00000015869	8
ENSMMUG00000012383	0
ENSMMUG00000038996	0
ENSMMUG00000011839	7
ENSMMUG00000058296	0
ENSMMUG00000008575	14
ENSMMUG00000015871	17
ENSMMUG00000006563	0
ENSMMUG00000062700	0
ENSMMUG00000063659	0
ENSMMUG00000051611	0
ENSMMUG00000006837	0
ENSMMUG00000050430	0
ENSMMUG00000049006	0
ENSMMUG00000062625	0
ENSMMUG00000059528	0
ENSMMUG00000006838	4
ENSMMUG00000033103	0
ENSMMUG00000014204	2
ENSMMUG00000006840	0
ENSMMUG00000018015	6
ENSMMUG00000046622	0
ENSMMUG00000014207	27
ENSMMUG00000058181	0
ENSMMUG00000054922	245
ENSMMUG00000020539	0
ENSMMUG00000049203	0
ENSMMUG00000012408	10
ENSMMUG00000043550	0
ENSMMUG00000050511	0
ENSMMUG00000015873	0
ENSMMUG00000023998	0
ENSMMUG00000056612	0
ENSMMUG00000049903	2
ENSMMUG00000063892	65
ENSMMUG00000054322	0
ENSMMUG00000048456	10
ENSMMUG00000009668	0
ENSMMUG00000058981	0
ENSMMUG00000064908	61
ENSMMUG00000060601	25
ENSMMUG00000039090	0
ENSMMUG00000009393	0
ENSMMUG00000059398	5
ENSMMUG00000054059	0
ENSMMUG00000044603	3
ENSMMUG00000014462	0
ENSMMUG00000060834	2
ENSMMUG00000045680	0
ENSMMUG00000017165	0
ENSMMUG00000017854	0
ENSMMUG00000051971	0
ENSMMUG00000063602	0
ENSMMUG00000043229	0
ENSMMUG00000006490	1
ENSMMUG00000061453	0
ENSMMUG00000036351	0
ENSMMUG00000052996	0
ENSMMUG00000001482	0
ENSMMUG00000065124	39
ENSMMUG00000059258	0
ENSMMUG00000001483	0
ENSMMUG00000063224	0
ENSMMUG00000047612	3
ENSMMUG00000048910	0
ENSMMUG00000013685	6
ENSMMUG00000008887	0
ENSMMUG00000011309	2
ENSMMUG00000056376	0
ENSMMUG00000059866	2
ENSMMUG00000004579	18
ENSMMUG00000004255	5
ENSMMUG00000059973	0
ENSMMUG00000057676	94
ENSMMUG00000010740	3
ENSMMUG00000058494	0
ENSMMUG00000012027	1
ENSMMUG00000000306	5
ENSMMUG00000010738	2
ENSMMUG00000010743	0
ENSMMUG00000064847	0
ENSMMUG00000023736	0
ENSMMUG00000023555	0
ENSMMUG00000007541	0
ENSMMUG00000052887	0
ENSMMUG00000023554	0
ENSMMUG00000064497	0
ENSMMUG00000050284	0
ENSMMUG00000008000	0
ENSMMUG00000051793	0
ENSMMUG00000043457	0
ENSMMUG00000004259	25
ENSMMUG00000051901	0
ENSMMUG00000053992	0
ENSMMUG00000010716	6
ENSMMUG00000004260	1
ENSMMUG00000061172	0
ENSMMUG00000062676	0
ENSMMUG00000054713	0
ENSMMUG00000065031	0
ENSMMUG00000057325	0
ENSMMUG00000062039	63
ENSMMUG00000064628	0
ENSMMUG00000064053	0
ENSMMUG00000047091	0
ENSMMUG00000013160	14
ENSMMUG00000001723	0
ENSMMUG00000001724	0
ENSMMUG00000004263	15
ENSMMUG00000063461	3
ENSMMUG00000002909	0
ENSMMUG00000058743	0
ENSMMUG00000014539	0
ENSMMUG00000002910	12
ENSMMUG00000058878	0
ENSMMUG00000014541	0
ENSMMUG00000052398	0
ENSMMUG00000002911	23
ENSMMUG00000014542	0
ENSMMUG00000040515	1
ENSMMUG00000060208	0
ENSMMUG00000052556	506
ENSMMUG00000062923	0
ENSMMUG00000015159	1
ENSMMUG00000001737	4
ENSMMUG00000047262	0
ENSMMUG00000052654	11
ENSMMUG00000001388	0
ENSMMUG00000025726	0
ENSMMUG00000026900	0
ENSMMUG00000049375	0
ENSMMUG00000015165	9
ENSMMUG00000050556	0
ENSMMUG00000002553	0
ENSMMUG00000018177	0
ENSMMUG00000005976	0
ENSMMUG00000015166	5
ENSMMUG00000000754	4
ENSMMUG00000064496	0
ENSMMUG00000014004	0
ENSMMUG00000014005	0
ENSMMUG00000015168	2
ENSMMUG00000058687	0
ENSMMUG00000052002	0
ENSMMUG00000040100	24
ENSMMUG00000017435	40
ENSMMUG00000053352	0
ENSMMUG00000064133	0
ENSMMUG00000058415	7
ENSMMUG00000013991	0
ENSMMUG00000038464	0
ENSMMUG00000017437	0
ENSMMUG00000040238	1
ENSMMUG00000017432	0
ENSMMUG00000052598	0
ENSMMUG00000057970	351
ENSMMUG00000055808	2
ENSMMUG00000025001	2
ENSMMUG00000012681	4
ENSMMUG00000021122	634
ENSMMUG00000002345	15
ENSMMUG00000044445	1
ENSMMUG00000063024	0
ENSMMUG00000025392	0
ENSMMUG00000057394	0
ENSMMUG00000045241	30
ENSMMUG00000002346	60
ENSMMUG00000021124	5
ENSMMUG00000036618	6
ENSMMUG00000035716	33
ENSMMUG00000029603	0
ENSMMUG00000029652	0
ENSMMUG00000017372	0
ENSMMUG00000017374	0
ENSMMUG00000009882	13
ENSMMUG00000062688	0
ENSMMUG00000007504	0
ENSMMUG00000028330	1
ENSMMUG00000055065	0
ENSMMUG00000001247	28
ENSMMUG00000061936	152
ENSMMUG00000055599	16
ENSMMUG00000053186	0
ENSMMUG00000060648	0
ENSMMUG00000044385	57
ENSMMUG00000064262	0
ENSMMUG00000013270	0
ENSMMUG00000007509	2
ENSMMUG00000006366	0
ENSMMUG00000051391	0
ENSMMUG00000010948	23
ENSMMUG00000051023	0
ENSMMUG00000053704	0
ENSMMUG00000049680	3
ENSMMUG00000010949	2
ENSMMUG00000061537	0
ENSMMUG00000049468	0
ENSMMUG00000004029	0
ENSMMUG00000004028	0
ENSMMUG00000006297	0
ENSMMUG00000057912	58
ENSMMUG00000006714	8
ENSMMUG00000057359	0
ENSMMUG00000009659	2
ENSMMUG00000027699	0
ENSMMUG00000063346	2
ENSMMUG00000063270	0
ENSMMUG00000024948	0
ENSMMUG00000058912	3
ENSMMUG00000058533	0
ENSMMUG00000041094	0
ENSMMUG00000043606	0
ENSMMUG00000049509	2
ENSMMUG00000049291	19
ENSMMUG00000063391	0
ENSMMUG00000064937	0
ENSMMUG00000036374	0
ENSMMUG00000056031	0
ENSMMUG00000042416	0
ENSMMUG00000010727	16
ENSMMUG00000051839	0
ENSMMUG00000022734	0
ENSMMUG00000032370	0
ENSMMUG00000057804	0
ENSMMUG00000053223	0
ENSMMUG00000051826	0
ENSMMUG00000063548	0
ENSMMUG00000003112	0
ENSMMUG00000017109	0
ENSMMUG00000046256	0
ENSMMUG00000045847	0
ENSMMUG00000064572	0
ENSMMUG00000056191	0
ENSMMUG00000053906	3
ENSMMUG00000063652	0
ENSMMUG00000055152	0
ENSMMUG00000032353	0
ENSMMUG00000043712	0
ENSMMUG00000060171	0
ENSMMUG00000056781	0
ENSMMUG00000032454	0
ENSMMUG00000005113	0
ENSMMUG00000050354	0
ENSMMUG00000037309	0
ENSMMUG00000057903	0
ENSMMUG00000063496	0
ENSMMUG00000057569	3
ENSMMUG00000059333	0
ENSMMUG00000063577	182
ENSMMUG00000043585	3
ENSMMUG00000053924	0
ENSMMUG00000050420	0
ENSMMUG00000029293	0
ENSMMUG00000059922	1
ENSMMUG00000052947	0
ENSMMUG00000061346	0
ENSMMUG00000047259	25
ENSMMUG00000035947	0
ENSMMUG00000021120	0
ENSMMUG00000010324	0
ENSMMUG00000039318	0
ENSMMUG00000060530	0
ENSMMUG00000046259	0
ENSMMUG00000052760	0
ENSMMUG00000042926	0
ENSMMUG00000061763	0
ENSMMUG00000055662	0
ENSMMUG00000017635	0
ENSMMUG00000038067	0
ENSMMUG00000049604	75
ENSMMUG00000061736	0
ENSMMUG00000060109	0
ENSMMUG00000053333	0
ENSMMUG00000053644	0
ENSMMUG00000007585	0
ENSMMUG00000062445	2
ENSMMUG00000062132	8
ENSMMUG00000063731	5
ENSMMUG00000022263	0
ENSMMUG00000047665	0
ENSMMUG00000014678	0
ENSMMUG00000013162	0
ENSMMUG00000055204	15
ENSMMUG00000057521	48
ENSMMUG00000007587	62
ENSMMUG00000063895	5
ENSMMUG00000000885	15
ENSMMUG00000042087	0
ENSMMUG00000032601	0
ENSMMUG00000055825	0
ENSMMUG00000022822	0
ENSMMUG00000063849	0
ENSMMUG00000052468	0
ENSMMUG00000060004	0
ENSMMUG00000055293	0
ENSMMUG00000016045	1
ENSMMUG00000050400	0
ENSMMUG00000022371	10
ENSMMUG00000059434	0
ENSMMUG00000018157	11
ENSMMUG00000062750	0
ENSMMUG00000054428	0
ENSMMUG00000062910	0
ENSMMUG00000058470	3
ENSMMUG00000045878	0
ENSMMUG00000032952	0
ENSMMUG00000011104	0
ENSMMUG00000044509	0
ENSMMUG00000011154	0
ENSMMUG00000064632	0
ENSMMUG00000016725	0
ENSMMUG00000023423	32
ENSMMUG00000056600	0
ENSMMUG00000052325	0
ENSMMUG00000060730	0
ENSMMUG00000015706	0
ENSMMUG00000038252	0
ENSMMUG00000007514	5
ENSMMUG00000017464	0
ENSMMUG00000054666	0
ENSMMUG00000036175	4
ENSMMUG00000019432	0
ENSMMUG00000001307	0
ENSMMUG00000020202	0
ENSMMUG00000051670	43
ENSMMUG00000051512	0
ENSMMUG00000058922	4
ENSMMUG00000060142	0
ENSMMUG00000004894	0
ENSMMUG00000019612	0
ENSMMUG00000016666	0
ENSMMUG00000045366	0
ENSMMUG00000064685	0
ENSMMUG00000055634	0
ENSMMUG00000058527	0
ENSMMUG00000064451	0
ENSMMUG00000049693	9
ENSMMUG00000011152	1
ENSMMUG00000054377	1
ENSMMUG00000012819	0
ENSMMUG00000056630	0
ENSMMUG00000053290	0
ENSMMUG00000049736	0
ENSMMUG00000050039	3
ENSMMUG00000007057	0
ENSMMUG00000062829	5
ENSMMUG00000022081	0
ENSMMUG00000054353	0
ENSMMUG00000024813	0
ENSMMUG00000016607	1
ENSMMUG00000063913	0
ENSMMUG00000018687	3
ENSMMUG00000020532	0
ENSMMUG00000018763	0
ENSMMUG00000040442	0
ENSMMUG00000008818	0
ENSMMUG00000012821	5
ENSMMUG00000016233	0
ENSMMUG00000058659	1
ENSMMUG00000061272	0
ENSMMUG00000018688	0
ENSMMUG00000062319	0
ENSMMUG00000054354	0
ENSMMUG00000064672	0
ENSMMUG00000040002	0
ENSMMUG00000064082	0
ENSMMUG00000012073	0
ENSMMUG00000003932	24
ENSMMUG00000015308	0
ENSMMUG00000019489	0
ENSMMUG00000062267	0
ENSMMUG00000015312	0
ENSMMUG00000047191	0
ENSMMUG00000037151	0
ENSMMUG00000059911	0
ENSMMUG00000053672	0
ENSMMUG00000017821	0
ENSMMUG00000018433	0
ENSMMUG00000025742	0
ENSMMUG00000059720	0
ENSMMUG00000059390	0
ENSMMUG00000003475	35
ENSMMUG00000010421	0
ENSMMUG00000020536	0
ENSMMUG00000003934	0
ENSMMUG00000046218	0
ENSMMUG00000002293	0
ENSMMUG00000059979	8
ENSMMUG00000019492	0
ENSMMUG00000021850	0
ENSMMUG00000016610	5
ENSMMUG00000004985	0
ENSMMUG00000003479	9
ENSMMUG00000048381	0
ENSMMUG00000003251	0
ENSMMUG00000040204	0
ENSMMUG00000048745	0
ENSMMUG00000053322	99
ENSMMUG00000058186	0
ENSMMUG00000054697	0
ENSMMUG00000058829	0
ENSMMUG00000049622	0
ENSMMUG00000004335	0
ENSMMUG00000010424	6
ENSMMUG00000003071	1
ENSMMUG00000043795	0
ENSMMUG00000063100	0
ENSMMUG00000059335	4
ENSMMUG00000052416	0
ENSMMUG00000004309	0
ENSMMUG00000038289	0
ENSMMUG00000006876	0
ENSMMUG00000002593	2
ENSMMUG00000000443	0
ENSMMUG00000048462	0
ENSMMUG00000064574	0
ENSMMUG00000065109	0
ENSMMUG00000059768	0
ENSMMUG00000056297	0
ENSMMUG00000004274	0
ENSMMUG00000000903	0
ENSMMUG00000004336	14
ENSMMUG00000036589	0
ENSMMUG00000004633	0
ENSMMUG00000053262	3
ENSMMUG00000007887	0
ENSMMUG00000008247	3
ENSMMUG00000052994	0
ENSMMUG00000001620	0
ENSMMUG00000062545	23
ENSMMUG00000018001	0
ENSMMUG00000013603	0
ENSMMUG00000004745	0
ENSMMUG00000025576	1
ENSMMUG00000058334	0
ENSMMUG00000006916	0
ENSMMUG00000007688	0
ENSMMUG00000053886	0
ENSMMUG00000022771	0
ENSMMUG00000056615	0
ENSMMUG00000016391	0
ENSMMUG00000011497	0
ENSMMUG00000054305	0
ENSMMUG00000046436	0
ENSMMUG00000008306	1
ENSMMUG00000062893	0
ENSMMUG00000016929	0
ENSMMUG00000051079	0
ENSMMUG00000020553	8
ENSMMUG00000008825	0
ENSMMUG00000051401	0
ENSMMUG00000053349	0
ENSMMUG00000004198	0
ENSMMUG00000057161	4
ENSMMUG00000051464	0
ENSMMUG00000000192	0
ENSMMUG00000053679	0
ENSMMUG00000061004	0
ENSMMUG00000040974	0
ENSMMUG00000024879	0
ENSMMUG00000025616	0
ENSMMUG00000062918	0
ENSMMUG00000032743	0
ENSMMUG00000006967	0
ENSMMUG00000012261	1
ENSMMUG00000053330	0
ENSMMUG00000017335	0
ENSMMUG00000024034	0
ENSMMUG00000049709	3
ENSMMUG00000009607	0
ENSMMUG00000003456	0
ENSMMUG00000013604	0
ENSMMUG00000061198	1
ENSMMUG00000003922	0
ENSMMUG00000033085	0
ENSMMUG00000063694	0
ENSMMUG00000060618	13
ENSMMUG00000034697	0
ENSMMUG00000026218	0
ENSMMUG00000053371	0
ENSMMUG00000016776	2
ENSMMUG00000062714	0
ENSMMUG00000011498	14
ENSMMUG00000013220	7
ENSMMUG00000061545	0
ENSMMUG00000033074	0
ENSMMUG00000062628	0
ENSMMUG00000049835	0
ENSMMUG00000050703	0
ENSMMUG00000033177	0
ENSMMUG00000059480	0
ENSMMUG00000057473	0
ENSMMUG00000055598	0
ENSMMUG00000062909	0
ENSMMUG00000040274	0
ENSMMUG00000063284	0
ENSMMUG00000051500	0
ENSMMUG00000033526	0
ENSMMUG00000060849	0
ENSMMUG00000034444	0
ENSMMUG00000032544	0
ENSMMUG00000003505	0
ENSMMUG00000010936	0
ENSMMUG00000032745	0
ENSMMUG00000050915	0
ENSMMUG00000022224	0
ENSMMUG00000051757	2
ENSMMUG00000024754	0
ENSMMUG00000059153	0
ENSMMUG00000063393	0
ENSMMUG00000013221	0
ENSMMUG00000011474	0
ENSMMUG00000027020	0
ENSMMUG00000063064	0
ENSMMUG00000011310	0
ENSMMUG00000059628	0
ENSMMUG00000015653	23
ENSMMUG00000061274	5
ENSMMUG00000057712	0
ENSMMUG00000026011	13
ENSMMUG00000052193	0
ENSMMUG00000063605	14
ENSMMUG00000045722	0
ENSMMUG00000045262	3
ENSMMUG00000015266	0
ENSMMUG00000013131	0
ENSMMUG00000035145	0
ENSMMUG00000051285	0
ENSMMUG00000016777	0
ENSMMUG00000017323	0
ENSMMUG00000027523	0
ENSMMUG00000036398	0
ENSMMUG00000009622	0
ENSMMUG00000020695	10
ENSMMUG00000057688	0
ENSMMUG00000026877	0
ENSMMUG00000055034	0
ENSMMUG00000027084	0
ENSMMUG00000063217	0
ENSMMUG00000065215	0
ENSMMUG00000052264	0
ENSMMUG00000045362	0
ENSMMUG00000028288	0
ENSMMUG00000001540	0
ENSMMUG00000055995	0
ENSMMUG00000051148	0
ENSMMUG00000027127	0
ENSMMUG00000045626	0
ENSMMUG00000027125	0
ENSMMUG00000028592	0
ENSMMUG00000034550	0
ENSMMUG00000064674	0
ENSMMUG00000027090	1
ENSMMUG00000026123	0
ENSMMUG00000033048	0
ENSMMUG00000056114	0
ENSMMUG00000019383	0
ENSMMUG00000061211	0
ENSMMUG00000060939	0
ENSMMUG00000002750	71
ENSMMUG00000063613	0
ENSMMUG00000026855	0
ENSMMUG00000007515	0
ENSMMUG00000032341	0
ENSMMUG00000054103	0
ENSMMUG00000050695	0
ENSMMUG00000052089	0
ENSMMUG00000028083	0
ENSMMUG00000028360	0
ENSMMUG00000033187	0
ENSMMUG00000056604	0
ENSMMUG00000010056	0
ENSMMUG00000037513	0
ENSMMUG00000007997	0
ENSMMUG00000051504	0
ENSMMUG00000020699	0
ENSMMUG00000006377	0
ENSMMUG00000051347	0
ENSMMUG00000058259	3
ENSMMUG00000042205	0
ENSMMUG00000056447	0
ENSMMUG00000054057	0
ENSMMUG00000026707	25
ENSMMUG00000042170	0
ENSMMUG00000002134	4
ENSMMUG00000055686	10
ENSMMUG00000036834	0
ENSMMUG00000049573	0
ENSMMUG00000060121	0
ENSMMUG00000054258	0
ENSMMUG00000053844	2
ENSMMUG00000017377	0
ENSMMUG00000049974	0
ENSMMUG00000044123	0
ENSMMUG00000032672	0
ENSMMUG00000002805	0
ENSMMUG00000017378	4
ENSMMUG00000013135	0
ENSMMUG00000035762	0
ENSMMUG00000049702	0
ENSMMUG00000034506	0
ENSMMUG00000054328	7
ENSMMUG00000019688	0
ENSMMUG00000016657	0
ENSMMUG00000008303	0
ENSMMUG00000035819	0
ENSMMUG00000045049	0
ENSMMUG00000061434	0
ENSMMUG00000017574	0
ENSMMUG00000057900	1
ENSMMUG00000060474	0
ENSMMUG00000044994	0
ENSMMUG00000056638	0
ENSMMUG00000055906	0
ENSMMUG00000003918	0
ENSMMUG00000060318	0
ENSMMUG00000039292	0
ENSMMUG00000026243	0
ENSMMUG00000022849	0
ENSMMUG00000020700	2
ENSMMUG00000057063	0
ENSMMUG00000062063	0
ENSMMUG00000016431	1
ENSMMUG00000050066	0
ENSMMUG00000037641	0
ENSMMUG00000052660	0
ENSMMUG00000049656	0
ENSMMUG00000058013	0
ENSMMUG00000033477	1
ENSMMUG00000042495	0
ENSMMUG00000040071	0
ENSMMUG00000001663	0
ENSMMUG00000026898	0
ENSMMUG00000020743	0
ENSMMUG00000026918	0
ENSMMUG00000062890	0
ENSMMUG00000027267	0
ENSMMUG00000020849	0
ENSMMUG00000052192	0
ENSMMUG00000008781	2
ENSMMUG00000032363	0
ENSMMUG00000036929	0
ENSMMUG00000003317	0
ENSMMUG00000055147	0
ENSMMUG00000026857	0
ENSMMUG00000013491	0
ENSMMUG00000032401	0
ENSMMUG00000027041	0
ENSMMUG00000026192	0
ENSMMUG00000028437	0
ENSMMUG00000009258	0
ENSMMUG00000060425	0
ENSMMUG00000023039	0
ENSMMUG00000057867	0
ENSMMUG00000013176	0
ENSMMUG00000058226	0
ENSMMUG00000027617	0
ENSMMUG00000026363	0
ENSMMUG00000064690	0
ENSMMUG00000053634	0
ENSMMUG00000065111	0
ENSMMUG00000012772	0
ENSMMUG00000034680	0
ENSMMUG00000019534	0
ENSMMUG00000016948	0
ENSMMUG00000012774	0
ENSMMUG00000012777	0
ENSMMUG00000019533	0
ENSMMUG00000012775	0
ENSMMUG00000015264	0
ENSMMUG00000014466	0
ENSMMUG00000060625	0
ENSMMUG00000012710	0
ENSMMUG00000008785	9
ENSMMUG00000052837	0
ENSMMUG00000005959	0
ENSMMUG00000020282	4
ENSMMUG00000027379	0
ENSMMUG00000019594	0
ENSMMUG00000012702	0
ENSMMUG00000000379	0
ENSMMUG00000032968	0
ENSMMUG00000063900	0
ENSMMUG00000024205	0
ENSMMUG00000051872	0
ENSMMUG00000004954	19
ENSMMUG00000013981	1
ENSMMUG00000058286	0
ENSMMUG00000065049	0
ENSMMUG00000063057	0
ENSMMUG00000049369	0
ENSMMUG00000058830	0
ENSMMUG00000059484	0
ENSMMUG00000055262	91
ENSMMUG00000049425	6
ENSMMUG00000028527	0
ENSMMUG00000053430	83
ENSMMUG00000040232	0
ENSMMUG00000062616	0
ENSMMUG00000035549	0
ENSMMUG00000007500	0
ENSMMUG00000051179	0
ENSMMUG00000022667	14
ENSMMUG00000058394	0
ENSMMUG00000013493	0
ENSMMUG00000061308	0
ENSMMUG00000017669	7
ENSMMUG00000019345	0
ENSMMUG00000035513	0
ENSMMUG00000059712	0
ENSMMUG00000003201	12
ENSMMUG00000018469	0
ENSMMUG00000049621	1
ENSMMUG00000049309	0
ENSMMUG00000064600	2
ENSMMUG00000061251	0
ENSMMUG00000053560	0
ENSMMUG00000059817	0
ENSMMUG00000015609	0
ENSMMUG00000063773	0
ENSMMUG00000060266	0
ENSMMUG00000050764	0
ENSMMUG00000051113	0
ENSMMUG00000017883	0
ENSMMUG00000010897	0
ENSMMUG00000048978	0
ENSMMUG00000022665	0
ENSMMUG00000063804	0
ENSMMUG00000050198	0
ENSMMUG00000055471	0
ENSMMUG00000060537	0
ENSMMUG00000049705	0
ENSMMUG00000005292	0
ENSMMUG00000021984	0
ENSMMUG00000054873	0
ENSMMUG00000064058	0
ENSMMUG00000022505	12
ENSMMUG00000053273	0
ENSMMUG00000048764	0
ENSMMUG00000013386	0
ENSMMUG00000059846	0
ENSMMUG00000064282	0
ENSMMUG00000060001	0
ENSMMUG00000049595	3
ENSMMUG00000052583	0
ENSMMUG00000057289	0
ENSMMUG00000023835	0
ENSMMUG00000010476	4
ENSMMUG00000045255	0
ENSMMUG00000061011	0
ENSMMUG00000057937	1
ENSMMUG00000011271	0
ENSMMUG00000056716	0
ENSMMUG00000018391	0
ENSMMUG00000032338	0
ENSMMUG00000024896	0
ENSMMUG00000022140	6
ENSMMUG00000063742	0
ENSMMUG00000054995	0
ENSMMUG00000020222	1
ENSMMUG00000012739	2
ENSMMUG00000053147	0
ENSMMUG00000052554	0
ENSMMUG00000025578	0
ENSMMUG00000007922	2
ENSMMUG00000037497	0
ENSMMUG00000038415	6
ENSMMUG00000007501	0
ENSMMUG00000008386	0
ENSMMUG00000057558	0
ENSMMUG00000018715	0
ENSMMUG00000022467	2
ENSMMUG00000012743	1
ENSMMUG00000062118	0
ENSMMUG00000062762	0
ENSMMUG00000053857	0
ENSMMUG00000000710	0
ENSMMUG00000024124	0
ENSMMUG00000037377	0
ENSMMUG00000063543	0
ENSMMUG00000018717	0
ENSMMUG00000011478	0
ENSMMUG00000050746	0
ENSMMUG00000012762	2
ENSMMUG00000058346	8
ENSMMUG00000037102	0
ENSMMUG00000050270	0
ENSMMUG00000050346	0
ENSMMUG00000057967	0
ENSMMUG00000056468	0
ENSMMUG00000061535	4
ENSMMUG00000062693	1
ENSMMUG00000008108	8
ENSMMUG00000062679	0
ENSMMUG00000006966	0
ENSMMUG00000054352	0
ENSMMUG00000063919	0
ENSMMUG00000044983	0
ENSMMUG00000064877	0
ENSMMUG00000051932	0
ENSMMUG00000056731	0
ENSMMUG00000023819	0
ENSMMUG00000020392	0
ENSMMUG00000008388	0
ENSMMUG00000017881	1
ENSMMUG00000008389	0
ENSMMUG00000064826	0
ENSMMUG00000020223	6
ENSMMUG00000001557	0
ENSMMUG00000032359	2
ENSMMUG00000064959	2
ENSMMUG00000021491	0
ENSMMUG00000059610	0
ENSMMUG00000012384	1
ENSMMUG00000023589	0
ENSMMUG00000045877	4
ENSMMUG00000005263	1
ENSMMUG00000012382	2
ENSMMUG00000057419	0
ENSMMUG00000000297	0
ENSMMUG00000052429	0
ENSMMUG00000065150	0
ENSMMUG00000062471	0
ENSMMUG00000003250	0
ENSMMUG00000057960	0
ENSMMUG00000005264	0
ENSMMUG00000064328	0
ENSMMUG00000054986	0
ENSMMUG00000054048	0
ENSMMUG00000060753	0
ENSMMUG00000032328	0
ENSMMUG00000063924	0
ENSMMUG00000055949	0
ENSMMUG00000003372	35
ENSMMUG00000032357	2
ENSMMUG00000022142	0
ENSMMUG00000020555	0
ENSMMUG00000039019	0
ENSMMUG00000011076	0
ENSMMUG00000001088	0
ENSMMUG00000011480	0
ENSMMUG00000011074	14
ENSMMUG00000044975	0
ENSMMUG00000050146	0
ENSMMUG00000060846	0
ENSMMUG00000049681	0
ENSMMUG00000054548	0
ENSMMUG00000024093	0
ENSMMUG00000004154	0
ENSMMUG00000009293	5
ENSMMUG00000021366	0
ENSMMUG00000056988	0
ENSMMUG00000049889	0
ENSMMUG00000064067	1
ENSMMUG00000052892	0
ENSMMUG00000014885	0
ENSMMUG00000010585	0
ENSMMUG00000062481	0
ENSMMUG00000003374	0
ENSMMUG00000006450	0
ENSMMUG00000061890	0
ENSMMUG00000002608	0
ENSMMUG00000056089	0
ENSMMUG00000051063	0
ENSMMUG00000002015	0
ENSMMUG00000018824	0
ENSMMUG00000058853	0
ENSMMUG00000047144	0
ENSMMUG00000050849	0
ENSMMUG00000056669	0
ENSMMUG00000039263	0
ENSMMUG00000059880	0
ENSMMUG00000033522	0
ENSMMUG00000025865	0
ENSMMUG00000003375	0
ENSMMUG00000000705	1
ENSMMUG00000051003	0
ENSMMUG00000036847	0
ENSMMUG00000032384	0
ENSMMUG00000013773	23
ENSMMUG00000012742	18
ENSMMUG00000003377	0
ENSMMUG00000010501	0
ENSMMUG00000002016	0
ENSMMUG00000001484	3
ENSMMUG00000049154	0
ENSMMUG00000062656	0
ENSMMUG00000038049	0
ENSMMUG00000032340	0
ENSMMUG00000054074	0
ENSMMUG00000063448	0
ENSMMUG00000013768	10
ENSMMUG00000057198	0
ENSMMUG00000024140	0
ENSMMUG00000060580	17
ENSMMUG00000055801	11
ENSMMUG00000053153	0
ENSMMUG00000056705	0
ENSMMUG00000003379	0
ENSMMUG00000037331	0
ENSMMUG00000049664	0
ENSMMUG00000009037	0
ENSMMUG00000057253	0
ENSMMUG00000015031	0
ENSMMUG00000016361	1
ENSMMUG00000020862	0
ENSMMUG00000064028	0
ENSMMUG00000036420	0
ENSMMUG00000013753	8
ENSMMUG00000059983	0
ENSMMUG00000012744	0
ENSMMUG00000011437	0
ENSMMUG00000016642	0
ENSMMUG00000061513	0
ENSMMUG00000055173	0
ENSMMUG00000012746	3
ENSMMUG00000062966	0
ENSMMUG00000064452	1
ENSMMUG00000011420	12
ENSMMUG00000009295	179
ENSMMUG00000018194	0
ENSMMUG00000018366	0
ENSMMUG00000037633	0
ENSMMUG00000009296	0
ENSMMUG00000060820	1
ENSMMUG00000053888	0
ENSMMUG00000003368	0
ENSMMUG00000049282	0
ENSMMUG00000040440	0
ENSMMUG00000003502	1
ENSMMUG00000006979	0
ENSMMUG00000062135	0
ENSMMUG00000057147	0
ENSMMUG00000060701	0
ENSMMUG00000055642	0
ENSMMUG00000063395	0
ENSMMUG00000054311	0
ENSMMUG00000011426	0
ENSMMUG00000000448	0
ENSMMUG00000035953	0
ENSMMUG00000024803	0
ENSMMUG00000061261	0
ENSMMUG00000057358	0
ENSMMUG00000051223	0
ENSMMUG00000033307	0
ENSMMUG00000061895	4
ENSMMUG00000056503	2
ENSMMUG00000009801	2
ENSMMUG00000011078	0
ENSMMUG00000027297	0
ENSMMUG00000019415	186
ENSMMUG00000059835	0
ENSMMUG00000052286	0
ENSMMUG00000055238	0
ENSMMUG00000057815	0
ENSMMUG00000058160	0
ENSMMUG00000006362	9
ENSMMUG00000018191	0
ENSMMUG00000003501	3
ENSMMUG00000003500	0
ENSMMUG00000032465	2
ENSMMUG00000032857	1
ENSMMUG00000040370	4
ENSMMUG00000044389	0
ENSMMUG00000006111	0
ENSMMUG00000047671	0
ENSMMUG00000064945	69
ENSMMUG00000008212	0
ENSMMUG00000006113	0
ENSMMUG00000021924	2
ENSMMUG00000019420	9
ENSMMUG00000000323	13
ENSMMUG00000018844	0
ENSMMUG00000064091	0
ENSMMUG00000064086	0
ENSMMUG00000050925	0
ENSMMUG00000021207	2
ENSMMUG00000008209	0
ENSMMUG00000013595	0
ENSMMUG00000061770	2
ENSMMUG00000027363	0
ENSMMUG00000056195	0
ENSMMUG00000061336	0
ENSMMUG00000009043	6
ENSMMUG00000050869	0
ENSMMUG00000045764	0
ENSMMUG00000018535	0
ENSMMUG00000045373	0
ENSMMUG00000061921	0
ENSMMUG00000006112	0
ENSMMUG00000058276	0
ENSMMUG00000053689	5
ENSMMUG00000063324	0
ENSMMUG00000050317	0
ENSMMUG00000000809	6
ENSMMUG00000064196	0
ENSMMUG00000063703	0
ENSMMUG00000005605	0
ENSMMUG00000003482	0
ENSMMUG00000014066	9
ENSMMUG00000023574	1
ENSMMUG00000050156	0
ENSMMUG00000053743	0
ENSMMUG00000062780	0
ENSMMUG00000062472	0
ENSMMUG00000009671	6
ENSMMUG00000032498	1
ENSMMUG00000061723	0
ENSMMUG00000054252	0
ENSMMUG00000023635	0
ENSMMUG00000002023	0
ENSMMUG00000063523	0
ENSMMUG00000042317	0
ENSMMUG00000001258	0
ENSMMUG00000025804	0
ENSMMUG00000059483	48
ENSMMUG00000052456	0
ENSMMUG00000060005	0
ENSMMUG00000054007	0
ENSMMUG00000057968	0
ENSMMUG00000040162	0
ENSMMUG00000055786	0
ENSMMUG00000034165	0
ENSMMUG00000019569	0
ENSMMUG00000056900	0
ENSMMUG00000048739	0
ENSMMUG00000004438	0
ENSMMUG00000061110	0
ENSMMUG00000012619	0
ENSMMUG00000012957	7
ENSMMUG00000012484	0
ENSMMUG00000006191	2
ENSMMUG00000003295	4
ENSMMUG00000061108	0
ENSMMUG00000019021	0
ENSMMUG00000037424	0
ENSMMUG00000010883	10
ENSMMUG00000057744	0
ENSMMUG00000060136	0
ENSMMUG00000025415	0
ENSMMUG00000051104	0
ENSMMUG00000049351	0
ENSMMUG00000055462	0
ENSMMUG00000027068	0
ENSMMUG00000014463	0
ENSMMUG00000017839	0
ENSMMUG00000009054	0
ENSMMUG00000036967	0
ENSMMUG00000055723	0
ENSMMUG00000020064	0
ENSMMUG00000003296	0
ENSMMUG00000052167	606
ENSMMUG00000027122	0
ENSMMUG00000008210	0
ENSMMUG00000026862	0
ENSMMUG00000059829	0
ENSMMUG00000011744	0
ENSMMUG00000017842	0
ENSMMUG00000056634	0
ENSMMUG00000020066	0
ENSMMUG00000032378	0
ENSMMUG00000059432	0
ENSMMUG00000006192	0
ENSMMUG00000032380	0
ENSMMUG00000057154	0
ENSMMUG00000022574	2
ENSMMUG00000057835	0
ENSMMUG00000013008	4
ENSMMUG00000006193	0
ENSMMUG00000040845	0
ENSMMUG00000022281	7
ENSMMUG00000025180	0
ENSMMUG00000004178	0
ENSMMUG00000041263	0
ENSMMUG00000051172	0
ENSMMUG00000000322	1
ENSMMUG00000010112	0
ENSMMUG00000063653	0
ENSMMUG00000016290	1
ENSMMUG00000058584	0
ENSMMUG00000006683	0
ENSMMUG00000000320	0
ENSMMUG00000045191	0
ENSMMUG00000063143	0
ENSMMUG00000034936	0
ENSMMUG00000056989	0
ENSMMUG00000019971	9
ENSMMUG00000006684	0
ENSMMUG00000004858	0
ENSMMUG00000046387	0
ENSMMUG00000000319	2
ENSMMUG00000056710	0
ENSMMUG00000003745	1
ENSMMUG00000007593	0
ENSMMUG00000011601	0
ENSMMUG00000056352	0
ENSMMUG00000064153	0
ENSMMUG00000010394	0
ENSMMUG00000058139	0
ENSMMUG00000016975	0
ENSMMUG00000065018	0
ENSMMUG00000007601	0
ENSMMUG00000018894	8
ENSMMUG00000041337	0
ENSMMUG00000015737	0
ENSMMUG00000059664	5
ENSMMUG00000057738	0
ENSMMUG00000005132	0
ENSMMUG00000016986	0
ENSMMUG00000018703	1
ENSMMUG00000001114	0
ENSMMUG00000060655	1
ENSMMUG00000052303	0
ENSMMUG00000060719	0
ENSMMUG00000053313	6
ENSMMUG00000003266	0
ENSMMUG00000015291	0
ENSMMUG00000018895	0
ENSMMUG00000023324	0
ENSMMUG00000058392	0
ENSMMUG00000015738	0
ENSMMUG00000062028	0
ENSMMUG00000014606	0
ENSMMUG00000015740	0
ENSMMUG00000021579	0
ENSMMUG00000020965	2
ENSMMUG00000018704	7
ENSMMUG00000018335	3
ENSMMUG00000065001	0
ENSMMUG00000021412	0
ENSMMUG00000047336	0
ENSMMUG00000054959	0
ENSMMUG00000053662	0
ENSMMUG00000006416	0
ENSMMUG00000057260	0
ENSMMUG00000013635	0
ENSMMUG00000017753	0
ENSMMUG00000007234	4
ENSMMUG00000006166	0
ENSMMUG00000050316	0
ENSMMUG00000033096	0
ENSMMUG00000021413	0
ENSMMUG00000014047	0
ENSMMUG00000053988	0
ENSMMUG00000061907	0
ENSMMUG00000058341	0
ENSMMUG00000032653	0
ENSMMUG00000055487	0
ENSMMUG00000050727	0
ENSMMUG00000049719	141
ENSMMUG00000052217	17
ENSMMUG00000057508	2
ENSMMUG00000054361	0
ENSMMUG00000015396	7
ENSMMUG00000061393	0
ENSMMUG00000020179	0
ENSMMUG00000054817	3
ENSMMUG00000050314	0
ENSMMUG00000013930	0
ENSMMUG00000021414	0
ENSMMUG00000061144	0
ENSMMUG00000013667	0
ENSMMUG00000026283	0
ENSMMUG00000046809	0
ENSMMUG00000013150	0
ENSMMUG00000059882	0
ENSMMUG00000051459	1
ENSMMUG00000021581	0
ENSMMUG00000014048	8
ENSMMUG00000013993	2
ENSMMUG00000013934	0
ENSMMUG00000013935	8
ENSMMUG00000063039	0
ENSMMUG00000035134	0
ENSMMUG00000057467	0
ENSMMUG00000019767	21
ENSMMUG00000052483	0
ENSMMUG00000003896	1
ENSMMUG00000019573	2
ENSMMUG00000041712	0
ENSMMUG00000013937	13
ENSMMUG00000051618	0
ENSMMUG00000013146	0
ENSMMUG00000061295	0
ENSMMUG00000023172	1
ENSMMUG00000055377	0
ENSMMUG00000013678	0
ENSMMUG00000019768	103
ENSMMUG00000056337	0
ENSMMUG00000065126	0
ENSMMUG00000054148	0
ENSMMUG00000013940	4
ENSMMUG00000019580	3
ENSMMUG00000055457	0
ENSMMUG00000014407	0
ENSMMUG00000013668	128
ENSMMUG00000057710	0
ENSMMUG00000063882	0
ENSMMUG00000007505	6
ENSMMUG00000016464	0
ENSMMUG00000052646	0
ENSMMUG00000051058	0
ENSMMUG00000054969	0
ENSMMUG00000051616	2
ENSMMUG00000008256	4
ENSMMUG00000059926	0
ENSMMUG00000019577	0
ENSMMUG00000053495	0
ENSMMUG00000027544	0
ENSMMUG00000051593	0
ENSMMUG00000016465	1
ENSMMUG00000015861	0
ENSMMUG00000063078	2
ENSMMUG00000023174	0
ENSMMUG00000053182	5
ENSMMUG00000052396	0
ENSMMUG00000045701	3
ENSMMUG00000012871	0
ENSMMUG00000026598	0
ENSMMUG00000018026	0
ENSMMUG00000054132	0
ENSMMUG00000023604	0
ENSMMUG00000002689	0
ENSMMUG00000039929	0
ENSMMUG00000013943	10
ENSMMUG00000009740	0
ENSMMUG00000022293	0
ENSMMUG00000032394	0
ENSMMUG00000004793	0
ENSMMUG00000013449	0
ENSMMUG00000015655	0
ENSMMUG00000060651	192
ENSMMUG00000059919	0
ENSMMUG00000032418	0
ENSMMUG00000056323	2
ENSMMUG00000004674	1
ENSMMUG00000023236	4
ENSMMUG00000012874	0
ENSMMUG00000056531	0
ENSMMUG00000015656	0
ENSMMUG00000012875	27
ENSMMUG00000063530	0
ENSMMUG00000057459	0
ENSMMUG00000063788	0
ENSMMUG00000049951	0
ENSMMUG00000052802	0
ENSMMUG00000002151	0
ENSMMUG00000009719	0
ENSMMUG00000051178	0
ENSMMUG00000064645	0
ENSMMUG00000062823	0
ENSMMUG00000033479	0
ENSMMUG00000033511	0
ENSMMUG00000033353	0
ENSMMUG00000063858	2
ENSMMUG00000033330	0
ENSMMUG00000027033	0
ENSMMUG00000049413	0
ENSMMUG00000057348	13
ENSMMUG00000032934	0
ENSMMUG00000064792	190
ENSMMUG00000044745	0
ENSMMUG00000013387	0
ENSMMUG00000049776	0
ENSMMUG00000013948	0
ENSMMUG00000027196	0
ENSMMUG00000052073	0
ENSMMUG00000041550	0
ENSMMUG00000032957	0
ENSMMUG00000055663	0
ENSMMUG00000050625	0
ENSMMUG00000053524	0
ENSMMUG00000053612	0
ENSMMUG00000029246	0
ENSMMUG00000037050	8
ENSMMUG00000065149	0
ENSMMUG00000018770	0
ENSMMUG00000060710	0
ENSMMUG00000049953	0
ENSMMUG00000037244	1
ENSMMUG00000005632	0
ENSMMUG00000032761	0
ENSMMUG00000052823	0
ENSMMUG00000027110	0
ENSMMUG00000037903	0
ENSMMUG00000032393	0
ENSMMUG00000063578	1
ENSMMUG00000011355	0
ENSMMUG00000010418	0
ENSMMUG00000052164	1
ENSMMUG00000018769	0
ENSMMUG00000013165	4
ENSMMUG00000010252	0
ENSMMUG00000047274	0
ENSMMUG00000065214	0
ENSMMUG00000037654	0
ENSMMUG00000051428	0
ENSMMUG00000051813	0
ENSMMUG00000032415	0
ENSMMUG00000047771	0
ENSMMUG00000051931	0
ENSMMUG00000054356	0
ENSMMUG00000009249	0
ENSMMUG00000047442	0
ENSMMUG00000013179	0
ENSMMUG00000056870	5
ENSMMUG00000044155	0
ENSMMUG00000041660	0
ENSMMUG00000051265	0
ENSMMUG00000003564	10
ENSMMUG00000064527	0
ENSMMUG00000050394	0
ENSMMUG00000059203	0
ENSMMUG00000061140	0
ENSMMUG00000046899	0
ENSMMUG00000052254	0
ENSMMUG00000055216	0
ENSMMUG00000011345	0
ENSMMUG00000050797	1
ENSMMUG00000053505	0
ENSMMUG00000052536	0
ENSMMUG00000032965	0
ENSMMUG00000017660	0
ENSMMUG00000053535	0
ENSMMUG00000032391	0
ENSMMUG00000011440	0
ENSMMUG00000005494	21
ENSMMUG00000058475	4
ENSMMUG00000014254	0
ENSMMUG00000050332	0
ENSMMUG00000056433	0
ENSMMUG00000064553	2
ENSMMUG00000061051	0
ENSMMUG00000056535	0
ENSMMUG00000015619	0
ENSMMUG00000007185	0
ENSMMUG00000058716	0
ENSMMUG00000014255	0
ENSMMUG00000046316	0
ENSMMUG00000060199	0
ENSMMUG00000023953	0
ENSMMUG00000064361	0
ENSMMUG00000014256	13
ENSMMUG00000005291	2
ENSMMUG00000007189	0
ENSMMUG00000059000	0
ENSMMUG00000052835	0
ENSMMUG00000050873	0
ENSMMUG00000063276	0
ENSMMUG00000060765	0
ENSMMUG00000054326	0
ENSMMUG00000051758	0
ENSMMUG00000054447	0
ENSMMUG00000061221	0
ENSMMUG00000017517	0
ENSMMUG00000059563	0
ENSMMUG00000033034	0
ENSMMUG00000003419	0
ENSMMUG00000032876	0
ENSMMUG00000033318	0
ENSMMUG00000050523	0
ENSMMUG00000049497	0
ENSMMUG00000051716	0
ENSMMUG00000016981	1
ENSMMUG00000063550	1
ENSMMUG00000052586	0
ENSMMUG00000049721	0
ENSMMUG00000059459	0
ENSMMUG00000034717	0
ENSMMUG00000055741	0
ENSMMUG00000050986	0
ENSMMUG00000064284	0
ENSMMUG00000057229	0
ENSMMUG00000059367	0
ENSMMUG00000021204	0
ENSMMUG00000033254	0
ENSMMUG00000022615	3
ENSMMUG00000043822	0
ENSMMUG00000046251	0
ENSMMUG00000051811	0
ENSMMUG00000049963	0
ENSMMUG00000059384	17
ENSMMUG00000009970	1
ENSMMUG00000025027	0
ENSMMUG00000010763	5
ENSMMUG00000053963	0
ENSMMUG00000057245	0
ENSMMUG00000005498	0
ENSMMUG00000058112	0
ENSMMUG00000002173	0
ENSMMUG00000026682	0
ENSMMUG00000060865	0
ENSMMUG00000020724	0
ENSMMUG00000016467	0
ENSMMUG00000003049	0
ENSMMUG00000016469	0
ENSMMUG00000022616	0
ENSMMUG00000007190	5
ENSMMUG00000051877	0
ENSMMUG00000051658	0
ENSMMUG00000004547	135
ENSMMUG00000022618	5
ENSMMUG00000005501	3
ENSMMUG00000022619	39
ENSMMUG00000024333	0
ENSMMUG00000019410	0
ENSMMUG00000004150	0
ENSMMUG00000004548	63
ENSMMUG00000007205	2
ENSMMUG00000005502	11
ENSMMUG00000062090	0
ENSMMUG00000003274	0
ENSMMUG00000004553	2
ENSMMUG00000050155	0
ENSMMUG00000053345	1
ENSMMUG00000021906	0
ENSMMUG00000049003	102
ENSMMUG00000004558	6
ENSMMUG00000007235	0
ENSMMUG00000005505	2
ENSMMUG00000033267	0
ENSMMUG00000032410	10
ENSMMUG00000032429	81
ENSMMUG00000026347	0
ENSMMUG00000037445	0
ENSMMUG00000027947	0
ENSMMUG00000061397	0
ENSMMUG00000032428	0
ENSMMUG00000004559	2
ENSMMUG00000057608	0
ENSMMUG00000049618	2
ENSMMUG00000017795	1
ENSMMUG00000054859	0
ENSMMUG00000005507	0
ENSMMUG00000001689	16
ENSMMUG00000020059	10
ENSMMUG00000051358	2
ENSMMUG00000032779	0
ENSMMUG00000026906	0
ENSMMUG00000026852	0
ENSMMUG00000015814	0
ENSMMUG00000017797	65
ENSMMUG00000008751	5
ENSMMUG00000040340	4
ENSMMUG00000032427	175
ENSMMUG00000009015	1
ENSMMUG00000054030	0
ENSMMUG00000060933	2
ENSMMUG00000024400	0
ENSMMUG00000064487	1
ENSMMUG00000014052	1
ENSMMUG00000063721	0
ENSMMUG00000000669	0
ENSMMUG00000052223	0
ENSMMUG00000063935	5
ENSMMUG00000043370	0
ENSMMUG00000050189	26
ENSMMUG00000058131	21
ENSMMUG00000009012	1
ENSMMUG00000017569	8
ENSMMUG00000014055	2
ENSMMUG00000000667	0
ENSMMUG00000065185	28
ENSMMUG00000017409	4
ENSMMUG00000026268	0
ENSMMUG00000023688	0
ENSMMUG00000052573	0
ENSMMUG00000023689	0
ENSMMUG00000017405	0
ENSMMUG00000010157	0
ENSMMUG00000051483	0
ENSMMUG00000040560	0
ENSMMUG00000004797	0
ENSMMUG00000017277	37
ENSMMUG00000008760	2
ENSMMUG00000063934	0
ENSMMUG00000004798	1
ENSMMUG00000058700	0
ENSMMUG00000047741	0
ENSMMUG00000019363	2
ENSMMUG00000060538	0
ENSMMUG00000027890	0
ENSMMUG00000019167	0
ENSMMUG00000025929	0
ENSMMUG00000005433	6
ENSMMUG00000051722	0
ENSMMUG00000051337	1
ENSMMUG00000013199	0
ENSMMUG00000045112	0
ENSMMUG00000004955	0
ENSMMUG00000028363	0
ENSMMUG00000015190	0
ENSMMUG00000064062	0
ENSMMUG00000063685	0
ENSMMUG00000016237	9
ENSMMUG00000058447	0
ENSMMUG00000054244	0
ENSMMUG00000031356	0
ENSMMUG00000063091	0
ENSMMUG00000059639	0
ENSMMUG00000023494	1
ENSMMUG00000064374	0
ENSMMUG00000051095	1
ENSMMUG00000058975	0
ENSMMUG00000050987	0
ENSMMUG00000005768	6
ENSMMUG00000012612	0
ENSMMUG00000004188	2
ENSMMUG00000016238	19
ENSMMUG00000010617	5
ENSMMUG00000057911	0
ENSMMUG00000012613	4
ENSMMUG00000010620	4
ENSMMUG00000052149	0
ENSMMUG00000028211	0
ENSMMUG00000055688	0
ENSMMUG00000025417	0
ENSMMUG00000024169	0
ENSMMUG00000025889	0
ENSMMUG00000034768	0
ENSMMUG00000005772	8
ENSMMUG00000020557	2
ENSMMUG00000010598	0
ENSMMUG00000064597	9
ENSMMUG00000060911	1
ENSMMUG00000062906	0
ENSMMUG00000062044	0
ENSMMUG00000008231	0
ENSMMUG00000007339	1
ENSMMUG00000024805	38
ENSMMUG00000023021	5
ENSMMUG00000010245	0
ENSMMUG00000058988	0
ENSMMUG00000050500	58
ENSMMUG00000055172	0
ENSMMUG00000051947	0
ENSMMUG00000023022	9
ENSMMUG00000055907	0
ENSMMUG00000057909	0
ENSMMUG00000005304	0
ENSMMUG00000023024	20
ENSMMUG00000012894	0
ENSMMUG00000023025	4
ENSMMUG00000007345	1
ENSMMUG00000052357	0
ENSMMUG00000055699	0
ENSMMUG00000008618	3
ENSMMUG00000060776	0
ENSMMUG00000053952	0
ENSMMUG00000022578	0
ENSMMUG00000012899	0
ENSMMUG00000020481	8
ENSMMUG00000039691	0
ENSMMUG00000059560	0
ENSMMUG00000061027	2
ENSMMUG00000001433	0
ENSMMUG00000059127	0
ENSMMUG00000009476	0
ENSMMUG00000008623	6
ENSMMUG00000053727	0
ENSMMUG00000019969	0
ENSMMUG00000053499	4
ENSMMUG00000000466	0
ENSMMUG00000020479	0
ENSMMUG00000061897	0
ENSMMUG00000054587	0
ENSMMUG00000050298	4
ENSMMUG00000008624	151
ENSMMUG00000010251	9
ENSMMUG00000005084	0
ENSMMUG00000033572	0
ENSMMUG00000010253	6
ENSMMUG00000008429	164
ENSMMUG00000062127	0
ENSMMUG00000052111	3
ENSMMUG00000000671	1
ENSMMUG00000043981	0
ENSMMUG00000064134	0
ENSMMUG00000008422	1
ENSMMUG00000015095	0
ENSMMUG00000053538	424
ENSMMUG00000062677	0
ENSMMUG00000032367	22
ENSMMUG00000059069	8
ENSMMUG00000060076	0
ENSMMUG00000052252	0
ENSMMUG00000006801	0
ENSMMUG00000061009	1
ENSMMUG00000005663	13
ENSMMUG00000002333	0
ENSMMUG00000063715	0
ENSMMUG00000060931	9
ENSMMUG00000052314	0
ENSMMUG00000039807	0
ENSMMUG00000055745	0
ENSMMUG00000058345	0
ENSMMUG00000007059	0
ENSMMUG00000059954	0
ENSMMUG00000049723	0
ENSMMUG00000060311	0
ENSMMUG00000005063	0
ENSMMUG00000002887	0
ENSMMUG00000009481	0
ENSMMUG00000051189	0
ENSMMUG00000057638	0
ENSMMUG00000061765	2
ENSMMUG00000064879	0
ENSMMUG00000033713	0
ENSMMUG00000054239	0
ENSMMUG00000051319	0
ENSMMUG00000041376	0
ENSMMUG00000046702	0
ENSMMUG00000005065	3
ENSMMUG00000017015	0
ENSMMUG00000008425	0
ENSMMUG00000061075	3
ENSMMUG00000057779	0
ENSMMUG00000007939	0
ENSMMUG00000005066	0
ENSMMUG00000056351	0
ENSMMUG00000003082	0
ENSMMUG00000053592	0
ENSMMUG00000001138	0
ENSMMUG00000050506	0
ENSMMUG00000008428	7684
ENSMMUG00000023056	0
ENSMMUG00000057699	0
ENSMMUG00000022583	5
ENSMMUG00000025295	8
ENSMMUG00000047462	0
ENSMMUG00000022584	9
ENSMMUG00000064593	0
ENSMMUG00000027017	0
ENSMMUG00000050801	0
ENSMMUG00000054222	0
ENSMMUG00000036424	0
ENSMMUG00000033323	0
ENSMMUG00000051865	0
ENSMMUG00000059416	0
ENSMMUG00000027151	0
ENSMMUG00000065096	0
ENSMMUG00000061618	0
ENSMMUG00000026584	0
ENSMMUG00000020513	0
ENSMMUG00000056042	0
ENSMMUG00000023060	0
ENSMMUG00000045093	0
ENSMMUG00000057679	0
ENSMMUG00000048382	35
ENSMMUG00000016492	0
ENSMMUG00000052170	6
ENSMMUG00000042128	0
ENSMMUG00000056450	0
ENSMMUG00000052575	0
ENSMMUG00000000378	2
ENSMMUG00000025261	0
ENSMMUG00000049267	2
ENSMMUG00000060192	0
ENSMMUG00000015238	6
ENSMMUG00000048967	0
ENSMMUG00000020515	7
ENSMMUG00000017336	21
ENSMMUG00000011469	0
ENSMMUG00000032424	16
ENSMMUG00000017783	7
ENSMMUG00000061236	5
ENSMMUG00000053151	0
ENSMMUG00000052551	0
ENSMMUG00000056738	0
ENSMMUG00000054849	0
ENSMMUG00000065194	0
ENSMMUG00000004744	1
ENSMMUG00000041157	0
ENSMMUG00000064397	0
ENSMMUG00000026869	0
ENSMMUG00000026932	0
ENSMMUG00000033051	0
ENSMMUG00000051143	0
ENSMMUG00000002986	0
ENSMMUG00000054641	0
ENSMMUG00000002292	0
ENSMMUG00000026370	0
ENSMMUG00000060275	0
ENSMMUG00000019663	4
ENSMMUG00000003897	3
ENSMMUG00000052427	0
ENSMMUG00000058401	0
ENSMMUG00000054387	0
ENSMMUG00000049666	0
ENSMMUG00000023018	0
ENSMMUG00000023016	0
ENSMMUG00000019546	0
ENSMMUG00000051584	0
ENSMMUG00000057620	5
ENSMMUG00000025425	0
ENSMMUG00000054993	0
ENSMMUG00000017423	3
ENSMMUG00000017428	3
ENSMMUG00000014002	8
ENSMMUG00000016608	0
ENSMMUG00000050914	0
ENSMMUG00000035367	0
ENSMMUG00000008566	0
ENSMMUG00000034053	0
ENSMMUG00000059715	0
ENSMMUG00000010404	0
ENSMMUG00000057362	14
ENSMMUG00000058454	0
ENSMMUG00000061114	0
ENSMMUG00000055620	0
ENSMMUG00000011418	6
ENSMMUG00000041241	0
ENSMMUG00000063345	0
ENSMMUG00000053422	0
ENSMMUG00000061739	0
ENSMMUG00000056129	0
ENSMMUG00000063417	0
ENSMMUG00000049377	0
ENSMMUG00000059736	0
ENSMMUG00000004924	0
ENSMMUG00000061627	0
ENSMMUG00000034355	0
ENSMMUG00000056421	0
ENSMMUG00000010137	2
ENSMMUG00000011774	0
ENSMMUG00000004712	0
ENSMMUG00000019999	0
ENSMMUG00000010139	36
ENSMMUG00000058207	0
ENSMMUG00000054376	0
ENSMMUG00000020000	1
ENSMMUG00000021275	0
ENSMMUG00000034131	0
ENSMMUG00000017711	3
ENSMMUG00000053229	0
ENSMMUG00000064573	0
ENSMMUG00000052512	0
ENSMMUG00000051330	0
ENSMMUG00000058543	0
ENSMMUG00000060548	0
ENSMMUG00000054226	0
ENSMMUG00000052488	0
ENSMMUG00000039544	0
ENSMMUG00000061102	0
ENSMMUG00000059114	0
ENSMMUG00000063781	0
ENSMMUG00000054742	0
ENSMMUG00000049881	0
ENSMMUG00000018517	1
ENSMMUG00000054369	0
ENSMMUG00000045717	0
ENSMMUG00000054195	0
ENSMMUG00000058176	0
ENSMMUG00000039375	0
ENSMMUG00000007466	0
ENSMMUG00000050781	0
ENSMMUG00000065227	0
ENSMMUG00000042039	1
ENSMMUG00000007467	0
ENSMMUG00000023361	0
ENSMMUG00000056074	0
ENSMMUG00000064162	0
ENSMMUG00000007474	0
ENSMMUG00000064747	0
ENSMMUG00000023464	10
ENSMMUG00000061848	0
ENSMMUG00000062195	0
ENSMMUG00000060700	0
ENSMMUG00000016120	0
ENSMMUG00000062558	0
ENSMMUG00000049842	0
ENSMMUG00000009123	0
ENSMMUG00000050953	0
ENSMMUG00000061801	0
ENSMMUG00000014721	1
ENSMMUG00000062322	0
ENSMMUG00000040877	0
ENSMMUG00000002032	6
ENSMMUG00000054451	0
ENSMMUG00000014725	0
ENSMMUG00000052334	0
ENSMMUG00000029037	0
ENSMMUG00000017580	0
ENSMMUG00000053156	0
ENSMMUG00000029035	0
ENSMMUG00000020725	12
ENSMMUG00000017581	0
ENSMMUG00000029034	0
ENSMMUG00000033063	0
ENSMMUG00000014518	2
ENSMMUG00000014726	4
ENSMMUG00000061184	24
ENSMMUG00000064354	0
ENSMMUG00000053659	0
ENSMMUG00000057112	0
ENSMMUG00000027265	12
ENSMMUG00000033449	1
ENSMMUG00000046389	3
ENSMMUG00000002068	0
ENSMMUG00000014519	6
ENSMMUG00000008635	0
ENSMMUG00000019212	24
ENSMMUG00000014786	0
ENSMMUG00000006663	0
ENSMMUG00000054351	1393
ENSMMUG00000063095	0
ENSMMUG00000004846	0
ENSMMUG00000006664	12
ENSMMUG00000060332	0
ENSMMUG00000019209	0
ENSMMUG00000063301	0
ENSMMUG00000054823	0
ENSMMUG00000016485	0
ENSMMUG00000061241	0
ENSMMUG00000004011	1
ENSMMUG00000005870	4
ENSMMUG00000000266	0
ENSMMUG00000019208	0
ENSMMUG00000004296	0
ENSMMUG00000063531	0
ENSMMUG00000053962	0
ENSMMUG00000024448	0
ENSMMUG00000005631	0
ENSMMUG00000050392	0
ENSMMUG00000019206	1
ENSMMUG00000013017	75
ENSMMUG00000049401	3
ENSMMUG00000063764	0
ENSMMUG00000004903	0
ENSMMUG00000021191	0
ENSMMUG00000062330	0
ENSMMUG00000029032	0
ENSMMUG00000010963	0
ENSMMUG00000013022	12
ENSMMUG00000050140	0
ENSMMUG00000053238	0
ENSMMUG00000033888	0
ENSMMUG00000063525	3
ENSMMUG00000057151	0
ENSMMUG00000061302	45
ENSMMUG00000056538	0
ENSMMUG00000046825	0
ENSMMUG00000064863	0
ENSMMUG00000010891	13
ENSMMUG00000013392	0
ENSMMUG00000035708	0
ENSMMUG00000019149	0
ENSMMUG00000065011	0
ENSMMUG00000057098	187
ENSMMUG00000057685	0
ENSMMUG00000049102	0
ENSMMUG00000061259	0
ENSMMUG00000063044	0
ENSMMUG00000051364	0
ENSMMUG00000014431	0
ENSMMUG00000064286	0
ENSMMUG00000019646	4
ENSMMUG00000014702	0
ENSMMUG00000013396	0
ENSMMUG00000014432	13
ENSMMUG00000059519	0
ENSMMUG00000062806	0
ENSMMUG00000028504	0
ENSMMUG00000013028	0
ENSMMUG00000019481	0
ENSMMUG00000015144	0
ENSMMUG00000008351	5
ENSMMUG00000002788	0
ENSMMUG00000013029	0
ENSMMUG00000065244	0
ENSMMUG00000062432	0
ENSMMUG00000054283	0
ENSMMUG00000062841	0
ENSMMUG00000002594	0
ENSMMUG00000013031	1
ENSMMUG00000048066	0
ENSMMUG00000065153	0
ENSMMUG00000056864	0
ENSMMUG00000060376	0
ENSMMUG00000045045	0
ENSMMUG00000038885	0
ENSMMUG00000005828	0
ENSMMUG00000050370	128
ENSMMUG00000051185	0
ENSMMUG00000061227	0
ENSMMUG00000002595	0
ENSMMUG00000020794	9
ENSMMUG00000023115	0
ENSMMUG00000020185	1
ENSMMUG00000056159	0
ENSMMUG00000002599	0
ENSMMUG00000002601	0
ENSMMUG00000020186	14
ENSMMUG00000057799	0
ENSMMUG00000062994	0
ENSMMUG00000053488	3
ENSMMUG00000051805	0
ENSMMUG00000061720	0
ENSMMUG00000051836	0
ENSMMUG00000056599	0
ENSMMUG00000002607	12
ENSMMUG00000039125	0
ENSMMUG00000063923	0
ENSMMUG00000063071	0
ENSMMUG00000057030	0
ENSMMUG00000013032	0
ENSMMUG00000000163	0
ENSMMUG00000056085	60
ENSMMUG00000005557	67
ENSMMUG00000046567	0
ENSMMUG00000026995	0
ENSMMUG00000056180	0
ENSMMUG00000049973	0
ENSMMUG00000023226	2
ENSMMUG00000045043	0
ENSMMUG00000064084	0
ENSMMUG00000058797	0
ENSMMUG00000052557	0
ENSMMUG00000028999	0
ENSMMUG00000052651	0
ENSMMUG00000005363	2
ENSMMUG00000057074	0
ENSMMUG00000064526	0
ENSMMUG00000026033	13
ENSMMUG00000016375	0
ENSMMUG00000045021	10
ENSMMUG00000013516	3
ENSMMUG00000014438	0
ENSMMUG00000005558	1
ENSMMUG00000056740	0
ENSMMUG00000019866	3
ENSMMUG00000065332	1
ENSMMUG00000059763	0
ENSMMUG00000057448	1
ENSMMUG00000005561	0
ENSMMUG00000050007	46
ENSMMUG00000056225	1
ENSMMUG00000061382	0
ENSMMUG00000064935	0
ENSMMUG00000025355	0
ENSMMUG00000061322	0
ENSMMUG00000006710	0
ENSMMUG00000054755	0
ENSMMUG00000035898	0
ENSMMUG00000028324	0
ENSMMUG00000063243	1
ENSMMUG00000051797	0
ENSMMUG00000027116	0
ENSMMUG00000008045	10
ENSMMUG00000064929	0
ENSMMUG00000004568	0
ENSMMUG00000015490	0
ENSMMUG00000021157	3
ENSMMUG00000015491	66
ENSMMUG00000047716	0
ENSMMUG00000007068	0
ENSMMUG00000020010	0
ENSMMUG00000051636	0
ENSMMUG00000064789	75
ENSMMUG00000062934	0
ENSMMUG00000005659	0
ENSMMUG00000064351	0
ENSMMUG00000016195	0
ENSMMUG00000002296	0
ENSMMUG00000055270	0
ENSMMUG00000049855	0
ENSMMUG00000050268	0
ENSMMUG00000053137	0
ENSMMUG00000052407	0
ENSMMUG00000061159	1
ENSMMUG00000015493	4
ENSMMUG00000051983	0
ENSMMUG00000065188	0
ENSMMUG00000058378	0
ENSMMUG00000056333	134
ENSMMUG00000012981	0
ENSMMUG00000017713	0
ENSMMUG00000062368	0
ENSMMUG00000015494	36
ENSMMUG00000017992	0
ENSMMUG00000035173	0
ENSMMUG00000014442	3
ENSMMUG00000025594	40
ENSMMUG00000025908	0
ENSMMUG00000014445	0
ENSMMUG00000047028	13
ENSMMUG00000001872	0
ENSMMUG00000021112	0
ENSMMUG00000002336	0
ENSMMUG00000047440	0
ENSMMUG00000026396	0
ENSMMUG00000021113	0
ENSMMUG00000033622	0
ENSMMUG00000006049	0
ENSMMUG00000001873	35
ENSMMUG00000037751	0
ENSMMUG00000018520	16
ENSMMUG00000044812	0
ENSMMUG00000006050	0
ENSMMUG00000034868	1
ENSMMUG00000064165	0
ENSMMUG00000058752	0
ENSMMUG00000058362	0
ENSMMUG00000051484	0
ENSMMUG00000061437	0
ENSMMUG00000020467	0
ENSMMUG00000003535	26
ENSMMUG00000005356	14
ENSMMUG00000001878	47
ENSMMUG00000057219	2
ENSMMUG00000021991	90
ENSMMUG00000014802	0
ENSMMUG00000003538	15
ENSMMUG00000034343	0
ENSMMUG00000005358	27
ENSMMUG00000021994	19
ENSMMUG00000058396	0
ENSMMUG00000034699	0
ENSMMUG00000050614	0
ENSMMUG00000018345	0
ENSMMUG00000051906	0
ENSMMUG00000050490	0
ENSMMUG00000004229	0
ENSMMUG00000028923	0
ENSMMUG00000064817	0
ENSMMUG00000051367	0
ENSMMUG00000049337	0
ENSMMUG00000052501	0
ENSMMUG00000029026	0
ENSMMUG00000050868	0
ENSMMUG00000039907	0
ENSMMUG00000013149	41
ENSMMUG00000007540	0
ENSMMUG00000022303	0
ENSMMUG00000047542	0
ENSMMUG00000023778	0
ENSMMUG00000003542	0
ENSMMUG00000045492	0
ENSMMUG00000064591	0
ENSMMUG00000059238	0
ENSMMUG00000048076	1
ENSMMUG00000053266	0
ENSMMUG00000001153	0
ENSMMUG00000057945	5
ENSMMUG00000054878	0
ENSMMUG00000059929	0
ENSMMUG00000061712	6
ENSMMUG00000021759	0
ENSMMUG00000014947	0
ENSMMUG00000063484	0
ENSMMUG00000054991	12
ENSMMUG00000050530	0
ENSMMUG00000013151	0
ENSMMUG00000050589	0
ENSMMUG00000053001	0
ENSMMUG00000053228	2
ENSMMUG00000007542	9
ENSMMUG00000019414	0
ENSMMUG00000049866	0
ENSMMUG00000054106	0
ENSMMUG00000026854	0
ENSMMUG00000050894	0
ENSMMUG00000053718	0
ENSMMUG00000028040	8
ENSMMUG00000044796	22
ENSMMUG00000016653	6
ENSMMUG00000054888	0
ENSMMUG00000051490	0
ENSMMUG00000046772	0
ENSMMUG00000015347	6
ENSMMUG00000060062	0
ENSMMUG00000001151	0
ENSMMUG00000053247	0
ENSMMUG00000057234	0
ENSMMUG00000057040	0
ENSMMUG00000051362	0
ENSMMUG00000059425	0
ENSMMUG00000050152	0
ENSMMUG00000064506	0
ENSMMUG00000047109	0
ENSMMUG00000062518	0
ENSMMUG00000050207	0
ENSMMUG00000032704	0
ENSMMUG00000051434	0
ENSMMUG00000016655	0
ENSMMUG00000041416	0
ENSMMUG00000014183	0
ENSMMUG00000016496	1
ENSMMUG00000062531	0
ENSMMUG00000056749	3
ENSMMUG00000051700	0
ENSMMUG00000050549	0
ENSMMUG00000009796	4
ENSMMUG00000065198	0
ENSMMUG00000027072	0
ENSMMUG00000060038	0
ENSMMUG00000008804	0
ENSMMUG00000059137	0
ENSMMUG00000008808	8
ENSMMUG00000016658	0
ENSMMUG00000013578	50
ENSMMUG00000000573	0
ENSMMUG00000050202	0
ENSMMUG00000059680	0
ENSMMUG00000033023	0
ENSMMUG00000000963	0
ENSMMUG00000023342	4
ENSMMUG00000042698	0
ENSMMUG00000054404	11
ENSMMUG00000003878	0
ENSMMUG00000058134	0
ENSMMUG00000013579	19
ENSMMUG00000057720	0
ENSMMUG00000062721	0
ENSMMUG00000026681	0
ENSMMUG00000055454	0
ENSMMUG00000060329	0
ENSMMUG00000061917	0
ENSMMUG00000049586	0
ENSMMUG00000064734	0
ENSMMUG00000019392	0
ENSMMUG00000064718	0
ENSMMUG00000047024	0
ENSMMUG00000028901	4
ENSMMUG00000015487	2
ENSMMUG00000024008	0
ENSMMUG00000053810	182
ENSMMUG00000014210	1
ENSMMUG00000015360	1
ENSMMUG00000037358	0
ENSMMUG00000056356	0
ENSMMUG00000054178	0
ENSMMUG00000061844	0
ENSMMUG00000020095	0
ENSMMUG00000055363	0
ENSMMUG00000020987	0
ENSMMUG00000058191	0
ENSMMUG00000055656	0
ENSMMUG00000020863	0
ENSMMUG00000062257	0
ENSMMUG00000025615	0
ENSMMUG00000019337	0
ENSMMUG00000046056	0
ENSMMUG00000051070	0
ENSMMUG00000053293	0
ENSMMUG00000051948	0
ENSMMUG00000053837	0
ENSMMUG00000050299	0
ENSMMUG00000062902	0
ENSMMUG00000036815	0
ENSMMUG00000051137	0
ENSMMUG00000063568	0
ENSMMUG00000008223	0
ENSMMUG00000052421	0
ENSMMUG00000054431	0
ENSMMUG00000051396	0
ENSMMUG00000059617	0
ENSMMUG00000041901	0
ENSMMUG00000002628	0
ENSMMUG00000001432	1
ENSMMUG00000041736	0
ENSMMUG00000048476	0
ENSMMUG00000002626	0
ENSMMUG00000038208	0
ENSMMUG00000019877	0
ENSMMUG00000027680	0
ENSMMUG00000002625	0
ENSMMUG00000008926	0
ENSMMUG00000000165	27
ENSMMUG00000060771	0
ENSMMUG00000007694	0
ENSMMUG00000057165	7
ENSMMUG00000062642	0
ENSMMUG00000018519	0
ENSMMUG00000049486	0
ENSMMUG00000052962	0
ENSMMUG00000022452	5
ENSMMUG00000061707	0
ENSMMUG00000020072	11
ENSMMUG00000049566	0
ENSMMUG00000028899	0
ENSMMUG00000019458	0
ENSMMUG00000042112	0
ENSMMUG00000018303	0
ENSMMUG00000050706	0
ENSMMUG00000041404	0
ENSMMUG00000060008	0
ENSMMUG00000056230	0
ENSMMUG00000065107	0
ENSMMUG00000013631	0
ENSMMUG00000000959	0
ENSMMUG00000061511	0
ENSMMUG00000015497	0
ENSMMUG00000050257	0
ENSMMUG00000062255	7
ENSMMUG00000057496	9
ENSMMUG00000062307	0
ENSMMUG00000064147	0
ENSMMUG00000007115	0
ENSMMUG00000054806	0
ENSMMUG00000057141	0
ENSMMUG00000061197	0
ENSMMUG00000054586	0
ENSMMUG00000006370	0
ENSMMUG00000054747	0
ENSMMUG00000005920	0
ENSMMUG00000051080	0
ENSMMUG00000021680	0
ENSMMUG00000052632	1
ENSMMUG00000006380	7
ENSMMUG00000016385	0
ENSMMUG00000006381	7
ENSMMUG00000013741	0
ENSMMUG00000054822	0
ENSMMUG00000042006	0
ENSMMUG00000054671	0
ENSMMUG00000020073	0
ENSMMUG00000014383	7
ENSMMUG00000047485	0
ENSMMUG00000024764	0
ENSMMUG00000058389	0
ENSMMUG00000064281	1
ENSMMUG00000014890	52
ENSMMUG00000053292	0
ENSMMUG00000014891	1
ENSMMUG00000060252	0
ENSMMUG00000051693	0
ENSMMUG00000050227	2
ENSMMUG00000062142	0
ENSMMUG00000062276	0
ENSMMUG00000053642	0
ENSMMUG00000057050	0
ENSMMUG00000017815	0
ENSMMUG00000005710	0
ENSMMUG00000034782	0
ENSMMUG00000051835	0
ENSMMUG00000026829	0
ENSMMUG00000006307	311
ENSMMUG00000064440	0
ENSMMUG00000060948	0
ENSMMUG00000056926	0
ENSMMUG00000000129	10
ENSMMUG00000028952	0
ENSMMUG00000058330	4
ENSMMUG00000000130	1
ENSMMUG00000059348	0
ENSMMUG00000022185	0
ENSMMUG00000006308	3
ENSMMUG00000061280	0
ENSMMUG00000024821	0
ENSMMUG00000002811	0
ENSMMUG00000017889	1
ENSMMUG00000060521	0
ENSMMUG00000052856	0
ENSMMUG00000001751	0
ENSMMUG00000054349	0
ENSMMUG00000028699	0
ENSMMUG00000063555	0
ENSMMUG00000022186	90
ENSMMUG00000028701	0
ENSMMUG00000016124	0
ENSMMUG00000013193	0
ENSMMUG00000060991	0
ENSMMUG00000046159	0
ENSMMUG00000058682	0
ENSMMUG00000055409	0
ENSMMUG00000058939	0
ENSMMUG00000004411	0
ENSMMUG00000051248	0
ENSMMUG00000002781	0
ENSMMUG00000046186	0
ENSMMUG00000050072	0
ENSMMUG00000060887	0
ENSMMUG00000061412	0
ENSMMUG00000003347	0
ENSMMUG00000024077	0
ENSMMUG00000058146	0
ENSMMUG00000054031	20
ENSMMUG00000055726	0
ENSMMUG00000057592	1
ENSMMUG00000050509	0
ENSMMUG00000001653	3
ENSMMUG00000008439	0
ENSMMUG00000001655	15
ENSMMUG00000046641	0
ENSMMUG00000061460	0
ENSMMUG00000064054	0
ENSMMUG00000058679	0
ENSMMUG00000060043	0
ENSMMUG00000053213	0
ENSMMUG00000000507	0
ENSMMUG00000058485	0
ENSMMUG00000002740	0
ENSMMUG00000036719	0
ENSMMUG00000054815	0
ENSMMUG00000046685	0
ENSMMUG00000064683	6
ENSMMUG00000051817	7
ENSMMUG00000022369	1
ENSMMUG00000042459	0
ENSMMUG00000040527	0
ENSMMUG00000009990	5
ENSMMUG00000045178	0
ENSMMUG00000051824	0
ENSMMUG00000028468	0
ENSMMUG00000054136	0
ENSMMUG00000026131	0
ENSMMUG00000025988	0
ENSMMUG00000008438	0
ENSMMUG00000037814	0
ENSMMUG00000025250	0
ENSMMUG00000061163	0
ENSMMUG00000038421	0
ENSMMUG00000057574	0
ENSMMUG00000009969	0
ENSMMUG00000014601	5
ENSMMUG00000062103	3
ENSMMUG00000055843	0
ENSMMUG00000034106	0
ENSMMUG00000033038	0
ENSMMUG00000050863	163
ENSMMUG00000041898	0
ENSMMUG00000024276	0
ENSMMUG00000053576	19
ENSMMUG00000064866	1
ENSMMUG00000059806	66
ENSMMUG00000065256	0
ENSMMUG00000057344	0
ENSMMUG00000044413	0
ENSMMUG00000060708	0
ENSMMUG00000064438	0
ENSMMUG00000063507	0
ENSMMUG00000055042	0
ENSMMUG00000052804	0
ENSMMUG00000014830	0
ENSMMUG00000057267	13
ENSMMUG00000020909	0
ENSMMUG00000062566	0
ENSMMUG00000065247	0
ENSMMUG00000063928	0
ENSMMUG00000054960	5
ENSMMUG00000027220	0
ENSMMUG00000055361	0
ENSMMUG00000049426	0
ENSMMUG00000018500	12
ENSMMUG00000059842	1
ENSMMUG00000061203	20
ENSMMUG00000065102	122
ENSMMUG00000022933	52
ENSMMUG00000059932	5
ENSMMUG00000033055	0
ENSMMUG00000010939	0
ENSMMUG00000005317	0
ENSMMUG00000028974	0
ENSMMUG00000011263	200
ENSMMUG00000051833	0
ENSMMUG00000058733	2
ENSMMUG00000005318	0
ENSMMUG00000055289	0
ENSMMUG00000064813	0
ENSMMUG00000001100	0
ENSMMUG00000007909	0
ENSMMUG00000062503	7
ENSMMUG00000011262	16
ENSMMUG00000015978	8
ENSMMUG00000064769	0
ENSMMUG00000001633	2
ENSMMUG00000006543	0
ENSMMUG00000054167	0
ENSMMUG00000010354	1
ENSMMUG00000001639	6
ENSMMUG00000058642	0
ENSMMUG00000000639	0
ENSMMUG00000017296	37
ENSMMUG00000055757	8
ENSMMUG00000053994	0
ENSMMUG00000003348	0
ENSMMUG00000057926	13
ENSMMUG00000001641	6
ENSMMUG00000045173	0
ENSMMUG00000001516	3
ENSMMUG00000065157	2
ENSMMUG00000017297	71
ENSMMUG00000021585	0
ENSMMUG00000056605	0
ENSMMUG00000058626	0
ENSMMUG00000001645	22
ENSMMUG00000008028	22
ENSMMUG00000056084	0
ENSMMUG00000021586	0
ENSMMUG00000057537	12
ENSMMUG00000012513	1
ENSMMUG00000062631	0
ENSMMUG00000050734	0
ENSMMUG00000010971	1
ENSMMUG00000010180	3
ENSMMUG00000045333	0
ENSMMUG00000007429	0
ENSMMUG00000021587	0
ENSMMUG00000024307	0
ENSMMUG00000028474	0
ENSMMUG00000054336	1
ENSMMUG00000060826	0
ENSMMUG00000026461	0
ENSMMUG00000000886	0
ENSMMUG00000063325	0
ENSMMUG00000007576	0
ENSMMUG00000000887	0
ENSMMUG00000010179	0
ENSMMUG00000052953	0
ENSMMUG00000006437	0
ENSMMUG00000043605	0
ENSMMUG00000060833	0
ENSMMUG00000012043	0
ENSMMUG00000014668	0
ENSMMUG00000014664	9
ENSMMUG00000022419	0
ENSMMUG00000024515	0
ENSMMUG00000055940	5
ENSMMUG00000010748	6
ENSMMUG00000049278	0
ENSMMUG00000056803	0
ENSMMUG00000037723	0
ENSMMUG00000013974	0
ENSMMUG00000017038	0
ENSMMUG00000064385	0
ENSMMUG00000051967	0
ENSMMUG00000016714	0
ENSMMUG00000051903	24
ENSMMUG00000062261	0
ENSMMUG00000058369	0
ENSMMUG00000055537	10
ENSMMUG00000037123	0
ENSMMUG00000029018	23
ENSMMUG00000058943	6
ENSMMUG00000010151	23
ENSMMUG00000064035	1
ENSMMUG00000020612	12
ENSMMUG00000048146	0
ENSMMUG00000064249	25
ENSMMUG00000013770	1
ENSMMUG00000015345	0
ENSMMUG00000014257	34
ENSMMUG00000010582	0
ENSMMUG00000062955	0
ENSMMUG00000054435	0
ENSMMUG00000060658	0
ENSMMUG00000011584	0
ENSMMUG00000024653	13
ENSMMUG00000051449	0
ENSMMUG00000058591	0
ENSMMUG00000040545	0
ENSMMUG00000049472	0
ENSMMUG00000023208	2
ENSMMUG00000026853	0
ENSMMUG00000015348	9
ENSMMUG00000061738	0
ENSMMUG00000032825	0
ENSMMUG00000023210	0
ENSMMUG00000053415	0
ENSMMUG00000021153	1
ENSMMUG00000001187	0
ENSMMUG00000060037	0
ENSMMUG00000043699	0
ENSMMUG00000064608	0
ENSMMUG00000000965	0
ENSMMUG00000062163	0
ENSMMUG00000005141	0
ENSMMUG00000050149	4
ENSMMUG00000015585	6
ENSMMUG00000034141	0
ENSMMUG00000055420	4
ENSMMUG00000020598	0
ENSMMUG00000053025	17
ENSMMUG00000005143	0
ENSMMUG00000057609	0
ENSMMUG00000052285	40
ENSMMUG00000049428	0
ENSMMUG00000011105	5
ENSMMUG00000013552	0
ENSMMUG00000055503	0
ENSMMUG00000059091	0
ENSMMUG00000049695	2
ENSMMUG00000015588	34
ENSMMUG00000005760	0
ENSMMUG00000043506	46
ENSMMUG00000050261	0
ENSMMUG00000052912	0
ENSMMUG00000007764	0
ENSMMUG00000021588	0
ENSMMUG00000040973	35
ENSMMUG00000055653	0
ENSMMUG00000063328	0
ENSMMUG00000027214	0
ENSMMUG00000059443	0
ENSMMUG00000057265	0
ENSMMUG00000063698	0
ENSMMUG00000061544	1
ENSMMUG00000041905	0
ENSMMUG00000065255	18
ENSMMUG00000000208	0
ENSMMUG00000025513	0
ENSMMUG00000025789	0
ENSMMUG00000054761	0
ENSMMUG00000050623	9
ENSMMUG00000008867	4
ENSMMUG00000013558	5
ENSMMUG00000055393	0
ENSMMUG00000055693	0
ENSMMUG00000009470	2
ENSMMUG00000044001	0
ENSMMUG00000059017	2
ENSMMUG00000052548	12
ENSMMUG00000059429	0
ENSMMUG00000049921	7
ENSMMUG00000023907	0
ENSMMUG00000003177	0
ENSMMUG00000028881	2
ENSMMUG00000003178	0
ENSMMUG00000052821	0
ENSMMUG00000008774	63
ENSMMUG00000062436	42
ENSMMUG00000056298	0
ENSMMUG00000012145	1
ENSMMUG00000014308	0
ENSMMUG00000055078	0
ENSMMUG00000058279	0
ENSMMUG00000009472	0
ENSMMUG00000038942	2
ENSMMUG00000062913	0
ENSMMUG00000033970	0
ENSMMUG00000027796	0
ENSMMUG00000023646	62
ENSMMUG00000013379	28
ENSMMUG00000059825	0
ENSMMUG00000006281	0
ENSMMUG00000034741	0
ENSMMUG00000016708	1
ENSMMUG00000028891	0
ENSMMUG00000008777	0
ENSMMUG00000053362	4
ENSMMUG00000060041	0
ENSMMUG00000051921	25
ENSMMUG00000042420	0
ENSMMUG00000013408	0
ENSMMUG00000064889	0
ENSMMUG00000012718	1
ENSMMUG00000062105	0
ENSMMUG00000058938	0
ENSMMUG00000060983	0
ENSMMUG00000014423	29
ENSMMUG00000064333	0
ENSMMUG00000011550	4
ENSMMUG00000049466	0
ENSMMUG00000040196	0
ENSMMUG00000047166	0
ENSMMUG00000022087	1
ENSMMUG00000002108	2
ENSMMUG00000056685	0
ENSMMUG00000055650	7
ENSMMUG00000023112	0
ENSMMUG00000033233	0
ENSMMUG00000056210	0
ENSMMUG00000063093	0
ENSMMUG00000060509	4
ENSMMUG00000009500	0
ENSMMUG00000063793	0
ENSMMUG00000011549	0
ENSMMUG00000054947	0
ENSMMUG00000011548	2
ENSMMUG00000047354	0
ENSMMUG00000047773	0
ENSMMUG00000059181	0
ENSMMUG00000064525	0
ENSMMUG00000049729	0
ENSMMUG00000000388	65
ENSMMUG00000055327	0
ENSMMUG00000018670	0
ENSMMUG00000013742	0
ENSMMUG00000061014	0
ENSMMUG00000005876	0
ENSMMUG00000064857	0
ENSMMUG00000060575	0
ENSMMUG00000016080	3
ENSMMUG00000037475	0
ENSMMUG00000013675	2
ENSMMUG00000063207	0
ENSMMUG00000049782	0
ENSMMUG00000016082	5
ENSMMUG00000010092	0
ENSMMUG00000016084	0
ENSMMUG00000014424	9
ENSMMUG00000054513	0
ENSMMUG00000054014	0
ENSMMUG00000009144	0
ENSMMUG00000058708	0
ENSMMUG00000053060	0
ENSMMUG00000019159	4
ENSMMUG00000058039	0
ENSMMUG00000056742	9
ENSMMUG00000000449	0
ENSMMUG00000055148	0
ENSMMUG00000012531	16
ENSMMUG00000000451	3
ENSMMUG00000025206	0
ENSMMUG00000065334	458
ENSMMUG00000058421	0
ENSMMUG00000013676	14
ENSMMUG00000052489	0
ENSMMUG00000061932	0
ENSMMUG00000033180	0
ENSMMUG00000004008	0
ENSMMUG00000061369	6
ENSMMUG00000009755	1
ENSMMUG00000061246	0
ENSMMUG00000059779	0
ENSMMUG00000058738	0
ENSMMUG00000004009	9
ENSMMUG00000054577	0
ENSMMUG00000044618	0
ENSMMUG00000013775	1
ENSMMUG00000059513	0
ENSMMUG00000048376	0
ENSMMUG00000006729	4
ENSMMUG00000013777	2
ENSMMUG00000004918	0
ENSMMUG00000005155	0
ENSMMUG00000006103	0
ENSMMUG00000023015	0
ENSMMUG00000056202	0
ENSMMUG00000041153	0
ENSMMUG00000041073	0
ENSMMUG00000050147	0
ENSMMUG00000059575	0
ENSMMUG00000026545	4
ENSMMUG00000038661	0
ENSMMUG00000000975	4
ENSMMUG00000021514	0
ENSMMUG00000051525	0
ENSMMUG00000003018	0
ENSMMUG00000016023	0
ENSMMUG00000024070	0
ENSMMUG00000054169	0
ENSMMUG00000035068	0
ENSMMUG00000032988	24
ENSMMUG00000050527	0
ENSMMUG00000058500	0
ENSMMUG00000022326	0
ENSMMUG00000010440	0
ENSMMUG00000021515	0
ENSMMUG00000027123	0
ENSMMUG00000027064	0
ENSMMUG00000024240	0
ENSMMUG00000064381	0
ENSMMUG00000018815	1
ENSMMUG00000057482	0
ENSMMUG00000054374	0
ENSMMUG00000062757	0
ENSMMUG00000061730	0
ENSMMUG00000049279	0
ENSMMUG00000022248	0
ENSMMUG00000019958	66
ENSMMUG00000011040	0
ENSMMUG00000026087	0
ENSMMUG00000040070	0
ENSMMUG00000060139	0
ENSMMUG00000016186	0
ENSMMUG00000001091	8
ENSMMUG00000058310	0
ENSMMUG00000060194	0
ENSMMUG00000002774	0
ENSMMUG00000059569	5
ENSMMUG00000016187	5
ENSMMUG00000051005	0
ENSMMUG00000054757	0
ENSMMUG00000020326	0
ENSMMUG00000062031	0
ENSMMUG00000034903	0
ENSMMUG00000056458	0
ENSMMUG00000018706	0
ENSMMUG00000059362	0
ENSMMUG00000035747	0
ENSMMUG00000058367	0
ENSMMUG00000052367	0
ENSMMUG00000055056	0
ENSMMUG00000055674	0
ENSMMUG00000050137	36
ENSMMUG00000054540	0
ENSMMUG00000012559	0
ENSMMUG00000033077	0
ENSMMUG00000023352	0
ENSMMUG00000021516	2
ENSMMUG00000007161	3
ENSMMUG00000022044	0
ENSMMUG00000050319	103
ENSMMUG00000053596	0
ENSMMUG00000064531	0
ENSMMUG00000063824	0
ENSMMUG00000052803	0
ENSMMUG00000025133	0
ENSMMUG00000058150	0
ENSMMUG00000004386	41
ENSMMUG00000036662	0
ENSMMUG00000007152	283
ENSMMUG00000035686	0
ENSMMUG00000004573	0
ENSMMUG00000023408	0
ENSMMUG00000007342	0
ENSMMUG00000050990	0
ENSMMUG00000007149	25
ENSMMUG00000054706	0
ENSMMUG00000025474	0
ENSMMUG00000061687	89
ENSMMUG00000058924	0
ENSMMUG00000004387	7
ENSMMUG00000035669	0
ENSMMUG00000001040	0
ENSMMUG00000047643	0
ENSMMUG00000051402	0
ENSMMUG00000007155	26
ENSMMUG00000054088	0
ENSMMUG00000021517	0
ENSMMUG00000023274	0
ENSMMUG00000007157	0
ENSMMUG00000053037	0
ENSMMUG00000005067	0
ENSMMUG00000051088	0
ENSMMUG00000062487	0
ENSMMUG00000055519	0
ENSMMUG00000064844	0
ENSMMUG00000014717	2
ENSMMUG00000060251	0
ENSMMUG00000009958	0
ENSMMUG00000056404	0
ENSMMUG00000022476	1
ENSMMUG00000016016	0
ENSMMUG00000058106	0
ENSMMUG00000054347	0
ENSMMUG00000050518	0
ENSMMUG00000049293	0
ENSMMUG00000009952	0
ENSMMUG00000014716	22
ENSMMUG00000027816	0
ENSMMUG00000022478	1
ENSMMUG00000062333	1
ENSMMUG00000007151	0
ENSMMUG00000053040	0
ENSMMUG00000045425	0
ENSMMUG00000037508	0
ENSMMUG00000012560	0
ENSMMUG00000024016	0
ENSMMUG00000064490	0
ENSMMUG00000016018	0
ENSMMUG00000064221	0
ENSMMUG00000007479	23
ENSMMUG00000055934	0
ENSMMUG00000062069	0
ENSMMUG00000003435	0
ENSMMUG00000045821	0
ENSMMUG00000063726	0
ENSMMUG00000064292	0
ENSMMUG00000061745	0
ENSMMUG00000059464	0
ENSMMUG00000004064	1
ENSMMUG00000000892	0
ENSMMUG00000051369	3
ENSMMUG00000060762	10
ENSMMUG00000052475	0
ENSMMUG00000063170	0
ENSMMUG00000062070	0
ENSMMUG00000064656	0
ENSMMUG00000034608	0
ENSMMUG00000023475	2
ENSMMUG00000017786	2
ENSMMUG00000008783	0
ENSMMUG00000061939	0
ENSMMUG00000058777	0
ENSMMUG00000060738	0
ENSMMUG00000016019	0
ENSMMUG00000065310	0
ENSMMUG00000010152	0
ENSMMUG00000053131	0
ENSMMUG00000045300	0
ENSMMUG00000007480	0
ENSMMUG00000052470	0
ENSMMUG00000015647	0
ENSMMUG00000044908	0
ENSMMUG00000001087	0
ENSMMUG00000033986	0
ENSMMUG00000051729	0
ENSMMUG00000049797	0
ENSMMUG00000028472	0
ENSMMUG00000020283	0
ENSMMUG00000064462	0
ENSMMUG00000063500	0
ENSMMUG00000065046	0
ENSMMUG00000038290	0
ENSMMUG00000034269	0
ENSMMUG00000007486	0
ENSMMUG00000010189	0
ENSMMUG00000006489	9
ENSMMUG00000020284	0
ENSMMUG00000017700	16
ENSMMUG00000062788	0
ENSMMUG00000041944	0
ENSMMUG00000057070	0
ENSMMUG00000043484	0
ENSMMUG00000026317	0
ENSMMUG00000051951	0
ENSMMUG00000056417	0
ENSMMUG00000040636	0
ENSMMUG00000041834	0
ENSMMUG00000025460	0
ENSMMUG00000020285	3
ENSMMUG00000050254	0
ENSMMUG00000061889	0
ENSMMUG00000019723	0
ENSMMUG00000064310	0
ENSMMUG00000041072	0
ENSMMUG00000043850	0
ENSMMUG00000010190	1
ENSMMUG00000038977	0
ENSMMUG00000061278	0
ENSMMUG00000006943	0
ENSMMUG00000051219	0
ENSMMUG00000059257	0
ENSMMUG00000051162	0
ENSMMUG00000025572	0
ENSMMUG00000060954	0
ENSMMUG00000038015	0
ENSMMUG00000015417	28
ENSMMUG00000014724	39
ENSMMUG00000003591	0
ENSMMUG00000058283	0
ENSMMUG00000055677	0
ENSMMUG00000038318	0
ENSMMUG00000053114	0
ENSMMUG00000051999	0
ENSMMUG00000045410	0
ENSMMUG00000044714	0
ENSMMUG00000020995	0
ENSMMUG00000001338	0
ENSMMUG00000014728	46
ENSMMUG00000028933	0
ENSMMUG00000022511	39
ENSMMUG00000024660	0
ENSMMUG00000016022	2
ENSMMUG00000014981	34
ENSMMUG00000042191	0
ENSMMUG00000006037	0
ENSMMUG00000060321	13
ENSMMUG00000000825	121
ENSMMUG00000039391	0
ENSMMUG00000052668	3
ENSMMUG00000056131	32
ENSMMUG00000013157	0
ENSMMUG00000020996	0
ENSMMUG00000062360	0
ENSMMUG00000006033	0
ENSMMUG00000039515	4
ENSMMUG00000063896	0
ENSMMUG00000005539	0
ENSMMUG00000052189	0
ENSMMUG00000020765	0
ENSMMUG00000010244	31
ENSMMUG00000050102	1
ENSMMUG00000033780	0
ENSMMUG00000064253	0
ENSMMUG00000051150	0
ENSMMUG00000050988	12
ENSMMUG00000040361	0
ENSMMUG00000028886	0
ENSMMUG00000054423	7
ENSMMUG00000061802	0
ENSMMUG00000025039	0
ENSMMUG00000007374	1
ENSMMUG00000036516	0
ENSMMUG00000039114	0
ENSMMUG00000020766	60
ENSMMUG00000008051	0
ENSMMUG00000029010	0
ENSMMUG00000061314	0
ENSMMUG00000007368	0
ENSMMUG00000042098	0
ENSMMUG00000063192	0
ENSMMUG00000007370	5
ENSMMUG00000000082	0
ENSMMUG00000014640	0
ENSMMUG00000046122	0
ENSMMUG00000007376	28
ENSMMUG00000051746	0
ENSMMUG00000041378	15
ENSMMUG00000056672	0
ENSMMUG00000060856	0
ENSMMUG00000042020	0
ENSMMUG00000024387	7
ENSMMUG00000058285	0
ENSMMUG00000057734	0
ENSMMUG00000019398	0
ENSMMUG00000007380	20
ENSMMUG00000053391	0
ENSMMUG00000059621	0
ENSMMUG00000062108	0
ENSMMUG00000050508	1
ENSMMUG00000060473	2
ENSMMUG00000054050	0
ENSMMUG00000056251	0
ENSMMUG00000060272	0
ENSMMUG00000038671	0
ENSMMUG00000059961	4
ENSMMUG00000033381	0
ENSMMUG00000055091	0
ENSMMUG00000033757	0
ENSMMUG00000060114	0
ENSMMUG00000019399	10
ENSMMUG00000022134	0
ENSMMUG00000055579	0
ENSMMUG00000010638	0
ENSMMUG00000003154	0
ENSMMUG00000051564	0
ENSMMUG00000051374	0
ENSMMUG00000019402	4
ENSMMUG00000003733	0
ENSMMUG00000055000	0
ENSMMUG00000020667	1
ENSMMUG00000061001	5
ENSMMUG00000019404	0
ENSMMUG00000057858	0
ENSMMUG00000003137	0
ENSMMUG00000005477	1
ENSMMUG00000050940	0
ENSMMUG00000043403	0
ENSMMUG00000002655	4
ENSMMUG00000055150	0
ENSMMUG00000034564	0
ENSMMUG00000005478	0
ENSMMUG00000000200	0
ENSMMUG00000019304	11
ENSMMUG00000057767	0
ENSMMUG00000061722	2
ENSMMUG00000058606	17
ENSMMUG00000002659	5
ENSMMUG00000019405	0
ENSMMUG00000014149	11
ENSMMUG00000060491	0
ENSMMUG00000010197	9
ENSMMUG00000000346	0
ENSMMUG00000049727	0
ENSMMUG00000019306	4
ENSMMUG00000002661	0
ENSMMUG00000019407	0
ENSMMUG00000055116	0
ENSMMUG00000055870	0
ENSMMUG00000051867	0
ENSMMUG00000051492	2
ENSMMUG00000028137	34
ENSMMUG00000002663	4
ENSMMUG00000055121	8
ENSMMUG00000055268	0
ENSMMUG00000033173	0
ENSMMUG00000064437	0
ENSMMUG00000044836	32
ENSMMUG00000039862	0
ENSMMUG00000014143	3
ENSMMUG00000055587	0
ENSMMUG00000053276	9
ENSMMUG00000037214	0
ENSMMUG00000060642	0
ENSMMUG00000015236	0
ENSMMUG00000033750	0
ENSMMUG00000057375	0
ENSMMUG00000061732	0
ENSMMUG00000045757	0
ENSMMUG00000034978	0
ENSMMUG00000061268	0
ENSMMUG00000014144	0
ENSMMUG00000055920	1
ENSMMUG00000057832	0
ENSMMUG00000001635	1
ENSMMUG00000046464	0
ENSMMUG00000056390	0
ENSMMUG00000065342	0
ENSMMUG00000010199	2
ENSMMUG00000000776	0
ENSMMUG00000000943	0
ENSMMUG00000061068	0
ENSMMUG00000052895	3
ENSMMUG00000014810	0
ENSMMUG00000010200	2
ENSMMUG00000013735	0
ENSMMUG00000056412	0
ENSMMUG00000052791	0
ENSMMUG00000033670	0
ENSMMUG00000060305	0
ENSMMUG00000006775	0
ENSMMUG00000058320	0
ENSMMUG00000053355	0
ENSMMUG00000062506	0
ENSMMUG00000018428	0
ENSMMUG00000019082	0
ENSMMUG00000000458	3
ENSMMUG00000036341	0
ENSMMUG00000059347	0
ENSMMUG00000032787	0
ENSMMUG00000014650	1
ENSMMUG00000039223	9
ENSMMUG00000003204	22
ENSMMUG00000060081	0
ENSMMUG00000051556	0
ENSMMUG00000053023	0
ENSMMUG00000064702	1
ENSMMUG00000000459	1
ENSMMUG00000018860	8
ENSMMUG00000061394	3
ENSMMUG00000039030	0
ENSMMUG00000003212	1
ENSMMUG00000062392	1334
ENSMMUG00000063888	3
ENSMMUG00000029011	18
ENSMMUG00000038767	0
ENSMMUG00000020819	0
ENSMMUG00000020821	0
ENSMMUG00000022654	0
ENSMMUG00000049838	0
ENSMMUG00000022655	2
ENSMMUG00000026651	0
ENSMMUG00000064818	0
ENSMMUG00000063894	0
ENSMMUG00000059106	0
ENSMMUG00000061674	0
ENSMMUG00000061408	0
ENSMMUG00000065346	0
ENSMMUG00000010760	0
ENSMMUG00000010761	0
ENSMMUG00000047441	0
ENSMMUG00000022789	0
ENSMMUG00000064495	0
ENSMMUG00000052440	0
ENSMMUG00000054357	0
ENSMMUG00000056520	0
ENSMMUG00000007721	0
ENSMMUG00000028941	1
ENSMMUG00000027430	0
ENSMMUG00000057083	0
ENSMMUG00000017845	4
ENSMMUG00000035916	9
ENSMMUG00000017850	52
ENSMMUG00000017745	0
ENSMMUG00000052964	0
ENSMMUG00000010744	0
ENSMMUG00000054660	0
ENSMMUG00000011359	0
ENSMMUG00000054603	0
ENSMMUG00000056214	2
ENSMMUG00000019260	0
ENSMMUG00000055146	0
ENSMMUG00000016221	0
ENSMMUG00000065220	0
ENSMMUG00000008734	0
ENSMMUG00000062231	1
ENSMMUG00000064914	0
ENSMMUG00000052928	0
ENSMMUG00000057736	0
ENSMMUG00000050601	0
ENSMMUG00000034574	1
ENSMMUG00000036275	0
ENSMMUG00000063527	0
ENSMMUG00000062275	0
ENSMMUG00000057961	0
ENSMMUG00000064878	9
ENSMMUG00000046089	0
ENSMMUG00000057989	0
ENSMMUG00000061856	0
ENSMMUG00000062007	0
ENSMMUG00000053916	37
ENSMMUG00000047299	0
ENSMMUG00000061179	0
ENSMMUG00000056041	6
ENSMMUG00000058398	0
ENSMMUG00000049568	0
ENSMMUG00000061403	2
ENSMMUG00000061710	0
ENSMMUG00000010813	0
ENSMMUG00000003014	1
ENSMMUG00000002473	0
ENSMMUG00000017115	17
ENSMMUG00000057199	0
ENSMMUG00000037275	0
ENSMMUG00000025147	0
ENSMMUG00000034837	0
ENSMMUG00000017119	0
ENSMMUG00000002724	0
ENSMMUG00000018270	0
ENSMMUG00000062214	0
ENSMMUG00000016063	5
ENSMMUG00000002469	1
ENSMMUG00000023282	0
ENSMMUG00000062344	1
ENSMMUG00000060532	0
ENSMMUG00000056816	0
ENSMMUG00000030466	0
ENSMMUG00000017120	0
ENSMMUG00000053579	0
ENSMMUG00000016064	1
ENSMMUG00000065177	0
ENSMMUG00000010907	0
ENSMMUG00000016067	2
ENSMMUG00000057597	0
ENSMMUG00000049676	0
ENSMMUG00000060085	0
ENSMMUG00000058514	0
ENSMMUG00000022443	0
ENSMMUG00000035913	0
ENSMMUG00000056614	0
ENSMMUG00000010908	0
ENSMMUG00000050534	0
ENSMMUG00000054835	31
ENSMMUG00000036103	0
ENSMMUG00000022508	3
ENSMMUG00000022445	11
ENSMMUG00000064930	0
ENSMMUG00000050561	0
ENSMMUG00000050907	0
ENSMMUG00000065313	0
ENSMMUG00000016069	0
ENSMMUG00000035965	0
ENSMMUG00000057745	0
ENSMMUG00000026014	0
ENSMMUG00000022358	0
ENSMMUG00000000958	0
ENSMMUG00000007575	9
ENSMMUG00000044315	0
ENSMMUG00000022363	3
ENSMMUG00000036554	0
ENSMMUG00000019891	0
ENSMMUG00000007578	0
ENSMMUG00000052060	0
ENSMMUG00000063267	0
ENSMMUG00000050337	0
ENSMMUG00000063588	0
ENSMMUG00000017443	0
ENSMMUG00000017446	0
ENSMMUG00000060664	0
ENSMMUG00000022364	7
ENSMMUG00000020657	0
ENSMMUG00000039016	0
ENSMMUG00000003193	64
ENSMMUG00000062993	0
ENSMMUG00000003015	0
ENSMMUG00000064809	0
ENSMMUG00000039727	0
ENSMMUG00000064760	2
ENSMMUG00000063443	0
ENSMMUG00000004930	0
ENSMMUG00000051216	0
ENSMMUG00000046971	1
ENSMMUG00000047277	0
ENSMMUG00000050345	0
ENSMMUG00000053996	0
ENSMMUG00000038262	0
ENSMMUG00000064701	0
ENSMMUG00000061080	0
ENSMMUG00000064104	0
ENSMMUG00000001290	0
ENSMMUG00000041515	0
ENSMMUG00000020736	0
ENSMMUG00000050291	0
ENSMMUG00000002711	0
ENSMMUG00000041067	0
ENSMMUG00000059146	0
ENSMMUG00000004938	0
ENSMMUG00000022366	0
ENSMMUG00000040958	0
ENSMMUG00000063444	0
ENSMMUG00000061100	0
ENSMMUG00000044214	0
ENSMMUG00000060386	0
ENSMMUG00000014817	21
ENSMMUG00000017943	0
ENSMMUG00000061175	0
ENSMMUG00000001700	0
ENSMMUG00000052894	0
ENSMMUG00000053348	26
ENSMMUG00000013180	83
ENSMMUG00000007864	0
ENSMMUG00000020660	0
ENSMMUG00000003802	4
ENSMMUG00000059847	0
ENSMMUG00000054543	0
ENSMMUG00000004935	67
ENSMMUG00000020661	0
ENSMMUG00000060255	0
ENSMMUG00000006713	0
ENSMMUG00000049912	0
ENSMMUG00000049691	0
ENSMMUG00000053413	0
ENSMMUG00000062119	0
ENSMMUG00000050741	17
ENSMMUG00000062701	0
ENSMMUG00000021805	2
ENSMMUG00000020663	2
ENSMMUG00000062598	0
ENSMMUG00000011620	0
ENSMMUG00000063440	0
ENSMMUG00000061205	2
ENSMMUG00000049588	0
ENSMMUG00000051477	0
ENSMMUG00000061776	0
ENSMMUG00000051888	0
ENSMMUG00000057584	0
ENSMMUG00000041447	0
ENSMMUG00000052764	0
ENSMMUG00000061371	0
ENSMMUG00000061153	0
ENSMMUG00000057148	0
ENSMMUG00000060525	0
ENSMMUG00000001694	0
ENSMMUG00000044077	0
ENSMMUG00000012741	0
ENSMMUG00000052897	0
ENSMMUG00000006087	0
ENSMMUG00000058183	0
ENSMMUG00000058101	0
ENSMMUG00000062274	0
ENSMMUG00000064169	0
ENSMMUG00000049879	0
ENSMMUG00000006089	0
ENSMMUG00000061842	0
ENSMMUG00000055605	22
ENSMMUG00000013182	34
ENSMMUG00000010696	2
ENSMMUG00000052816	0
ENSMMUG00000061234	0
ENSMMUG00000062982	11
ENSMMUG00000053106	12
ENSMMUG00000053431	0
ENSMMUG00000051581	0
ENSMMUG00000049982	0
ENSMMUG00000016370	6
ENSMMUG00000065350	0
ENSMMUG00000054337	0
ENSMMUG00000009810	0
ENSMMUG00000057407	0
ENSMMUG00000062348	0
ENSMMUG00000010528	3
ENSMMUG00000023033	11
ENSMMUG00000032713	0
ENSMMUG00000021308	0
ENSMMUG00000005404	0
ENSMMUG00000030590	0
ENSMMUG00000065217	0
ENSMMUG00000061552	0
ENSMMUG00000054367	0
ENSMMUG00000039880	0
ENSMMUG00000054752	0
ENSMMUG00000047658	0
ENSMMUG00000057150	0
ENSMMUG00000040316	0
ENSMMUG00000004397	0
ENSMMUG00000064239	0
ENSMMUG00000008900	0
ENSMMUG00000058649	0
ENSMMUG00000015141	2
ENSMMUG00000052370	0
ENSMMUG00000056524	0
ENSMMUG00000004234	0
ENSMMUG00000023034	3
ENSMMUG00000055604	0
ENSMMUG00000058601	0
ENSMMUG00000063398	0
ENSMMUG00000062698	0
ENSMMUG00000040267	0
ENSMMUG00000015453	4
ENSMMUG00000062905	0
ENSMMUG00000057121	0
ENSMMUG00000049683	0
ENSMMUG00000065147	3
ENSMMUG00000053765	3
ENSMMUG00000008268	13
ENSMMUG00000030465	5
ENSMMUG00000060883	0
ENSMMUG00000056500	11
ENSMMUG00000064787	0
ENSMMUG00000054044	0
ENSMMUG00000051705	0
ENSMMUG00000058788	0
ENSMMUG00000061613	0
ENSMMUG00000048654	0
ENSMMUG00000056810	0
ENSMMUG00000008994	2
ENSMMUG00000023038	0
ENSMMUG00000062286	0
ENSMMUG00000056047	0
ENSMMUG00000024837	0
ENSMMUG00000057853	0
ENSMMUG00000032848	0
ENSMMUG00000055704	0
ENSMMUG00000017077	0
ENSMMUG00000046418	0
ENSMMUG00000062101	0
ENSMMUG00000059615	0
ENSMMUG00000051380	0
ENSMMUG00000008289	6
ENSMMUG00000055915	0
ENSMMUG00000050645	0
ENSMMUG00000011624	0
ENSMMUG00000015143	6
ENSMMUG00000023035	12
ENSMMUG00000049626	2
ENSMMUG00000015471	0
ENSMMUG00000006324	0
ENSMMUG00000004778	0
ENSMMUG00000063350	0
ENSMMUG00000058434	0
ENSMMUG00000046481	0
ENSMMUG00000058985	0
ENSMMUG00000008291	54
ENSMMUG00000058108	0
ENSMMUG00000013836	25
ENSMMUG00000036729	4
ENSMMUG00000063918	0
ENSMMUG00000054491	0
ENSMMUG00000032904	0
ENSMMUG00000064269	0
ENSMMUG00000059681	0
ENSMMUG00000001462	0
ENSMMUG00000024540	0
ENSMMUG00000007445	3
ENSMMUG00000006326	14
ENSMMUG00000008294	0
ENSMMUG00000047021	0
ENSMMUG00000062315	0
ENSMMUG00000063852	0
ENSMMUG00000043184	0
ENSMMUG00000063441	15
ENSMMUG00000002787	0
ENSMMUG00000051311	0
ENSMMUG00000010741	0
ENSMMUG00000023760	0
ENSMMUG00000004596	1
ENSMMUG00000002786	0
ENSMMUG00000040590	0
ENSMMUG00000058414	0
ENSMMUG00000047229	0
ENSMMUG00000001374	1
ENSMMUG00000060577	0
ENSMMUG00000064530	0
ENSMMUG00000038973	0
ENSMMUG00000055974	0
ENSMMUG00000040600	0
ENSMMUG00000064808	6
ENSMMUG00000057196	2
ENSMMUG00000056321	0
ENSMMUG00000055298	0
ENSMMUG00000007426	0
ENSMMUG00000051972	1
ENSMMUG00000006341	0
ENSMMUG00000021610	0
ENSMMUG00000003189	0
ENSMMUG00000049751	6
ENSMMUG00000037539	0
ENSMMUG00000062634	0
ENSMMUG00000049862	13
ENSMMUG00000015058	1
ENSMMUG00000059465	0
ENSMMUG00000008790	0
ENSMMUG00000007451	0
ENSMMUG00000056045	0
ENSMMUG00000054942	41
ENSMMUG00000015149	2
ENSMMUG00000001472	3
ENSMMUG00000007453	0
ENSMMUG00000061746	4
ENSMMUG00000051698	0
ENSMMUG00000059272	0
ENSMMUG00000039818	0
ENSMMUG00000048865	0
ENSMMUG00000051036	0
ENSMMUG00000061891	0
ENSMMUG00000062520	0
ENSMMUG00000058417	0
ENSMMUG00000055863	0
ENSMMUG00000055213	0
ENSMMUG00000015151	9
ENSMMUG00000055601	0
ENSMMUG00000015400	0
ENSMMUG00000050296	0
ENSMMUG00000015850	0
ENSMMUG00000050548	0
ENSMMUG00000025470	0
ENSMMUG00000035760	0
ENSMMUG00000054542	0
ENSMMUG00000051594	0
ENSMMUG00000015370	0
ENSMMUG00000025617	0
ENSMMUG00000049613	0
ENSMMUG00000058906	0
ENSMMUG00000000798	29
ENSMMUG00000063020	0
ENSMMUG00000053900	0
ENSMMUG00000030562	2
ENSMMUG00000062374	0
ENSMMUG00000025130	0
ENSMMUG00000058465	0
ENSMMUG00000009558	53
ENSMMUG00000012258	1
ENSMMUG00000059075	2
ENSMMUG00000062303	0
ENSMMUG00000036750	0
ENSMMUG00000056574	0
ENSMMUG00000061821	0
ENSMMUG00000058576	0
ENSMMUG00000005514	8
ENSMMUG00000015152	0
ENSMMUG00000012451	0
ENSMMUG00000010589	0
ENSMMUG00000015405	5
ENSMMUG00000054646	1
ENSMMUG00000049642	0
ENSMMUG00000015954	15
ENSMMUG00000047870	0
ENSMMUG00000038018	0
ENSMMUG00000050279	0
ENSMMUG00000050611	5
ENSMMUG00000045006	0
ENSMMUG00000000238	0
ENSMMUG00000015406	3
ENSMMUG00000057279	0
ENSMMUG00000010596	2
ENSMMUG00000050718	0
ENSMMUG00000024272	0
ENSMMUG00000058603	0
ENSMMUG00000009128	0
ENSMMUG00000000242	0
ENSMMUG00000055054	0
ENSMMUG00000053108	1
ENSMMUG00000026761	0
ENSMMUG00000003925	0
ENSMMUG00000057185	0
ENSMMUG00000062282	0
ENSMMUG00000049605	0
ENSMMUG00000050047	0
ENSMMUG00000015771	0
ENSMMUG00000034383	2
ENSMMUG00000007478	4
ENSMMUG00000056157	0
ENSMMUG00000033674	0
ENSMMUG00000028276	0
ENSMMUG00000054782	0
ENSMMUG00000044393	1
ENSMMUG00000058877	0
ENSMMUG00000059729	0
ENSMMUG00000050889	1
ENSMMUG00000021559	1
ENSMMUG00000020982	6
ENSMMUG00000026031	0
ENSMMUG00000003001	0
ENSMMUG00000053745	7
ENSMMUG00000054392	0
ENSMMUG00000035838	17
ENSMMUG00000064264	29
ENSMMUG00000059602	28
ENSMMUG00000033563	10
ENSMMUG00000009206	8
ENSMMUG00000050447	2
ENSMMUG00000017767	1
ENSMMUG00000060451	0
ENSMMUG00000036229	0
ENSMMUG00000064260	0
ENSMMUG00000020776	31
ENSMMUG00000059608	0
ENSMMUG00000049779	0
ENSMMUG00000047576	0
ENSMMUG00000017627	12
ENSMMUG00000023991	0
ENSMMUG00000009207	0
ENSMMUG00000050271	0
ENSMMUG00000023761	1
ENSMMUG00000038216	0
ENSMMUG00000041517	6
ENSMMUG00000049663	0
ENSMMUG00000023762	2
ENSMMUG00000013101	0
ENSMMUG00000058200	0
ENSMMUG00000017588	2
ENSMMUG00000018296	0
ENSMMUG00000057670	0
ENSMMUG00000065041	0
ENSMMUG00000015774	0
ENSMMUG00000053635	0
ENSMMUG00000052866	0
ENSMMUG00000056773	0
ENSMMUG00000006944	0
ENSMMUG00000055354	0
ENSMMUG00000007105	177
ENSMMUG00000062062	0
ENSMMUG00000050308	0
ENSMMUG00000055461	0
ENSMMUG00000045044	0
ENSMMUG00000050384	0
ENSMMUG00000061918	0
ENSMMUG00000055717	0
ENSMMUG00000023647	0
ENSMMUG00000018390	0
ENSMMUG00000062192	0
ENSMMUG00000037490	0
ENSMMUG00000063915	2
ENSMMUG00000004063	1
ENSMMUG00000019194	0
ENSMMUG00000063848	0
ENSMMUG00000037824	0
ENSMMUG00000061213	0
ENSMMUG00000057842	5
ENSMMUG00000023648	6
ENSMMUG00000061093	0
ENSMMUG00000052452	0
ENSMMUG00000064236	0
ENSMMUG00000033239	0
ENSMMUG00000060479	0
ENSMMUG00000051360	0
ENSMMUG00000023764	1
ENSMMUG00000061189	0
ENSMMUG00000004060	0
ENSMMUG00000052242	0
ENSMMUG00000063737	0
ENSMMUG00000051470	0
ENSMMUG00000061713	0
ENSMMUG00000059387	0
ENSMMUG00000064980	0
ENSMMUG00000052356	0
ENSMMUG00000062844	0
ENSMMUG00000060513	0
ENSMMUG00000058860	0
ENSMMUG00000056398	0
ENSMMUG00000056797	0
ENSMMUG00000053760	0
ENSMMUG00000064634	0
ENSMMUG00000053487	0
ENSMMUG00000064724	0
ENSMMUG00000051159	0
ENSMMUG00000062528	0
ENSMMUG00000042964	0
ENSMMUG00000037449	10
ENSMMUG00000050463	0
ENSMMUG00000047103	0
ENSMMUG00000043648	0
ENSMMUG00000059248	0
ENSMMUG00000015050	55
ENSMMUG00000004056	0
ENSMMUG00000057899	2
ENSMMUG00000060103	7
ENSMMUG00000023649	0
ENSMMUG00000060282	0
ENSMMUG00000027956	0
ENSMMUG00000004816	0
ENSMMUG00000006790	1
ENSMMUG00000030508	1
ENSMMUG00000025939	0
ENSMMUG00000057766	0
ENSMMUG00000052331	0
ENSMMUG00000052185	0
ENSMMUG00000060078	0
ENSMMUG00000019156	0
ENSMMUG00000023765	0
ENSMMUG00000000433	0
ENSMMUG00000023267	33
ENSMMUG00000050722	0
ENSMMUG00000052763	0
ENSMMUG00000050670	0
ENSMMUG00000058962	204
ENSMMUG00000053007	0
ENSMMUG00000015775	5
ENSMMUG00000023415	0
ENSMMUG00000060010	0
ENSMMUG00000051527	0
ENSMMUG00000026392	0
ENSMMUG00000025668	0
ENSMMUG00000052925	0
ENSMMUG00000041669	1
ENSMMUG00000055874	0
ENSMMUG00000049890	0
ENSMMUG00000061066	0
ENSMMUG00000059732	10
ENSMMUG00000057557	0
ENSMMUG00000035737	0
ENSMMUG00000050956	5
ENSMMUG00000060847	0
ENSMMUG00000006102	0
ENSMMUG00000018755	0
ENSMMUG00000053806	0
ENSMMUG00000008694	1
ENSMMUG00000053304	0
ENSMMUG00000061808	0
ENSMMUG00000015117	0
ENSMMUG00000018470	0
ENSMMUG00000008691	11
ENSMMUG00000064379	0
ENSMMUG00000062618	0
ENSMMUG00000010209	0
ENSMMUG00000028672	62
ENSMMUG00000049833	635
ENSMMUG00000064203	0
ENSMMUG00000011912	0
ENSMMUG00000055320	0
ENSMMUG00000011909	0
ENSMMUG00000018476	0
ENSMMUG00000023266	0
ENSMMUG00000011907	0
ENSMMUG00000056782	0
ENSMMUG00000053938	0
ENSMMUG00000059907	0
ENSMMUG00000051045	0
ENSMMUG00000054583	0
ENSMMUG00000008690	1
ENSMMUG00000063662	0
ENSMMUG00000058935	0
ENSMMUG00000049455	0
ENSMMUG00000011789	0
ENSMMUG00000009286	0
ENSMMUG00000055167	0
ENSMMUG00000018472	1
ENSMMUG00000016159	0
ENSMMUG00000049508	1
ENSMMUG00000033195	0
ENSMMUG00000064100	0
ENSMMUG00000032730	1
ENSMMUG00000013446	0
ENSMMUG00000010827	0
ENSMMUG00000020221	18
ENSMMUG00000028000	0
ENSMMUG00000000881	3
ENSMMUG00000053995	0
ENSMMUG00000010818	0
ENSMMUG00000020346	0
ENSMMUG00000010874	2
ENSMMUG00000023488	0
ENSMMUG00000058462	0
ENSMMUG00000049674	0
ENSMMUG00000056443	0
ENSMMUG00000060936	0
ENSMMUG00000046183	0
ENSMMUG00000006621	1
ENSMMUG00000010115	7
ENSMMUG00000013445	0
ENSMMUG00000050210	0
ENSMMUG00000052761	377
ENSMMUG00000060957	0
ENSMMUG00000061468	1
ENSMMUG00000063129	0
ENSMMUG00000013441	3
ENSMMUG00000050101	0
ENSMMUG00000052893	0
ENSMMUG00000063256	0
ENSMMUG00000006622	0
ENSMMUG00000010485	0
ENSMMUG00000013439	0
ENSMMUG00000000882	0
ENSMMUG00000047673	4
ENSMMUG00000052066	0
ENSMMUG00000057872	0
ENSMMUG00000060365	0
ENSMMUG00000054006	0
ENSMMUG00000054526	0
ENSMMUG00000026606	0
ENSMMUG00000022075	0
ENSMMUG00000058791	0
ENSMMUG00000052930	0
ENSMMUG00000057118	0
ENSMMUG00000015215	63
ENSMMUG00000015034	26
ENSMMUG00000052637	17
ENSMMUG00000040561	0
ENSMMUG00000006233	7
ENSMMUG00000015776	0
ENSMMUG00000010881	0
ENSMMUG00000059792	0
ENSMMUG00000040309	0
ENSMMUG00000049627	0
ENSMMUG00000049352	0
ENSMMUG00000064533	0
ENSMMUG00000056823	0
ENSMMUG00000049406	0
ENSMMUG00000015216	10
ENSMMUG00000006841	0
ENSMMUG00000063986	1
ENSMMUG00000051414	0
ENSMMUG00000015217	0
ENSMMUG00000061975	0
ENSMMUG00000048410	6
ENSMMUG00000064327	0
ENSMMUG00000014350	41
ENSMMUG00000012501	0
ENSMMUG00000010384	0
ENSMMUG00000038867	0
ENSMMUG00000056811	5
ENSMMUG00000060843	0
ENSMMUG00000052984	0
ENSMMUG00000055151	0
ENSMMUG00000056268	0
ENSMMUG00000054062	0
ENSMMUG00000006636	0
ENSMMUG00000022028	10
ENSMMUG00000043859	0
ENSMMUG00000052696	0
ENSMMUG00000006637	7
ENSMMUG00000030563	14
ENSMMUG00000040838	0
ENSMMUG00000062001	0
ENSMMUG00000054574	0
ENSMMUG00000056033	0
ENSMMUG00000053893	0
ENSMMUG00000060130	0
ENSMMUG00000007775	20
ENSMMUG00000057468	0
ENSMMUG00000022032	27
ENSMMUG00000057950	0
ENSMMUG00000019677	0
ENSMMUG00000009163	0
ENSMMUG00000010388	0
ENSMMUG00000036464	0
ENSMMUG00000043246	0
ENSMMUG00000051411	0
ENSMMUG00000057793	0
ENSMMUG00000061731	0
ENSMMUG00000054549	0
ENSMMUG00000019011	0
ENSMMUG00000030573	0
ENSMMUG00000012181	0
ENSMMUG00000056302	0
ENSMMUG00000011849	0
ENSMMUG00000007982	0
ENSMMUG00000013418	13
ENSMMUG00000011851	0
ENSMMUG00000053327	0
ENSMMUG00000034662	0
ENSMMUG00000056245	0
ENSMMUG00000059149	0
ENSMMUG00000009247	0
ENSMMUG00000056090	1
ENSMMUG00000058933	0
ENSMMUG00000010680	13
ENSMMUG00000021270	0
ENSMMUG00000064814	0
ENSMMUG00000008376	0
ENSMMUG00000008535	21
ENSMMUG00000010679	22
ENSMMUG00000053473	0
ENSMMUG00000056732	0
ENSMMUG00000064033	1
ENSMMUG00000019883	0
ENSMMUG00000052466	0
ENSMMUG00000010674	1
ENSMMUG00000022617	0
ENSMMUG00000008537	6
ENSMMUG00000022237	0
ENSMMUG00000008539	5
ENSMMUG00000014708	0
ENSMMUG00000017204	88
ENSMMUG00000022620	0
ENSMMUG00000050841	12
ENSMMUG00000051513	0
ENSMMUG00000054338	0
ENSMMUG00000059894	98
ENSMMUG00000056056	78
ENSMMUG00000008541	49
ENSMMUG00000017206	0
ENSMMUG00000014710	0
ENSMMUG00000014711	0
ENSMMUG00000061920	0
ENSMMUG00000017668	0
ENSMMUG00000017667	0
ENSMMUG00000014713	9
ENSMMUG00000055464	0
ENSMMUG00000050402	0
ENSMMUG00000056540	0
ENSMMUG00000041307	0
ENSMMUG00000060144	0
ENSMMUG00000062158	0
ENSMMUG00000061957	0
ENSMMUG00000033046	0
ENSMMUG00000034426	0
ENSMMUG00000052751	0
ENSMMUG00000008542	284
ENSMMUG00000055112	0
ENSMMUG00000006741	7
ENSMMUG00000014715	1
ENSMMUG00000016123	1
ENSMMUG00000060115	1
ENSMMUG00000052022	4
ENSMMUG00000054926	0
ENSMMUG00000063186	0
ENSMMUG00000050975	0
ENSMMUG00000001825	0
ENSMMUG00000006747	0
ENSMMUG00000035166	0
ENSMMUG00000009655	5
ENSMMUG00000049319	0
ENSMMUG00000051979	0
ENSMMUG00000056291	0
ENSMMUG00000058783	0
ENSMMUG00000045531	0
ENSMMUG00000018728	0
ENSMMUG00000053120	0
ENSMMUG00000001608	35
ENSMMUG00000009661	0
ENSMMUG00000050879	0
ENSMMUG00000006751	26
ENSMMUG00000022383	0
ENSMMUG00000051306	0
ENSMMUG00000052198	5
ENSMMUG00000002930	0
ENSMMUG00000051679	0
ENSMMUG00000035254	2
ENSMMUG00000058873	0
ENSMMUG00000037243	0
ENSMMUG00000061425	0
ENSMMUG00000052355	0
ENSMMUG00000012229	0
ENSMMUG00000062864	0
ENSMMUG00000009663	0
ENSMMUG00000024641	0
ENSMMUG00000055837	0
ENSMMUG00000012233	0
ENSMMUG00000018547	0
ENSMMUG00000057948	0
ENSMMUG00000060161	0
ENSMMUG00000001619	0
ENSMMUG00000049491	0
ENSMMUG00000063976	0
ENSMMUG00000022948	3
ENSMMUG00000056582	0
ENSMMUG00000018550	0
ENSMMUG00000017489	1
ENSMMUG00000059060	0
ENSMMUG00000052332	0
ENSMMUG00000063844	2
ENSMMUG00000057106	0
ENSMMUG00000050233	916
ENSMMUG00000055586	37
ENSMMUG00000017492	1
ENSMMUG00000055733	0
ENSMMUG00000005076	101
ENSMMUG00000060110	0
ENSMMUG00000051740	0
ENSMMUG00000005383	19
ENSMMUG00000055824	0
ENSMMUG00000053712	0
ENSMMUG00000065042	0
ENSMMUG00000060938	0
ENSMMUG00000059446	0
ENSMMUG00000064972	0
ENSMMUG00000044121	3
ENSMMUG00000064881	0
ENSMMUG00000020825	6
ENSMMUG00000049356	0
ENSMMUG00000005078	35
ENSMMUG00000058861	0
ENSMMUG00000040417	0
ENSMMUG00000013434	54
ENSMMUG00000058119	0
ENSMMUG00000020823	124
ENSMMUG00000017255	0
ENSMMUG00000013437	5
ENSMMUG00000063013	0
ENSMMUG00000063244	2
ENSMMUG00000053682	0
ENSMMUG00000054469	0
ENSMMUG00000065264	0
ENSMMUG00000062020	0
ENSMMUG00000050933	0
ENSMMUG00000064746	0
ENSMMUG00000059108	0
ENSMMUG00000059161	0
ENSMMUG00000050753	0
ENSMMUG00000011446	0
ENSMMUG00000011030	2
ENSMMUG00000011447	1
ENSMMUG00000052221	0
ENSMMUG00000049978	0
ENSMMUG00000056966	1
ENSMMUG00000033264	22
ENSMMUG00000057058	0
ENSMMUG00000057241	0
ENSMMUG00000050403	0
ENSMMUG00000056809	4
ENSMMUG00000018330	0
ENSMMUG00000018429	0
ENSMMUG00000021539	2
ENSMMUG00000057684	0
ENSMMUG00000016403	0
ENSMMUG00000009906	0
ENSMMUG00000054130	0
ENSMMUG00000058501	0
ENSMMUG00000063418	0
ENSMMUG00000053455	2
ENSMMUG00000049837	0
ENSMMUG00000061207	0
ENSMMUG00000055020	0
ENSMMUG00000010593	0
ENSMMUG00000051780	0
ENSMMUG00000021393	3
ENSMMUG00000014733	194
ENSMMUG00000015542	0
ENSMMUG00000045340	0
ENSMMUG00000051192	0
ENSMMUG00000012967	57
ENSMMUG00000061804	0
ENSMMUG00000054276	0
ENSMMUG00000063575	0
ENSMMUG00000023632	0
ENSMMUG00000054682	0
ENSMMUG00000006433	0
ENSMMUG00000008241	2
ENSMMUG00000059916	0
ENSMMUG00000016406	3
ENSMMUG00000005998	0
ENSMMUG00000039920	0
ENSMMUG00000057318	0
ENSMMUG00000043867	0
ENSMMUG00000049504	0
ENSMMUG00000058793	0
ENSMMUG00000053158	0
ENSMMUG00000009847	1933
ENSMMUG00000008789	18
ENSMMUG00000023001	1
ENSMMUG00000009800	7
ENSMMUG00000050853	0
ENSMMUG00000063436	0
ENSMMUG00000008023	0
ENSMMUG00000059078	0
ENSMMUG00000012333	0
ENSMMUG00000043235	21
ENSMMUG00000017139	6
ENSMMUG00000015182	50
ENSMMUG00000012330	0
ENSMMUG00000050068	0
ENSMMUG00000011852	1
ENSMMUG00000016407	6
ENSMMUG00000064130	0
ENSMMUG00000033091	0
ENSMMUG00000009848	3
ENSMMUG00000022976	12
ENSMMUG00000016410	27
ENSMMUG00000004604	183
ENSMMUG00000024942	0
ENSMMUG00000050056	0
ENSMMUG00000059058	6
ENSMMUG00000003608	14
ENSMMUG00000049284	0
ENSMMUG00000010844	0
ENSMMUG00000049469	0
ENSMMUG00000064708	2
ENSMMUG00000051106	0
ENSMMUG00000021618	0
ENSMMUG00000001539	0
ENSMMUG00000021400	0
ENSMMUG00000062733	0
ENSMMUG00000050985	2
ENSMMUG00000058528	0
ENSMMUG00000017141	70
ENSMMUG00000000275	0
ENSMMUG00000057614	0
ENSMMUG00000003607	0
ENSMMUG00000058163	0
ENSMMUG00000023171	0
ENSMMUG00000054067	4
ENSMMUG00000055936	1
ENSMMUG00000003924	1
ENSMMUG00000056761	0
ENSMMUG00000014846	0
ENSMMUG00000037280	0
ENSMMUG00000061025	0
ENSMMUG00000019876	0
ENSMMUG00000060367	0
ENSMMUG00000062924	0
ENSMMUG00000057807	0
ENSMMUG00000055534	0
ENSMMUG00000052917	0
ENSMMUG00000000124	0
ENSMMUG00000005367	0
ENSMMUG00000050021	0
ENSMMUG00000053971	0
ENSMMUG00000062359	0
ENSMMUG00000009374	3
ENSMMUG00000061637	0
ENSMMUG00000006397	0
ENSMMUG00000017145	44
ENSMMUG00000064927	0
ENSMMUG00000027857	16
ENSMMUG00000056725	0
ENSMMUG00000009375	0
ENSMMUG00000023612	0
ENSMMUG00000021279	11
ENSMMUG00000058901	2
ENSMMUG00000050095	0
ENSMMUG00000063340	0
ENSMMUG00000033207	0
ENSMMUG00000041491	1
ENSMMUG00000026883	0
ENSMMUG00000055728	3
ENSMMUG00000024061	0
ENSMMUG00000059816	0
ENSMMUG00000030571	1
ENSMMUG00000006391	0
ENSMMUG00000051415	0
ENSMMUG00000057301	0
ENSMMUG00000058050	0
ENSMMUG00000007526	0
ENSMMUG00000003589	0
ENSMMUG00000056125	0
ENSMMUG00000019720	0
ENSMMUG00000011956	0
ENSMMUG00000057732	2
ENSMMUG00000006392	0
ENSMMUG00000013695	0
ENSMMUG00000059041	0
ENSMMUG00000001186	0
ENSMMUG00000059951	14
ENSMMUG00000006395	2
ENSMMUG00000008780	4
ENSMMUG00000064773	61
ENSMMUG00000001183	0
ENSMMUG00000000454	0
ENSMMUG00000037141	0
ENSMMUG00000058290	1
ENSMMUG00000061526	1
ENSMMUG00000056878	0
ENSMMUG00000013696	0
ENSMMUG00000005716	0
ENSMMUG00000001821	11
ENSMMUG00000005601	0
ENSMMUG00000004545	24
ENSMMUG00000051228	0
ENSMMUG00000000661	0
ENSMMUG00000043737	0
ENSMMUG00000004692	0
ENSMMUG00000022752	0
ENSMMUG00000009559	14
ENSMMUG00000000660	0
ENSMMUG00000057242	1
ENSMMUG00000015714	0
ENSMMUG00000000659	0
ENSMMUG00000000658	0
ENSMMUG00000016240	0
ENSMMUG00000002985	8
ENSMMUG00000005602	1
ENSMMUG00000008956	0
ENSMMUG00000015314	0
ENSMMUG00000058529	432
ENSMMUG00000003548	0
ENSMMUG00000015711	0
ENSMMUG00000015708	0
ENSMMUG00000049819	0
ENSMMUG00000060627	0
ENSMMUG00000015310	50
ENSMMUG00000065302	0
ENSMMUG00000018572	0
ENSMMUG00000015302	4
ENSMMUG00000009561	0
ENSMMUG00000007077	0
ENSMMUG00000001155	131
ENSMMUG00000011285	2
ENSMMUG00000053850	0
ENSMMUG00000005603	0
ENSMMUG00000008724	0
ENSMMUG00000054629	0
ENSMMUG00000003849	0
ENSMMUG00000062961	0
ENSMMUG00000007078	0
ENSMMUG00000023798	0
ENSMMUG00000025890	0
ENSMMUG00000064778	9
ENSMMUG00000064969	0
ENSMMUG00000025053	0
ENSMMUG00000052636	0
ENSMMUG00000011282	1
ENSMMUG00000060418	0
ENSMMUG00000001157	33
ENSMMUG00000064321	0
ENSMMUG00000025084	0
ENSMMUG00000064557	0
ENSMMUG00000052235	0
ENSMMUG00000033001	0
ENSMMUG00000064223	0
ENSMMUG00000058166	0
ENSMMUG00000007081	5
ENSMMUG00000056432	0
ENSMMUG00000057291	0
ENSMMUG00000001118	0
ENSMMUG00000027765	0
ENSMMUG00000017380	0
ENSMMUG00000011281	62
ENSMMUG00000051930	0
ENSMMUG00000021233	0
ENSMMUG00000055918	0
ENSMMUG00000028521	0
ENSMMUG00000065324	0
ENSMMUG00000002080	4
ENSMMUG00000062242	0
ENSMMUG00000057013	0
ENSMMUG00000049411	0
ENSMMUG00000040878	0
ENSMMUG00000054123	1
ENSMMUG00000036487	0
ENSMMUG00000058251	0
ENSMMUG00000013895	6
ENSMMUG00000006411	30
ENSMMUG00000004101	2
ENSMMUG00000049536	0
ENSMMUG00000002081	0
ENSMMUG00000053814	4
ENSMMUG00000054418	1
ENSMMUG00000016652	0
ENSMMUG00000025707	0
ENSMMUG00000062375	0
ENSMMUG00000022799	0
ENSMMUG00000015071	0
ENSMMUG00000011280	6
ENSMMUG00000058631	0
ENSMMUG00000011276	51
ENSMMUG00000060206	0
ENSMMUG00000056694	0
ENSMMUG00000052711	0
ENSMMUG00000037735	5
ENSMMUG00000061101	0
ENSMMUG00000058010	0
ENSMMUG00000050238	0
ENSMMUG00000054440	0
ENSMMUG00000051912	0
ENSMMUG00000033740	1
ENSMMUG00000009594	0
ENSMMUG00000008985	0
ENSMMUG00000011274	0
ENSMMUG00000017164	66
ENSMMUG00000053038	0
ENSMMUG00000059113	0
ENSMMUG00000021773	0
ENSMMUG00000034215	0
ENSMMUG00000006414	0
ENSMMUG00000061883	0
ENSMMUG00000051516	0
ENSMMUG00000021774	2
ENSMMUG00000005279	0
ENSMMUG00000055336	0
ENSMMUG00000049492	0
ENSMMUG00000001006	0
ENSMMUG00000018634	0
ENSMMUG00000056671	3
ENSMMUG00000038485	3
ENSMMUG00000055507	3
ENSMMUG00000008431	12
ENSMMUG00000051541	0
ENSMMUG00000063666	0
ENSMMUG00000061564	0
ENSMMUG00000036991	0
ENSMMUG00000065315	5
ENSMMUG00000053789	0
ENSMMUG00000019780	4
ENSMMUG00000052502	0
ENSMMUG00000052083	0
ENSMMUG00000055072	0
ENSMMUG00000052146	0
ENSMMUG00000055994	0
ENSMMUG00000056167	0
ENSMMUG00000051287	0
ENSMMUG00000001207	0
ENSMMUG00000058886	0
ENSMMUG00000063113	0
ENSMMUG00000063121	0
ENSMMUG00000050570	3
ENSMMUG00000000826	0
ENSMMUG00000020405	0
ENSMMUG00000017169	5
ENSMMUG00000033863	0
ENSMMUG00000026662	6
ENSMMUG00000059955	17
ENSMMUG00000020404	0
ENSMMUG00000023198	0
ENSMMUG00000053017	0
ENSMMUG00000058361	382
ENSMMUG00000049481	0
ENSMMUG00000017170	23
ENSMMUG00000063139	0
ENSMMUG00000062672	0
ENSMMUG00000057042	0
ENSMMUG00000020402	0
ENSMMUG00000054340	3
ENSMMUG00000059094	0
ENSMMUG00000065252	0
ENSMMUG00000058892	0
ENSMMUG00000001208	0
ENSMMUG00000018198	0
ENSMMUG00000050408	0
ENSMMUG00000021594	0
ENSMMUG00000064720	0
ENSMMUG00000017173	0
ENSMMUG00000058469	0
ENSMMUG00000048229	0
ENSMMUG00000065292	0
ENSMMUG00000014341	0
ENSMMUG00000025285	0
ENSMMUG00000042150	0
ENSMMUG00000008911	1
ENSMMUG00000016963	0
ENSMMUG00000059687	5
ENSMMUG00000024370	0
ENSMMUG00000014343	0
ENSMMUG00000059423	0
ENSMMUG00000023148	4
ENSMMUG00000004818	0
ENSMMUG00000003706	0
ENSMMUG00000030532	0
ENSMMUG00000063338	0
ENSMMUG00000055439	0
ENSMMUG00000016858	5
ENSMMUG00000017174	55
ENSMMUG00000047717	0
ENSMMUG00000003000	0
ENSMMUG00000026168	0
ENSMMUG00000062452	9
ENSMMUG00000010431	18
ENSMMUG00000000468	0
ENSMMUG00000012044	5
ENSMMUG00000003705	0
ENSMMUG00000055878	0
ENSMMUG00000062639	0
ENSMMUG00000037884	0
ENSMMUG00000017176	0
ENSMMUG00000011948	401
ENSMMUG00000055401	0
ENSMMUG00000065225	0
ENSMMUG00000055226	1
ENSMMUG00000061791	0
ENSMMUG00000062079	1
ENSMMUG00000033677	0
ENSMMUG00000015750	0
ENSMMUG00000013033	0
ENSMMUG00000000469	0
ENSMMUG00000015600	0
ENSMMUG00000000470	0
ENSMMUG00000026638	0
ENSMMUG00000009479	28
ENSMMUG00000009339	3
ENSMMUG00000011949	55
ENSMMUG00000027574	82
ENSMMUG00000026323	4
ENSMMUG00000044079	0
ENSMMUG00000019703	3
ENSMMUG00000019829	0
ENSMMUG00000028279	1
ENSMMUG00000002122	26
ENSMMUG00000019825	0
ENSMMUG00000050104	5
ENSMMUG00000009792	30
ENSMMUG00000063429	0
ENSMMUG00000053854	0
ENSMMUG00000059582	0
ENSMMUG00000051067	0
ENSMMUG00000052392	0
ENSMMUG00000052336	0
ENSMMUG00000051549	0
ENSMMUG00000035434	0
ENSMMUG00000004396	2
ENSMMUG00000055282	0
ENSMMUG00000063488	0
ENSMMUG00000022376	0
ENSMMUG00000012969	42
ENSMMUG00000009341	125
ENSMMUG00000059754	0
ENSMMUG00000064301	0
ENSMMUG00000056153	0
ENSMMUG00000056283	0
ENSMMUG00000043467	0
ENSMMUG00000015125	150
ENSMMUG00000060602	0
ENSMMUG00000009794	0
ENSMMUG00000004394	7
ENSMMUG00000061980	0
ENSMMUG00000061784	0
ENSMMUG00000064905	0
ENSMMUG00000055047	0
ENSMMUG00000056618	0
ENSMMUG00000013038	0
ENSMMUG00000047000	34
ENSMMUG00000060039	9
ENSMMUG00000015130	0
ENSMMUG00000015131	0
ENSMMUG00000006867	0
ENSMMUG00000052989	34
ENSMMUG00000061761	3
ENSMMUG00000056189	0
ENSMMUG00000061792	0
ENSMMUG00000058942	0
ENSMMUG00000005001	38
ENSMMUG00000052297	0
ENSMMUG00000051437	0
ENSMMUG00000017533	246
ENSMMUG00000050485	0
ENSMMUG00000055805	0
ENSMMUG00000056679	0
ENSMMUG00000051336	0
ENSMMUG00000052302	0
ENSMMUG00000013040	0
ENSMMUG00000040456	0
ENSMMUG00000017534	1
ENSMMUG00000003102	0
ENSMMUG00000010105	1
ENSMMUG00000056491	279
ENSMMUG00000017535	0
ENSMMUG00000058773	0
ENSMMUG00000007679	0
ENSMMUG00000010780	0
ENSMMUG00000007680	15
ENSMMUG00000056367	13
ENSMMUG00000051770	0
ENSMMUG00000057415	0
ENSMMUG00000003103	0
ENSMMUG00000056637	0
ENSMMUG00000036359	0
ENSMMUG00000025973	0
ENSMMUG00000027048	0
ENSMMUG00000064800	0
ENSMMUG00000046929	0
ENSMMUG00000017601	78
ENSMMUG00000062622	0
ENSMMUG00000058746	0
ENSMMUG00000056459	43
ENSMMUG00000064185	0
ENSMMUG00000060444	0
ENSMMUG00000022658	0
ENSMMUG00000056902	0
ENSMMUG00000015286	0
ENSMMUG00000010847	0
ENSMMUG00000013485	0
ENSMMUG00000050466	47
ENSMMUG00000064220	0
ENSMMUG00000065343	0
ENSMMUG00000050840	2
ENSMMUG00000021138	0
ENSMMUG00000059564	6
ENSMMUG00000030513	0
ENSMMUG00000007660	0
ENSMMUG00000016687	0
ENSMMUG00000052634	0
ENSMMUG00000025630	0
ENSMMUG00000021140	0
ENSMMUG00000007662	0
ENSMMUG00000016689	0
ENSMMUG00000053058	0
ENSMMUG00000010458	0
ENSMMUG00000050083	0
ENSMMUG00000003747	2
ENSMMUG00000001518	0
ENSMMUG00000051964	0
ENSMMUG00000011661	0
ENSMMUG00000008687	15
ENSMMUG00000001217	3
ENSMMUG00000057705	0
ENSMMUG00000008564	0
ENSMMUG00000003749	15
ENSMMUG00000001218	6
ENSMMUG00000050473	0
ENSMMUG00000039709	0
ENSMMUG00000033004	0
ENSMMUG00000030531	108
ENSMMUG00000016644	2
ENSMMUG00000017858	0
ENSMMUG00000023480	1
ENSMMUG00000016646	4
ENSMMUG00000000684	0
ENSMMUG00000022496	0
ENSMMUG00000057618	0
ENSMMUG00000061385	0
ENSMMUG00000023766	1
ENSMMUG00000055640	0
ENSMMUG00000040690	0
ENSMMUG00000032895	0
ENSMMUG00000055502	0
ENSMMUG00000064928	0
ENSMMUG00000050856	2
ENSMMUG00000044756	0
ENSMMUG00000055239	1
ENSMMUG00000057347	0
ENSMMUG00000015826	0
ENSMMUG00000016902	0
ENSMMUG00000055456	0
ENSMMUG00000008872	3
ENSMMUG00000022514	0
ENSMMUG00000003090	0
ENSMMUG00000053104	0
ENSMMUG00000049775	0
ENSMMUG00000003092	1
ENSMMUG00000001874	0
ENSMMUG00000060454	0
ENSMMUG00000050160	0
ENSMMUG00000008873	0
ENSMMUG00000056119	3
ENSMMUG00000024234	0
ENSMMUG00000053199	1
ENSMMUG00000024717	0
ENSMMUG00000065080	0
ENSMMUG00000018766	5
ENSMMUG00000054685	0
ENSMMUG00000057751	1
ENSMMUG00000052467	0
ENSMMUG00000060073	0
ENSMMUG00000062976	0
ENSMMUG00000055397	0
ENSMMUG00000053342	0
ENSMMUG00000063840	0
ENSMMUG00000059038	0
ENSMMUG00000065230	0
ENSMMUG00000033159	0
ENSMMUG00000011523	50
ENSMMUG00000006628	0
ENSMMUG00000051395	0
ENSMMUG00000061180	0
ENSMMUG00000034066	0
ENSMMUG00000030530	0
ENSMMUG00000007058	44
ENSMMUG00000001876	6
ENSMMUG00000016850	37
ENSMMUG00000017727	4
ENSMMUG00000035158	0
ENSMMUG00000006632	0
ENSMMUG00000022517	1
ENSMMUG00000033090	0
ENSMMUG00000022521	2
ENSMMUG00000007061	73
ENSMMUG00000058129	0
ENSMMUG00000033892	0
ENSMMUG00000061162	2
ENSMMUG00000017726	3
ENSMMUG00000022523	3
ENSMMUG00000007064	0
ENSMMUG00000024225	0
ENSMMUG00000058427	19
ENSMMUG00000057128	0
ENSMMUG00000042207	0
ENSMMUG00000007067	17
ENSMMUG00000010256	0
ENSMMUG00000064442	1
ENSMMUG00000010254	0
ENSMMUG00000057701	0
ENSMMUG00000041236	0
ENSMMUG00000034431	0
ENSMMUG00000028209	0
ENSMMUG00000050833	0
ENSMMUG00000016829	0
ENSMMUG00000052709	0
ENSMMUG00000015323	4
ENSMMUG00000010427	2
ENSMMUG00000039547	0
ENSMMUG00000000424	2
ENSMMUG00000022524	2
ENSMMUG00000010428	22
ENSMMUG00000015324	0
ENSMMUG00000013152	0
ENSMMUG00000059655	0
ENSMMUG00000039940	0
ENSMMUG00000014529	0
ENSMMUG00000047189	0
ENSMMUG00000062207	0
ENSMMUG00000015325	133
ENSMMUG00000048603	0
ENSMMUG00000030511	0
ENSMMUG00000019633	2
ENSMMUG00000019634	70
ENSMMUG00000058182	0
ENSMMUG00000044990	0
ENSMMUG00000059056	0
ENSMMUG00000052662	0
ENSMMUG00000020027	36
ENSMMUG00000059603	4
ENSMMUG00000020028	3
ENSMMUG00000020029	61
ENSMMUG00000063660	9
ENSMMUG00000053733	0
ENSMMUG00000060796	0
ENSMMUG00000058240	0
ENSMMUG00000015414	0
ENSMMUG00000058764	0
ENSMMUG00000001902	0
ENSMMUG00000020030	198
ENSMMUG00000036145	0
ENSMMUG00000052975	0
ENSMMUG00000053849	0
ENSMMUG00000001905	0
ENSMMUG00000063092	2
ENSMMUG00000064764	0
ENSMMUG00000020032	3
ENSMMUG00000020033	0
ENSMMUG00000020034	0
ENSMMUG00000052153	17
ENSMMUG00000049360	0
ENSMMUG00000064106	0
ENSMMUG00000020080	0
ENSMMUG00000015503	1
ENSMMUG00000051688	0
ENSMMUG00000016663	0
ENSMMUG00000064002	7
ENSMMUG00000058692	0
ENSMMUG00000052970	0
ENSMMUG00000018154	11
ENSMMUG00000033041	0
ENSMMUG00000000148	0
ENSMMUG00000056243	0
ENSMMUG00000052648	0
ENSMMUG00000061130	0
ENSMMUG00000010281	0
ENSMMUG00000051439	93
ENSMMUG00000064273	0
ENSMMUG00000060995	3
ENSMMUG00000033284	0
ENSMMUG00000020603	2
ENSMMUG00000015334	18
ENSMMUG00000057536	7
ENSMMUG00000062166	0
ENSMMUG00000054904	0
ENSMMUG00000051949	9
ENSMMUG00000020604	8
ENSMMUG00000015339	0
ENSMMUG00000049770	4
ENSMMUG00000050118	0
ENSMMUG00000020605	0
ENSMMUG00000052980	0
ENSMMUG00000059304	0
ENSMMUG00000060230	0
ENSMMUG00000003610	0
ENSMMUG00000010357	9
ENSMMUG00000010356	0
ENSMMUG00000052430	0
ENSMMUG00000053013	0
ENSMMUG00000060545	7
ENSMMUG00000061953	0
ENSMMUG00000053779	0
ENSMMUG00000054097	0
ENSMMUG00000063554	0
ENSMMUG00000057088	0
ENSMMUG00000064376	0
ENSMMUG00000061916	0
ENSMMUG00000014265	212
ENSMMUG00000053354	41
ENSMMUG00000059281	0
ENSMMUG00000018676	1
ENSMMUG00000060964	0
ENSMMUG00000018677	15
ENSMMUG00000036830	2
ENSMMUG00000018679	23
ENSMMUG00000018681	5
ENSMMUG00000018683	0
ENSMMUG00000021049	0
ENSMMUG00000057713	0
ENSMMUG00000019042	0
ENSMMUG00000062741	0
ENSMMUG00000042320	0
ENSMMUG00000018685	15
ENSMMUG00000011209	0
ENSMMUG00000038158	0
ENSMMUG00000053066	0
ENSMMUG00000055209	2
ENSMMUG00000006912	0
ENSMMUG00000051955	2
ENSMMUG00000048744	0
ENSMMUG00000052245	0
ENSMMUG00000012842	28
ENSMMUG00000061681	0
ENSMMUG00000017123	63
ENSMMUG00000016454	1
ENSMMUG00000016486	0
ENSMMUG00000050807	0
ENSMMUG00000052740	34
ENSMMUG00000017124	5
ENSMMUG00000016453	1
ENSMMUG00000037033	0
ENSMMUG00000064209	0
ENSMMUG00000012650	0
ENSMMUG00000051664	0
ENSMMUG00000036224	0
ENSMMUG00000012652	7
ENSMMUG00000035324	0
ENSMMUG00000056579	1
ENSMMUG00000056836	1
ENSMMUG00000051053	0
ENSMMUG00000052400	8
ENSMMUG00000009152	11
ENSMMUG00000049792	0
ENSMMUG00000012844	0
ENSMMUG00000012654	8
ENSMMUG00000053225	0
ENSMMUG00000057785	0
ENSMMUG00000057311	0
ENSMMUG00000018037	0
ENSMMUG00000001489	0
ENSMMUG00000036607	0
ENSMMUG00000002320	18
ENSMMUG00000017619	0
ENSMMUG00000017126	0
ENSMMUG00000058766	0
ENSMMUG00000016983	0
ENSMMUG00000054621	0
ENSMMUG00000050754	0
ENSMMUG00000019643	0
ENSMMUG00000043336	0
ENSMMUG00000016985	0
ENSMMUG00000031572	14
ENSMMUG00000035678	0
ENSMMUG00000017902	2
ENSMMUG00000046409	0
ENSMMUG00000062539	27
ENSMMUG00000044950	3
ENSMMUG00000061935	0
ENSMMUG00000049439	0
ENSMMUG00000040870	0
ENSMMUG00000000512	2
ENSMMUG00000014168	1
ENSMMUG00000016990	8
ENSMMUG00000021928	3
ENSMMUG00000063810	0
ENSMMUG00000023583	0
ENSMMUG00000004093	1
ENSMMUG00000053956	0
ENSMMUG00000001354	0
ENSMMUG00000055512	0
ENSMMUG00000033964	0
ENSMMUG00000040330	0
ENSMMUG00000026942	0
ENSMMUG00000056689	2
ENSMMUG00000063079	0
ENSMMUG00000051436	0
ENSMMUG00000050979	166
ENSMMUG00000025557	0
ENSMMUG00000018273	0
ENSMMUG00000036682	2
ENSMMUG00000023719	1
ENSMMUG00000036612	0
ENSMMUG00000025494	0
ENSMMUG00000063413	0
ENSMMUG00000009583	0
ENSMMUG00000015107	0
ENSMMUG00000034327	0
ENSMMUG00000057580	0
ENSMMUG00000054900	0
ENSMMUG00000060749	0
ENSMMUG00000056631	0
ENSMMUG00000008546	2
ENSMMUG00000012206	3
ENSMMUG00000061774	0
ENSMMUG00000023036	17
ENSMMUG00000053171	1
ENSMMUG00000064833	0
ENSMMUG00000054987	85
ENSMMUG00000044404	0
ENSMMUG00000050151	0
ENSMMUG00000051291	0
ENSMMUG00000059529	0
ENSMMUG00000033222	0
ENSMMUG00000039070	1
ENSMMUG00000057689	0
ENSMMUG00000013643	1
ENSMMUG00000053967	0
ENSMMUG00000051674	2
ENSMMUG00000056979	0
ENSMMUG00000052270	8
ENSMMUG00000015188	0
ENSMMUG00000040603	0
ENSMMUG00000053527	0
ENSMMUG00000058287	0
ENSMMUG00000022404	5
ENSMMUG00000013202	5
ENSMMUG00000004412	5
ENSMMUG00000015189	0
ENSMMUG00000006893	0
ENSMMUG00000017901	0
ENSMMUG00000057428	0
ENSMMUG00000011117	0
ENSMMUG00000049147	0
ENSMMUG00000020811	0
ENSMMUG00000015108	0
ENSMMUG00000005189	0
ENSMMUG00000007556	0
ENSMMUG00000005629	0
ENSMMUG00000022406	18
ENSMMUG00000054325	0
ENSMMUG00000005190	0
ENSMMUG00000020812	0
ENSMMUG00000054968	7
ENSMMUG00000020804	0
ENSMMUG00000020813	0
ENSMMUG00000005191	0
ENSMMUG00000063190	9
ENSMMUG00000005192	9
ENSMMUG00000056438	0
ENSMMUG00000017738	4
ENSMMUG00000060158	0
ENSMMUG00000009048	2
ENSMMUG00000064569	0
ENSMMUG00000060494	0
ENSMMUG00000063619	0
ENSMMUG00000058840	0
ENSMMUG00000056364	0
ENSMMUG00000065233	0
ENSMMUG00000052852	5
ENSMMUG00000035002	0
ENSMMUG00000059391	0
ENSMMUG00000056212	0
ENSMMUG00000058477	0
ENSMMUG00000058681	0
ENSMMUG00000006608	10
ENSMMUG00000058211	0
ENSMMUG00000062511	0
ENSMMUG00000063762	0
ENSMMUG00000063966	0
ENSMMUG00000054350	0
ENSMMUG00000053122	0
ENSMMUG00000002178	0
ENSMMUG00000044556	17
ENSMMUG00000061704	0
ENSMMUG00000053174	0
ENSMMUG00000058638	2
ENSMMUG00000056148	0
ENSMMUG00000053835	0
ENSMMUG00000055681	1
ENSMMUG00000058734	0
ENSMMUG00000055103	3
ENSMMUG00000056729	0
ENSMMUG00000062131	0
ENSMMUG00000001781	0
ENSMMUG00000049734	0
ENSMMUG00000060837	0
ENSMMUG00000023601	0
ENSMMUG00000061555	0
ENSMMUG00000039553	6
ENSMMUG00000000031	0
ENSMMUG00000009443	2
ENSMMUG00000035550	0
ENSMMUG00000063847	0
ENSMMUG00000019939	0
ENSMMUG00000022887	0
ENSMMUG00000006613	309
ENSMMUG00000061946	0
ENSMMUG00000054216	0
ENSMMUG00000056181	0
ENSMMUG00000016243	0
ENSMMUG00000055252	0
ENSMMUG00000062689	0
ENSMMUG00000014646	0
ENSMMUG00000061858	0
ENSMMUG00000056201	0
ENSMMUG00000026410	0
ENSMMUG00000063774	0
ENSMMUG00000048024	0
ENSMMUG00000050145	0
ENSMMUG00000059722	0
ENSMMUG00000063016	0
ENSMMUG00000023603	0
ENSMMUG00000005767	0
ENSMMUG00000006957	0
ENSMMUG00000017102	0
ENSMMUG00000020926	0
ENSMMUG00000010201	48
ENSMMUG00000012564	1
ENSMMUG00000054626	0
ENSMMUG00000022893	1
ENSMMUG00000023600	2
ENSMMUG00000063387	0
ENSMMUG00000022698	0
ENSMMUG00000015221	27
ENSMMUG00000036337	0
ENSMMUG00000022469	1
ENSMMUG00000064031	8
ENSMMUG00000010203	15
ENSMMUG00000009159	20
ENSMMUG00000060789	0
ENSMMUG00000055508	0
ENSMMUG00000049761	2
ENSMMUG00000058674	1
ENSMMUG00000025094	0
ENSMMUG00000055338	2
ENSMMUG00000037276	0
ENSMMUG00000051412	0
ENSMMUG00000026934	0
ENSMMUG00000018492	3
ENSMMUG00000026953	0
ENSMMUG00000061810	0
ENSMMUG00000062438	2
ENSMMUG00000010205	4
ENSMMUG00000008269	0
ENSMMUG00000034335	0
ENSMMUG00000039447	28
ENSMMUG00000017646	0
ENSMMUG00000050232	0
ENSMMUG00000002041	0
ENSMMUG00000005301	0
ENSMMUG00000015484	0
ENSMMUG00000062439	0
ENSMMUG00000008271	0
ENSMMUG00000035606	0
ENSMMUG00000060438	0
ENSMMUG00000010207	12
ENSMMUG00000053809	0
ENSMMUG00000022313	1
ENSMMUG00000003571	0
ENSMMUG00000050462	0
ENSMMUG00000019929	0
ENSMMUG00000010210	34
ENSMMUG00000061961	0
ENSMMUG00000005082	0
ENSMMUG00000053879	0
ENSMMUG00000020360	0
ENSMMUG00000053308	0
ENSMMUG00000049453	0
ENSMMUG00000015926	2
ENSMMUG00000058625	0
ENSMMUG00000046684	0
ENSMMUG00000015930	4
ENSMMUG00000012569	0
ENSMMUG00000051842	3
ENSMMUG00000005081	0
ENSMMUG00000056892	0
ENSMMUG00000056804	0
ENSMMUG00000031528	0
ENSMMUG00000059540	0
ENSMMUG00000058377	0
ENSMMUG00000060203	0
ENSMMUG00000053523	0
ENSMMUG00000020443	0
ENSMMUG00000063786	0
ENSMMUG00000015931	8
ENSMMUG00000012786	0
ENSMMUG00000031527	0
ENSMMUG00000052182	0
ENSMMUG00000050862	0
ENSMMUG00000058757	0
ENSMMUG00000018718	0
ENSMMUG00000011908	0
ENSMMUG00000020343	2
ENSMMUG00000005747	0
ENSMMUG00000062405	0
ENSMMUG00000058541	0
ENSMMUG00000046226	0
ENSMMUG00000016241	2
ENSMMUG00000006470	0
ENSMMUG00000063609	2
ENSMMUG00000050265	0
ENSMMUG00000009457	14
ENSMMUG00000046665	827
ENSMMUG00000016494	33
ENSMMUG00000060952	0
ENSMMUG00000056118	0
ENSMMUG00000020375	0
ENSMMUG00000006347	24
ENSMMUG00000052631	11
ENSMMUG00000049873	0
ENSMMUG00000056965	0
ENSMMUG00000042728	26
ENSMMUG00000001194	3
ENSMMUG00000050924	0
ENSMMUG00000063042	0
ENSMMUG00000031884	0
ENSMMUG00000061718	363
ENSMMUG00000020601	0
ENSMMUG00000054600	0
ENSMMUG00000057330	0
ENSMMUG00000004541	0
ENSMMUG00000000121	0
ENSMMUG00000000924	0
ENSMMUG00000019678	1
ENSMMUG00000008897	1
ENSMMUG00000000925	0
ENSMMUG00000026863	0
ENSMMUG00000063144	0
ENSMMUG00000061212	0
ENSMMUG00000046646	0
ENSMMUG00000025464	0
ENSMMUG00000063741	0
ENSMMUG00000019649	0
ENSMMUG00000059276	9
ENSMMUG00000046055	0
ENSMMUG00000062271	0
ENSMMUG00000053554	5
ENSMMUG00000058623	0
ENSMMUG00000028542	0
ENSMMUG00000028264	0
ENSMMUG00000055610	0
ENSMMUG00000034367	0
ENSMMUG00000004223	32
ENSMMUG00000010331	0
ENSMMUG00000055661	0
ENSMMUG00000063885	0
ENSMMUG00000008899	0
ENSMMUG00000054236	26
ENSMMUG00000055396	0
ENSMMUG00000050467	0
ENSMMUG00000011642	0
ENSMMUG00000019650	0
ENSMMUG00000008584	0
ENSMMUG00000055437	0
ENSMMUG00000015773	4
ENSMMUG00000050872	0
ENSMMUG00000049965	0
ENSMMUG00000064783	0
ENSMMUG00000004950	0
ENSMMUG00000037711	1
ENSMMUG00000044186	0
ENSMMUG00000060209	0
ENSMMUG00000065167	0
ENSMMUG00000012989	1
ENSMMUG00000015962	3
ENSMMUG00000055254	0
ENSMMUG00000015134	0
ENSMMUG00000039826	0
ENSMMUG00000012223	0
ENSMMUG00000063289	0
ENSMMUG00000064370	26
ENSMMUG00000061597	0
ENSMMUG00000036493	0
ENSMMUG00000024233	0
ENSMMUG00000012992	10
ENSMMUG00000054592	0
ENSMMUG00000047465	0
ENSMMUG00000059942	0
ENSMMUG00000011663	0
ENSMMUG00000061974	0
ENSMMUG00000004470	9
ENSMMUG00000004242	0
ENSMMUG00000063627	0
ENSMMUG00000011667	0
ENSMMUG00000005182	0
ENSMMUG00000051082	0
ENSMMUG00000011669	0
ENSMMUG00000044054	0
ENSMMUG00000060613	3
ENSMMUG00000051242	10
ENSMMUG00000011671	0
ENSMMUG00000026566	0
ENSMMUG00000012891	10
ENSMMUG00000050622	0
ENSMMUG00000063337	0
ENSMMUG00000026107	11
ENSMMUG00000060307	0
ENSMMUG00000052134	0
ENSMMUG00000031495	10
ENSMMUG00000028665	0
ENSMMUG00000060675	0
ENSMMUG00000003942	0
ENSMMUG00000000375	73
ENSMMUG00000018305	3
ENSMMUG00000062826	0
ENSMMUG00000027052	0
ENSMMUG00000000434	1
ENSMMUG00000031851	0
ENSMMUG00000017463	0
ENSMMUG00000016671	0
ENSMMUG00000032817	20
ENSMMUG00000013800	0
ENSMMUG00000037874	0
ENSMMUG00000031463	0
ENSMMUG00000016669	2
ENSMMUG00000003574	21
ENSMMUG00000000377	3
ENSMMUG00000042124	2
ENSMMUG00000011496	2
ENSMMUG00000022109	0
ENSMMUG00000023791	27
ENSMMUG00000064412	15
ENSMMUG00000052496	0
ENSMMUG00000051985	0
ENSMMUG00000053999	0
ENSMMUG00000023378	3
ENSMMUG00000065144	0
ENSMMUG00000053143	2
ENSMMUG00000058267	8
ENSMMUG00000015374	4
ENSMMUG00000032087	0
ENSMMUG00000046323	0
ENSMMUG00000053373	0
ENSMMUG00000020212	3
ENSMMUG00000057369	0
ENSMMUG00000010854	240
ENSMMUG00000022067	0
ENSMMUG00000046260	0
ENSMMUG00000058914	0
ENSMMUG00000017729	1
ENSMMUG00000020213	1
ENSMMUG00000003755	9
ENSMMUG00000031562	4
ENSMMUG00000010857	42
ENSMMUG00000022106	4
ENSMMUG00000013804	0
ENSMMUG00000018298	86
ENSMMUG00000061029	0
ENSMMUG00000055294	0
ENSMMUG00000049342	34
ENSMMUG00000062495	0
ENSMMUG00000005150	1
ENSMMUG00000021005	0
ENSMMUG00000055325	0
ENSMMUG00000003758	0
ENSMMUG00000031610	4
ENSMMUG00000040133	0
ENSMMUG00000055513	12
ENSMMUG00000010484	8
ENSMMUG00000058536	0
ENSMMUG00000002536	0
ENSMMUG00000050046	0
ENSMMUG00000034453	0
ENSMMUG00000040566	0
ENSMMUG00000000108	2
ENSMMUG00000061260	0
ENSMMUG00000013514	39
ENSMMUG00000042352	0
ENSMMUG00000064953	11
ENSMMUG00000050085	5
ENSMMUG00000051090	0
ENSMMUG00000059828	5
ENSMMUG00000031493	12
ENSMMUG00000020634	25
ENSMMUG00000023032	0
ENSMMUG00000020875	0
ENSMMUG00000060265	0
ENSMMUG00000052679	0
ENSMMUG00000016171	0
ENSMMUG00000000183	0
ENSMMUG00000060293	0
ENSMMUG00000054918	0
ENSMMUG00000058245	40
ENSMMUG00000056428	0
ENSMMUG00000055071	0
ENSMMUG00000054484	0
ENSMMUG00000016805	0
ENSMMUG00000064919	0
ENSMMUG00000011999	2
ENSMMUG00000002197	21
ENSMMUG00000008411	8
ENSMMUG00000039118	0
ENSMMUG00000065224	0
ENSMMUG00000064671	0
ENSMMUG00000038348	25
ENSMMUG00000054399	0
ENSMMUG00000055909	0
ENSMMUG00000032158	0
ENSMMUG00000015377	210
ENSMMUG00000008416	20
ENSMMUG00000061421	0
ENSMMUG00000036818	0
ENSMMUG00000058987	0
ENSMMUG00000064834	0
ENSMMUG00000001739	0
ENSMMUG00000000147	0
ENSMMUG00000020648	6
ENSMMUG00000054674	3
ENSMMUG00000000439	5
ENSMMUG00000044069	0
ENSMMUG00000055284	0
ENSMMUG00000002191	1
ENSMMUG00000010912	0
ENSMMUG00000011300	0
ENSMMUG00000018814	12
ENSMMUG00000011650	0
ENSMMUG00000002192	0
ENSMMUG00000001457	0
ENSMMUG00000011292	68
ENSMMUG00000002679	0
ENSMMUG00000050629	0
ENSMMUG00000056517	194
ENSMMUG00000047989	0
ENSMMUG00000055570	0
ENSMMUG00000059548	0
ENSMMUG00000038459	0
ENSMMUG00000063537	41
ENSMMUG00000055742	0
ENSMMUG00000056408	0
ENSMMUG00000050696	0
ENSMMUG00000054225	0
ENSMMUG00000051017	0
ENSMMUG00000042870	0
ENSMMUG00000058854	0
ENSMMUG00000057570	0
ENSMMUG00000049083	0
ENSMMUG00000023048	0
ENSMMUG00000020877	3
ENSMMUG00000053227	0
ENSMMUG00000000111	0
ENSMMUG00000065047	0
ENSMMUG00000053021	0
ENSMMUG00000054552	0
ENSMMUG00000016995	0
ENSMMUG00000058836	0
ENSMMUG00000053578	0
ENSMMUG00000049431	2
ENSMMUG00000005832	0
ENSMMUG00000004367	0
ENSMMUG00000048811	1
ENSMMUG00000016997	0
ENSMMUG00000059674	0
ENSMMUG00000020650	0
ENSMMUG00000018724	0
ENSMMUG00000013178	190
ENSMMUG00000042111	121
ENSMMUG00000055308	3
ENSMMUG00000049303	0
ENSMMUG00000015381	3
ENSMMUG00000055224	0
ENSMMUG00000026492	2
ENSMMUG00000018725	1
ENSMMUG00000005833	11
ENSMMUG00000063989	2
ENSMMUG00000064177	7
ENSMMUG00000064931	0
ENSMMUG00000041623	0
ENSMMUG00000063287	7
ENSMMUG00000058404	26
ENSMMUG00000013653	0
ENSMMUG00000036387	0
ENSMMUG00000059975	63
ENSMMUG00000012778	0
ENSMMUG00000050631	6
ENSMMUG00000059357	0
ENSMMUG00000064647	0
ENSMMUG00000012562	0
ENSMMUG00000007678	0
ENSMMUG00000055764	0
ENSMMUG00000013868	0
ENSMMUG00000035767	15
ENSMMUG00000026727	0
ENSMMUG00000013867	0
ENSMMUG00000006435	13
ENSMMUG00000055549	0
ENSMMUG00000059361	0
ENSMMUG00000056014	0
ENSMMUG00000013181	105
ENSMMUG00000024097	1
ENSMMUG00000052481	0
ENSMMUG00000014370	4
ENSMMUG00000061664	0
ENSMMUG00000002955	20
ENSMMUG00000031445	14
ENSMMUG00000062835	0
ENSMMUG00000061628	0
ENSMMUG00000054289	0
ENSMMUG00000060656	0
ENSMMUG00000020806	0
ENSMMUG00000049117	0
ENSMMUG00000036833	0
ENSMMUG00000055706	0
ENSMMUG00000009601	0
ENSMMUG00000012670	0
ENSMMUG00000062027	0
ENSMMUG00000049871	0
ENSMMUG00000031594	0
ENSMMUG00000062773	0
ENSMMUG00000039520	0
ENSMMUG00000002243	0
ENSMMUG00000003150	3
ENSMMUG00000012782	2
ENSMMUG00000004592	0
ENSMMUG00000047361	0
ENSMMUG00000046886	0
ENSMMUG00000039203	0
ENSMMUG00000000113	6
ENSMMUG00000054876	0
ENSMMUG00000050930	3
ENSMMUG00000011442	0
ENSMMUG00000054331	0
ENSMMUG00000009789	0
ENSMMUG00000049900	0
ENSMMUG00000018816	334
ENSMMUG00000006441	15
ENSMMUG00000053657	0
ENSMMUG00000002954	2
ENSMMUG00000006492	0
ENSMMUG00000024433	113
ENSMMUG00000012457	47
ENSMMUG00000061427	0
ENSMMUG00000061748	0
ENSMMUG00000059904	0
ENSMMUG00000057238	0
ENSMMUG00000018237	67
ENSMMUG00000018385	0
ENSMMUG00000002244	0
ENSMMUG00000014186	0
ENSMMUG00000028538	0
ENSMMUG00000000152	2
ENSMMUG00000021276	0
ENSMMUG00000000115	0
ENSMMUG00000064944	119
ENSMMUG00000055109	20
ENSMMUG00000023315	0
ENSMMUG00000023469	6
ENSMMUG00000015305	0
ENSMMUG00000059486	0
ENSMMUG00000064225	23
ENSMMUG00000006494	9
ENSMMUG00000052854	0
ENSMMUG00000032884	0
ENSMMUG00000064950	0
ENSMMUG00000041703	73
ENSMMUG00000013892	1
ENSMMUG00000001259	0
ENSMMUG00000051101	7
ENSMMUG00000039562	14
ENSMMUG00000016203	11
ENSMMUG00000022359	0
ENSMMUG00000062540	2
ENSMMUG00000031853	0
ENSMMUG00000023317	0
ENSMMUG00000060614	0
ENSMMUG00000061972	26
ENSMMUG00000056557	0
ENSMMUG00000006298	13
ENSMMUG00000051348	0
ENSMMUG00000046639	9
ENSMMUG00000064364	0
ENSMMUG00000008432	3
ENSMMUG00000018630	0
ENSMMUG00000020808	0
ENSMMUG00000008154	20
ENSMMUG00000054509	0
ENSMMUG00000013894	5
ENSMMUG00000051853	0
ENSMMUG00000015299	226
ENSMMUG00000006735	0
ENSMMUG00000009255	18
ENSMMUG00000063751	0
ENSMMUG00000060495	0
ENSMMUG00000007523	0
ENSMMUG00000007050	0
ENSMMUG00000060106	0
ENSMMUG00000050627	0
ENSMMUG00000019049	0
ENSMMUG00000027438	0
ENSMMUG00000013155	25
ENSMMUG00000062737	0
ENSMMUG00000059535	0
ENSMMUG00000063910	0
ENSMMUG00000024466	0
ENSMMUG00000064730	0
ENSMMUG00000056259	0
ENSMMUG00000023128	2
ENSMMUG00000065020	0
ENSMMUG00000011297	0
ENSMMUG00000015297	0
ENSMMUG00000049487	0
ENSMMUG00000012331	4
ENSMMUG00000057264	0
ENSMMUG00000008505	4
ENSMMUG00000003685	0
ENSMMUG00000060417	0
ENSMMUG00000058071	0
ENSMMUG00000003521	58
ENSMMUG00000049920	0
ENSMMUG00000048864	3
ENSMMUG00000042200	0
ENSMMUG00000049234	1
ENSMMUG00000006641	4
ENSMMUG00000058015	0
ENSMMUG00000019052	0
ENSMMUG00000057982	0
ENSMMUG00000045446	0
ENSMMUG00000057094	0
ENSMMUG00000047187	0
ENSMMUG00000039526	168
ENSMMUG00000064136	0
ENSMMUG00000027467	0
ENSMMUG00000015293	2
ENSMMUG00000014187	0
ENSMMUG00000006971	0
ENSMMUG00000027332	10
ENSMMUG00000036661	0
ENSMMUG00000013223	0
ENSMMUG00000051035	0
ENSMMUG00000051844	7
ENSMMUG00000020758	5
ENSMMUG00000044229	0
ENSMMUG00000055590	0
ENSMMUG00000006546	3
ENSMMUG00000012458	0
ENSMMUG00000055511	0
ENSMMUG00000013226	0
ENSMMUG00000059804	10
ENSMMUG00000051213	0
ENSMMUG00000054690	15
ENSMMUG00000059685	7
ENSMMUG00000002203	440
ENSMMUG00000063920	5
ENSMMUG00000034183	0
ENSMMUG00000058403	0
ENSMMUG00000053363	0
ENSMMUG00000016969	10
ENSMMUG00000042077	0
ENSMMUG00000018650	34
ENSMMUG00000055447	7
ENSMMUG00000012840	11
ENSMMUG00000049854	0
ENSMMUG00000056166	14
ENSMMUG00000006970	17
ENSMMUG00000061827	0
ENSMMUG00000032892	0
ENSMMUG00000049547	0
ENSMMUG00000021793	7
ENSMMUG00000024955	0
ENSMMUG00000044047	0
ENSMMUG00000001884	8
ENSMMUG00000046478	0
ENSMMUG00000002144	0
ENSMMUG00000060310	2
ENSMMUG00000007482	0
ENSMMUG00000034832	0
ENSMMUG00000064406	11
ENSMMUG00000018577	0
ENSMMUG00000054430	95
ENSMMUG00000001179	0
ENSMMUG00000023163	12
ENSMMUG00000006861	7
ENSMMUG00000061949	6
ENSMMUG00000063745	11
ENSMMUG00000055169	0
ENSMMUG00000025389	0
ENSMMUG00000038502	0
ENSMMUG00000041595	0
ENSMMUG00000013664	1
ENSMMUG00000018578	0
ENSMMUG00000003735	18
ENSMMUG00000064024	0
ENSMMUG00000006643	0
ENSMMUG00000015705	0
ENSMMUG00000026376	0
ENSMMUG00000022864	1
ENSMMUG00000032953	0
ENSMMUG00000001180	0
ENSMMUG00000058032	0
ENSMMUG00000050504	0
ENSMMUG00000001906	6
ENSMMUG00000057272	0
ENSMMUG00000031591	0
ENSMMUG00000051585	0
ENSMMUG00000062937	0
ENSMMUG00000012362	0
ENSMMUG00000011952	32
ENSMMUG00000000946	3
ENSMMUG00000018399	9
ENSMMUG00000015709	0
ENSMMUG00000018580	76
ENSMMUG00000049754	0
ENSMMUG00000055421	0
ENSMMUG00000049682	0
ENSMMUG00000028146	0
ENSMMUG00000061923	26
ENSMMUG00000021291	0
ENSMMUG00000063582	0
ENSMMUG00000048030	0
ENSMMUG00000023821	0
ENSMMUG00000056567	0
ENSMMUG00000031819	0
ENSMMUG00000058313	0
ENSMMUG00000005504	0
ENSMMUG00000019090	5
ENSMMUG00000035830	5
ENSMMUG00000020370	0
ENSMMUG00000000477	0
ENSMMUG00000053722	0
ENSMMUG00000052214	0
ENSMMUG00000015713	3
ENSMMUG00000053477	19
ENSMMUG00000058959	0
ENSMMUG00000002921	2
ENSMMUG00000064780	0
ENSMMUG00000055929	2
ENSMMUG00000021292	40
ENSMMUG00000021794	126
ENSMMUG00000003297	0
ENSMMUG00000017026	0
ENSMMUG00000013228	1158
ENSMMUG00000023164	8
ENSMMUG00000026990	0
ENSMMUG00000060343	122
ENSMMUG00000053740	5
ENSMMUG00000046789	0
ENSMMUG00000047620	0
ENSMMUG00000064742	0
ENSMMUG00000006677	2
ENSMMUG00000049277	0
ENSMMUG00000001181	0
ENSMMUG00000049054	0
ENSMMUG00000023165	1
ENSMMUG00000025477	0
ENSMMUG00000061479	0
ENSMMUG00000008987	4
ENSMMUG00000055007	0
ENSMMUG00000018239	34
ENSMMUG00000009212	27
ENSMMUG00000000549	0
ENSMMUG00000031455	1
ENSMMUG00000021795	11
ENSMMUG00000053985	0
ENSMMUG00000013232	22
ENSMMUG00000044887	0
ENSMMUG00000046235	0
ENSMMUG00000002347	0
ENSMMUG00000060239	0
ENSMMUG00000012504	0
ENSMMUG00000050266	0
ENSMMUG00000011561	0
ENSMMUG00000063005	0
ENSMMUG00000050457	27
ENSMMUG00000015459	7
ENSMMUG00000006607	0
ENSMMUG00000049514	65
ENSMMUG00000021563	402
ENSMMUG00000057276	2
ENSMMUG00000041385	13
ENSMMUG00000010078	5
ENSMMUG00000040448	0
ENSMMUG00000054265	0
ENSMMUG00000045796	0
ENSMMUG00000051410	14
ENSMMUG00000050700	0
ENSMMUG00000018242	0
ENSMMUG00000015463	0
ENSMMUG00000044169	0
ENSMMUG00000049874	0
ENSMMUG00000015718	38
ENSMMUG00000057796	40
ENSMMUG00000001909	0
ENSMMUG00000017993	1
ENSMMUG00000051610	0
ENSMMUG00000001952	0
ENSMMUG00000021655	33
ENSMMUG00000038076	0
ENSMMUG00000010819	0
ENSMMUG00000002514	6
ENSMMUG00000060493	0
ENSMMUG00000051927	0
ENSMMUG00000006288	3
ENSMMUG00000056741	0
ENSMMUG00000055385	10
ENSMMUG00000026047	0
ENSMMUG00000006293	219
ENSMMUG00000061507	14
ENSMMUG00000059068	0
ENSMMUG00000005506	0
ENSMMUG00000056553	0
ENSMMUG00000011305	0
ENSMMUG00000012288	0
ENSMMUG00000061502	0
ENSMMUG00000021564	400
ENSMMUG00000061089	0
ENSMMUG00000009213	0
ENSMMUG00000056126	0
ENSMMUG00000021084	35
ENSMMUG00000010820	0
ENSMMUG00000035832	0
ENSMMUG00000060793	0
ENSMMUG00000022570	13
ENSMMUG00000018898	3
ENSMMUG00000057335	0
ENSMMUG00000053616	0
ENSMMUG00000049408	0
ENSMMUG00000001182	0
ENSMMUG00000054766	0
ENSMMUG00000059516	0
ENSMMUG00000031601	1
ENSMMUG00000057981	0
ENSMMUG00000003238	22
ENSMMUG00000021979	133
ENSMMUG00000018901	0
ENSMMUG00000056974	0
ENSMMUG00000046631	0
ENSMMUG00000056826	0
ENSMMUG00000038958	0
ENSMMUG00000042305	0
ENSMMUG00000037002	0
ENSMMUG00000002235	0
ENSMMUG00000015464	3
ENSMMUG00000060785	0
ENSMMUG00000043159	0
ENSMMUG00000056726	0
ENSMMUG00000002223	213
ENSMMUG00000017631	0
ENSMMUG00000058294	0
ENSMMUG00000035517	0
ENSMMUG00000020710	71
ENSMMUG00000032125	0
ENSMMUG00000056457	5
ENSMMUG00000007536	4
ENSMMUG00000012091	3
ENSMMUG00000033819	0
ENSMMUG00000017633	0
ENSMMUG00000033816	0
ENSMMUG00000061820	0
ENSMMUG00000013650	0
ENSMMUG00000053458	288
ENSMMUG00000002226	18
ENSMMUG00000051937	3
ENSMMUG00000023107	20
ENSMMUG00000001128	0
ENSMMUG00000006295	0
ENSMMUG00000015465	33
ENSMMUG00000040507	0
ENSMMUG00000056318	0
ENSMMUG00000035152	0
ENSMMUG00000004435	52
ENSMMUG00000015466	15
ENSMMUG00000017636	9
ENSMMUG00000028267	0
ENSMMUG00000042255	0
ENSMMUG00000011002	3
ENSMMUG00000000415	0
ENSMMUG00000019112	0
ENSMMUG00000054953	7
ENSMMUG00000059782	38
ENSMMUG00000001361	7
ENSMMUG00000056556	0
ENSMMUG00000001955	0
ENSMMUG00000038707	0
ENSMMUG00000004786	0
ENSMMUG00000057798	0
ENSMMUG00000046350	5
ENSMMUG00000060333	0
ENSMMUG00000001306	1
ENSMMUG00000015721	1
ENSMMUG00000057433	0
ENSMMUG00000041124	10
ENSMMUG00000027447	0
ENSMMUG00000016535	0
ENSMMUG00000037905	0
ENSMMUG00000035456	0
ENSMMUG00000063813	0
ENSMMUG00000012776	0
ENSMMUG00000018654	310
ENSMMUG00000052618	30
ENSMMUG00000003664	48
ENSMMUG00000020533	0
ENSMMUG00000031504	73
ENSMMUG00000056279	374
ENSMMUG00000051498	0
ENSMMUG00000054768	0
ENSMMUG00000044583	16
ENSMMUG00000012769	4
ENSMMUG00000012289	0
ENSMMUG00000061556	2
ENSMMUG00000018903	0
ENSMMUG00000041133	0
ENSMMUG00000023690	2
ENSMMUG00000057506	0
ENSMMUG00000052680	0
ENSMMUG00000052949	0
ENSMMUG00000060138	0
ENSMMUG00000056739	0
ENSMMUG00000018247	0
ENSMMUG00000053783	0
ENSMMUG00000012645	8
ENSMMUG00000006727	0
ENSMMUG00000062429	0
ENSMMUG00000064567	6
ENSMMUG00000017637	0
ENSMMUG00000057865	0
ENSMMUG00000053400	8
ENSMMUG00000006466	0
ENSMMUG00000015857	6
ENSMMUG00000017127	8
ENSMMUG00000001359	10
ENSMMUG00000059861	0
ENSMMUG00000006723	5
ENSMMUG00000012290	66
ENSMMUG00000006502	0
ENSMMUG00000031451	8
ENSMMUG00000010933	0
ENSMMUG00000011441	0
ENSMMUG00000064619	0
ENSMMUG00000017129	45
ENSMMUG00000035431	0
ENSMMUG00000001238	0
ENSMMUG00000003665	33
ENSMMUG00000017107	4
ENSMMUG00000049697	0
ENSMMUG00000062238	0
ENSMMUG00000009640	431
ENSMMUG00000057824	0
ENSMMUG00000040407	0
ENSMMUG00000015468	2
ENSMMUG00000063999	14
ENSMMUG00000054002	0
ENSMMUG00000057471	12
ENSMMUG00000014648	0
ENSMMUG00000061345	0
ENSMMUG00000053210	0
ENSMMUG00000064829	1
ENSMMUG00000014853	6
ENSMMUG00000024313	0
ENSMMUG00000025582	0
ENSMMUG00000007659	23
ENSMMUG00000004205	0
ENSMMUG00000052372	51
ENSMMUG00000026988	0
ENSMMUG00000005797	4
ENSMMUG00000055321	0
ENSMMUG00000035746	0
ENSMMUG00000062006	121
ENSMMUG00000027494	0
ENSMMUG00000021081	1
ENSMMUG00000052329	2
ENSMMUG00000050441	0
ENSMMUG00000011444	10
ENSMMUG00000051874	0
ENSMMUG00000006468	20
ENSMMUG00000042476	0
ENSMMUG00000053099	0
ENSMMUG00000064103	0
ENSMMUG00000017475	24
ENSMMUG00000008336	4
ENSMMUG00000015583	10
ENSMMUG00000004208	0
ENSMMUG00000009519	9
ENSMMUG00000032119	0
ENSMMUG00000013812	0
ENSMMUG00000018013	2
ENSMMUG00000003217	403
ENSMMUG00000061340	0
ENSMMUG00000019299	0
ENSMMUG00000060905	0
ENSMMUG00000061729	0
ENSMMUG00000063862	0
ENSMMUG00000056087	0
ENSMMUG00000004978	0
ENSMMUG00000017864	0
ENSMMUG00000004982	0
ENSMMUG00000000521	4
ENSMMUG00000028047	0
ENSMMUG00000055411	31
ENSMMUG00000020125	0
ENSMMUG00000009788	0
ENSMMUG00000020665	0
ENSMMUG00000052077	0
ENSMMUG00000037648	0
ENSMMUG00000058491	0
ENSMMUG00000050605	0
ENSMMUG00000057254	0
ENSMMUG00000023155	0
ENSMMUG00000012788	0
ENSMMUG00000060997	0
ENSMMUG00000061944	0
ENSMMUG00000003218	1
ENSMMUG00000046877	26
ENSMMUG00000055214	0
ENSMMUG00000060394	0
ENSMMUG00000057091	0
ENSMMUG00000005214	1
ENSMMUG00000014858	0
ENSMMUG00000047247	0
ENSMMUG00000058827	0
ENSMMUG00000031976	0
ENSMMUG00000053496	3
ENSMMUG00000009304	0
ENSMMUG00000060064	0
ENSMMUG00000037264	0
ENSMMUG00000060754	0
ENSMMUG00000017478	5
ENSMMUG00000051363	0
ENSMMUG00000023691	9
ENSMMUG00000056953	0
ENSMMUG00000063628	39
ENSMMUG00000051151	0
ENSMMUG00000058430	0
ENSMMUG00000004106	5
ENSMMUG00000051898	0
ENSMMUG00000057420	0
ENSMMUG00000060917	1
ENSMMUG00000006199	1
ENSMMUG00000058561	3
ENSMMUG00000011072	2
ENSMMUG00000007544	0
ENSMMUG00000023248	0
ENSMMUG00000018030	0
ENSMMUG00000022353	2
ENSMMUG00000023694	131
ENSMMUG00000035363	5
ENSMMUG00000031838	53
ENSMMUG00000055133	13
ENSMMUG00000031648	0
ENSMMUG00000010496	3
ENSMMUG00000054606	0
ENSMMUG00000060468	0
ENSMMUG00000017479	3
ENSMMUG00000053781	3
ENSMMUG00000002045	593
ENSMMUG00000050898	1
ENSMMUG00000022922	0
ENSMMUG00000038410	0
ENSMMUG00000015859	0
ENSMMUG00000009303	14
ENSMMUG00000059838	0
ENSMMUG00000050529	0
ENSMMUG00000015860	47
ENSMMUG00000007658	0
ENSMMUG00000007546	0
ENSMMUG00000010460	0
ENSMMUG00000046540	0
ENSMMUG00000009308	4
ENSMMUG00000008273	19
ENSMMUG00000001325	0
ENSMMUG00000007548	0
ENSMMUG00000022144	8
ENSMMUG00000009524	158
ENSMMUG00000053478	0
ENSMMUG00000060979	0
ENSMMUG00000064430	4
ENSMMUG00000019440	1
ENSMMUG00000003762	2
ENSMMUG00000032109	0
ENSMMUG00000014027	0
ENSMMUG00000044464	0
ENSMMUG00000001357	0
ENSMMUG00000022148	0
ENSMMUG00000015392	1
ENSMMUG00000015862	50
ENSMMUG00000023249	0
ENSMMUG00000057575	0
ENSMMUG00000017262	2
ENSMMUG00000042632	0
ENSMMUG00000046424	0
ENSMMUG00000043209	0
ENSMMUG00000049374	3
ENSMMUG00000009312	0
ENSMMUG00000043002	0
ENSMMUG00000054363	5
ENSMMUG00000010002	0
ENSMMUG00000060382	0
ENSMMUG00000053522	0
ENSMMUG00000053717	1
ENSMMUG00000002048	3
ENSMMUG00000005893	3
ENSMMUG00000011097	4
ENSMMUG00000001136	0
ENSMMUG00000063062	0
ENSMMUG00000063501	0
ENSMMUG00000063332	45
ENSMMUG00000021736	0
ENSMMUG00000054840	13
ENSMMUG00000001418	0
ENSMMUG00000064413	0
ENSMMUG00000052412	0
ENSMMUG00000009155	0
ENSMMUG00000017265	1
ENSMMUG00000056935	0
ENSMMUG00000020951	0
ENSMMUG00000054517	0
ENSMMUG00000051724	1
ENSMMUG00000043793	39
ENSMMUG00000006481	104
ENSMMUG00000017846	16
ENSMMUG00000060697	0
ENSMMUG00000054944	0
ENSMMUG00000010000	0
ENSMMUG00000014484	2
ENSMMUG00000057698	0
ENSMMUG00000013917	32
ENSMMUG00000063309	0
ENSMMUG00000061475	0
ENSMMUG00000016202	0
ENSMMUG00000061593	0
ENSMMUG00000052419	0
ENSMMUG00000055446	0
ENSMMUG00000021737	3
ENSMMUG00000018254	0
ENSMMUG00000017843	11
ENSMMUG00000003180	0
ENSMMUG00000057721	2
ENSMMUG00000011098	6
ENSMMUG00000039300	2
ENSMMUG00000051855	14
ENSMMUG00000062058	0
ENSMMUG00000005319	158
ENSMMUG00000063371	0
ENSMMUG00000036311	0
ENSMMUG00000053872	0
ENSMMUG00000062014	0
ENSMMUG00000003711	7
ENSMMUG00000064075	3
ENSMMUG00000064514	0
ENSMMUG00000028296	0
ENSMMUG00000011075	0
ENSMMUG00000063445	0
ENSMMUG00000003221	0
ENSMMUG00000015070	0
ENSMMUG00000026557	1
ENSMMUG00000057925	0
ENSMMUG00000050282	9
ENSMMUG00000053376	0
ENSMMUG00000048875	0
ENSMMUG00000010992	2
ENSMMUG00000050585	3
ENSMMUG00000064555	0
ENSMMUG00000041286	0
ENSMMUG00000052389	0
ENSMMUG00000056391	0
ENSMMUG00000020431	0
ENSMMUG00000035824	0
ENSMMUG00000018145	235
ENSMMUG00000016887	0
ENSMMUG00000000539	0
ENSMMUG00000034189	0
ENSMMUG00000059987	0
ENSMMUG00000026905	0
ENSMMUG00000000283	0
ENSMMUG00000064064	0
ENSMMUG00000063490	0
ENSMMUG00000022493	2
ENSMMUG00000060036	0
ENSMMUG00000057217	0
ENSMMUG00000049562	0
ENSMMUG00000054089	0
ENSMMUG00000015864	0
ENSMMUG00000018257	19
ENSMMUG00000055859	0
ENSMMUG00000060302	0
ENSMMUG00000062615	0
ENSMMUG00000052645	0
ENSMMUG00000061258	0
ENSMMUG00000052140	0
ENSMMUG00000061490	98
ENSMMUG00000003877	0
ENSMMUG00000033299	0
ENSMMUG00000054020	0
ENSMMUG00000015902	2
ENSMMUG00000061714	0
ENSMMUG00000005421	0
ENSMMUG00000052719	0
ENSMMUG00000038453	14
ENSMMUG00000022495	130
ENSMMUG00000057841	0
ENSMMUG00000038500	0
ENSMMUG00000022846	0
ENSMMUG00000058337	0
ENSMMUG00000055026	0
ENSMMUG00000054268	0
ENSMMUG00000026431	0
ENSMMUG00000056395	0
ENSMMUG00000061741	0
ENSMMUG00000053520	0
ENSMMUG00000050092	0
ENSMMUG00000055694	0
ENSMMUG00000051340	0
ENSMMUG00000016892	6
ENSMMUG00000012988	0
ENSMMUG00000018216	0
ENSMMUG00000006469	0
ENSMMUG00000046185	0
ENSMMUG00000004233	0
ENSMMUG00000024867	17
ENSMMUG00000064595	1
ENSMMUG00000008674	0
ENSMMUG00000062572	0
ENSMMUG00000005208	0
ENSMMUG00000018217	0
ENSMMUG00000056584	0
ENSMMUG00000005255	6
ENSMMUG00000034870	0
ENSMMUG00000028350	0
ENSMMUG00000050031	0
ENSMMUG00000065317	0
ENSMMUG00000024975	0
ENSMMUG00000059985	0
ENSMMUG00000008679	1
ENSMMUG00000018218	0
ENSMMUG00000055171	0
ENSMMUG00000060140	0
ENSMMUG00000007629	0
ENSMMUG00000043982	0
ENSMMUG00000051663	0
ENSMMUG00000018219	0
ENSMMUG00000020942	6
ENSMMUG00000036281	0
ENSMMUG00000058246	0
ENSMMUG00000036360	0
ENSMMUG00000062370	0
ENSMMUG00000061504	0
ENSMMUG00000003669	0
ENSMMUG00000061885	0
ENSMMUG00000022498	26
ENSMMUG00000059148	0
ENSMMUG00000021329	0
ENSMMUG00000057134	0
ENSMMUG00000062771	0
ENSMMUG00000022680	0
ENSMMUG00000056775	0
ENSMMUG00000007405	1
ENSMMUG00000062424	0
ENSMMUG00000051051	0
ENSMMUG00000054801	0
ENSMMUG00000053271	0
ENSMMUG00000055016	4
ENSMMUG00000021163	0
ENSMMUG00000010235	28
ENSMMUG00000063176	1
ENSMMUG00000054025	29
ENSMMUG00000059663	0
ENSMMUG00000031834	77
ENSMMUG00000055477	5
ENSMMUG00000063581	0
ENSMMUG00000062809	0
ENSMMUG00000001210	17
ENSMMUG00000025966	0
ENSMMUG00000013388	10493
ENSMMUG00000062381	0
ENSMMUG00000055093	0
ENSMMUG00000006253	0
ENSMMUG00000057780	0
ENSMMUG00000060207	0
ENSMMUG00000007411	0
ENSMMUG00000050355	0
ENSMMUG00000013307	0
ENSMMUG00000059757	0
ENSMMUG00000002483	35
ENSMMUG00000059750	0
ENSMMUG00000056897	0
ENSMMUG00000022676	0
ENSMMUG00000014778	0
ENSMMUG00000041729	0
ENSMMUG00000010236	5
ENSMMUG00000036227	0
ENSMMUG00000020943	20
ENSMMUG00000032062	6
ENSMMUG00000049330	0
ENSMMUG00000021742	9
ENSMMUG00000022660	0
ENSMMUG00000024261	0
ENSMMUG00000060159	0
ENSMMUG00000049522	0
ENSMMUG00000010531	0
ENSMMUG00000055752	0
ENSMMUG00000061177	0
ENSMMUG00000010747	0
ENSMMUG00000013309	2
ENSMMUG00000065123	0
ENSMMUG00000063744	0
ENSMMUG00000052321	0
ENSMMUG00000055856	0
ENSMMUG00000062139	0
ENSMMUG00000007126	28
ENSMMUG00000059996	0
ENSMMUG00000047499	4
ENSMMUG00000007424	127
ENSMMUG00000051822	2
ENSMMUG00000054181	0
ENSMMUG00000011579	0
ENSMMUG00000037675	3
ENSMMUG00000053437	0
ENSMMUG00000019134	0
ENSMMUG00000019385	0
ENSMMUG00000016621	11
ENSMMUG00000011802	1
ENSMMUG00000026182	0
ENSMMUG00000013706	0
ENSMMUG00000002358	2
ENSMMUG00000054816	6
ENSMMUG00000013703	0
ENSMMUG00000005098	2
ENSMMUG00000057830	0
ENSMMUG00000013698	0
ENSMMUG00000061646	0
ENSMMUG00000045026	0
ENSMMUG00000014400	0
ENSMMUG00000041119	0
ENSMMUG00000034427	0
ENSMMUG00000064815	1
ENSMMUG00000057610	0
ENSMMUG00000063985	0
ENSMMUG00000052438	0
ENSMMUG00000050044	136
ENSMMUG00000016628	0
ENSMMUG00000005099	6
ENSMMUG00000051173	0
ENSMMUG00000000955	7
ENSMMUG00000004172	0
ENSMMUG00000011179	49
ENSMMUG00000002641	0
ENSMMUG00000014399	0
ENSMMUG00000040307	0
ENSMMUG00000013482	47
ENSMMUG00000015253	4
ENSMMUG00000011180	105
ENSMMUG00000005960	4
ENSMMUG00000055014	0
ENSMMUG00000002304	0
ENSMMUG00000055287	99
ENSMMUG00000062790	0
ENSMMUG00000056745	0
ENSMMUG00000032156	8
ENSMMUG00000065219	0
ENSMMUG00000016631	30
ENSMMUG00000056017	1
ENSMMUG00000015256	8
ENSMMUG00000002305	0
ENSMMUG00000053763	0
ENSMMUG00000008430	0
ENSMMUG00000010868	4
ENSMMUG00000063010	0
ENSMMUG00000060392	36
ENSMMUG00000032744	15
ENSMMUG00000041726	0
ENSMMUG00000058689	0
ENSMMUG00000015810	127
ENSMMUG00000051132	0
ENSMMUG00000051493	0
ENSMMUG00000058640	2
ENSMMUG00000020948	0
ENSMMUG00000051304	0
ENSMMUG00000016962	0
ENSMMUG00000006255	1
ENSMMUG00000056498	0
ENSMMUG00000031831	15
ENSMMUG00000064368	0
ENSMMUG00000028490	0
ENSMMUG00000064323	0
ENSMMUG00000060137	0
ENSMMUG00000022118	4
ENSMMUG00000047016	0
ENSMMUG00000052721	5
ENSMMUG00000005530	0
ENSMMUG00000045353	0
ENSMMUG00000000803	4
ENSMMUG00000054831	0
ENSMMUG00000039897	15
ENSMMUG00000025496	0
ENSMMUG00000036856	0
ENSMMUG00000056625	0
ENSMMUG00000041907	0
ENSMMUG00000062808	0
ENSMMUG00000015811	4
ENSMMUG00000015179	0
ENSMMUG00000009251	0
ENSMMUG00000014980	0
ENSMMUG00000023575	6
ENSMMUG00000046124	1
ENSMMUG00000040380	3
ENSMMUG00000022174	0
ENSMMUG00000053591	0
ENSMMUG00000059067	0
ENSMMUG00000049480	242
ENSMMUG00000060951	0
ENSMMUG00000014982	0
ENSMMUG00000020629	3
ENSMMUG00000019214	8
ENSMMUG00000007727	1
ENSMMUG00000007395	0
ENSMMUG00000014984	0
ENSMMUG00000050087	0
ENSMMUG00000017319	0
ENSMMUG00000015813	0
ENSMMUG00000050481	217
ENSMMUG00000049365	2
ENSMMUG00000062887	0
ENSMMUG00000031914	2
ENSMMUG00000054978	0
ENSMMUG00000057515	0
ENSMMUG00000000956	0
ENSMMUG00000005021	0
ENSMMUG00000021735	0
ENSMMUG00000051419	0
ENSMMUG00000053710	1
ENSMMUG00000050795	0
ENSMMUG00000057230	0
ENSMMUG00000050572	0
ENSMMUG00000052144	846
ENSMMUG00000022913	0
ENSMMUG00000031911	0
ENSMMUG00000048004	0
ENSMMUG00000034968	0
ENSMMUG00000027418	0
ENSMMUG00000057615	0
ENSMMUG00000063898	5
ENSMMUG00000015817	0
ENSMMUG00000021230	0
ENSMMUG00000004851	0
ENSMMUG00000059640	0
ENSMMUG00000053460	0
ENSMMUG00000001062	3
ENSMMUG00000021878	0
ENSMMUG00000052904	0
ENSMMUG00000044105	0
ENSMMUG00000021232	0
ENSMMUG00000038256	7
ENSMMUG00000054862	0
ENSMMUG00000025284	0
ENSMMUG00000057823	0
ENSMMUG00000058855	0
ENSMMUG00000010087	0
ENSMMUG00000051829	0
ENSMMUG00000008300	1
ENSMMUG00000021733	31
ENSMMUG00000049715	0
ENSMMUG00000060420	0
ENSMMUG00000021688	0
ENSMMUG00000010334	0
ENSMMUG00000051956	0
ENSMMUG00000059150	0
ENSMMUG00000000860	83
ENSMMUG00000007730	0
ENSMMUG00000019860	0
ENSMMUG00000053651	0
ENSMMUG00000055912	1
ENSMMUG00000059462	0
ENSMMUG00000050842	0
ENSMMUG00000064121	0
ENSMMUG00000056303	0
ENSMMUG00000021689	0
ENSMMUG00000043236	0
ENSMMUG00000055839	0
ENSMMUG00000049638	0
ENSMMUG00000051715	0
ENSMMUG00000035958	0
ENSMMUG00000063112	2
ENSMMUG00000000318	492
ENSMMUG00000013942	0
ENSMMUG00000013655	212
ENSMMUG00000022175	0
ENSMMUG00000038386	0
ENSMMUG00000061853	0
ENSMMUG00000014775	0
ENSMMUG00000022176	0
ENSMMUG00000057672	0
ENSMMUG00000052971	0
ENSMMUG00000063407	0
ENSMMUG00000053986	0
ENSMMUG00000019330	395
ENSMMUG00000050112	0
ENSMMUG00000019861	18
ENSMMUG00000052758	0
ENSMMUG00000000203	0
ENSMMUG00000016550	0
ENSMMUG00000009236	0
ENSMMUG00000006529	2
ENSMMUG00000000204	0
ENSMMUG00000006531	0
ENSMMUG00000051588	14
ENSMMUG00000006154	2
ENSMMUG00000022278	17
ENSMMUG00000006532	0
ENSMMUG00000021808	0
ENSMMUG00000052078	0
ENSMMUG00000065304	0
ENSMMUG00000019332	21
ENSMMUG00000000205	0
ENSMMUG00000016471	22
ENSMMUG00000000329	2
ENSMMUG00000058178	7
ENSMMUG00000041539	0
ENSMMUG00000017279	0
ENSMMUG00000058429	0
ENSMMUG00000015540	4
ENSMMUG00000049805	0
ENSMMUG00000056919	0
ENSMMUG00000007433	4
ENSMMUG00000051123	0
ENSMMUG00000020339	0
ENSMMUG00000013253	0
ENSMMUG00000060215	0
ENSMMUG00000025346	0
ENSMMUG00000052030	0
ENSMMUG00000062621	17
ENSMMUG00000062343	0
ENSMMUG00000050891	0
ENSMMUG00000063011	0
ENSMMUG00000056712	0
ENSMMUG00000062430	0
ENSMMUG00000054004	0
ENSMMUG00000015544	9
ENSMMUG00000052885	0
ENSMMUG00000015153	8
ENSMMUG00000011811	4
ENSMMUG00000001027	2
ENSMMUG00000059980	0
ENSMMUG00000024688	0
ENSMMUG00000052898	0
ENSMMUG00000033097	0
ENSMMUG00000015550	4
ENSMMUG00000004895	0
ENSMMUG00000013766	1
ENSMMUG00000051371	0
ENSMMUG00000026224	18
ENSMMUG00000013654	11
ENSMMUG00000005246	10
ENSMMUG00000008172	0
ENSMMUG00000030923	8
ENSMMUG00000000595	0
ENSMMUG00000056197	0
ENSMMUG00000005245	133
ENSMMUG00000064396	0
ENSMMUG00000051290	0
ENSMMUG00000015343	0
ENSMMUG00000010712	0
ENSMMUG00000026236	0
ENSMMUG00000022017	11
ENSMMUG00000056570	0
ENSMMUG00000063716	0
ENSMMUG00000001214	7
ENSMMUG00000003073	6
ENSMMUG00000065110	0
ENSMMUG00000022020	2
ENSMMUG00000013666	0
ENSMMUG00000004522	6
ENSMMUG00000055476	0
ENSMMUG00000022021	0
ENSMMUG00000060125	0
ENSMMUG00000065158	0
ENSMMUG00000061155	0
ENSMMUG00000065274	0
ENSMMUG00000043878	0
ENSMMUG00000059999	0
ENSMMUG00000057617	0
ENSMMUG00000048652	0
ENSMMUG00000042948	0
ENSMMUG00000060726	4
ENSMMUG00000051454	0
ENSMMUG00000057714	0
ENSMMUG00000060449	0
ENSMMUG00000043411	0
ENSMMUG00000003763	0
ENSMMUG00000021114	62
ENSMMUG00000010565	6
ENSMMUG00000003203	0
ENSMMUG00000022030	0
ENSMMUG00000013518	0
ENSMMUG00000022034	1
ENSMMUG00000019783	0
ENSMMUG00000022036	75
ENSMMUG00000017525	106
ENSMMUG00000021192	0
ENSMMUG00000017527	120
ENSMMUG00000052817	1
ENSMMUG00000020036	0
ENSMMUG00000020037	0
ENSMMUG00000051328	0
ENSMMUG00000028328	0
ENSMMUG00000057866	0
ENSMMUG00000024935	0
ENSMMUG00000036270	0
ENSMMUG00000054294	0
ENSMMUG00000046745	0
ENSMMUG00000018484	0
ENSMMUG00000055968	0
ENSMMUG00000018485	0
ENSMMUG00000027375	0
ENSMMUG00000037566	0
ENSMMUG00000063479	0
ENSMMUG00000022961	5
ENSMMUG00000050125	0
ENSMMUG00000027345	0
ENSMMUG00000064528	0
ENSMMUG00000021782	17
ENSMMUG00000012453	139
ENSMMUG00000065333	0
ENSMMUG00000051924	4
ENSMMUG00000014007	0
ENSMMUG00000010077	0
ENSMMUG00000021784	0
ENSMMUG00000063333	0
ENSMMUG00000057485	0
ENSMMUG00000021785	4
ENSMMUG00000021786	0
ENSMMUG00000021787	1
ENSMMUG00000021789	8
ENSMMUG00000056460	3
ENSMMUG00000059286	0
ENSMMUG00000033053	4
ENSMMUG00000001124	0
ENSMMUG00000022058	157
ENSMMUG00000022060	108
ENSMMUG00000011277	234
ENSMMUG00000059375	9
ENSMMUG00000011286	25
ENSMMUG00000060873	103
ENSMMUG00000061522	0
ENSMMUG00000011289	48
ENSMMUG00000054257	0
ENSMMUG00000055886	0
ENSMMUG00000011769	0
ENSMMUG00000063780	0
ENSMMUG00000064589	0
ENSMMUG00000011773	52
ENSMMUG00000024640	0
ENSMMUG00000011775	1
ENSMMUG00000058627	0
ENSMMUG00000056394	0
ENSMMUG00000050183	0
ENSMMUG00000050776	0
ENSMMUG00000057168	0
ENSMMUG00000051685	0
ENSMMUG00000053096	0
ENSMMUG00000011777	0
ENSMMUG00000018094	2
ENSMMUG00000028384	0
ENSMMUG00000023996	0
ENSMMUG00000023828	0
ENSMMUG00000025445	0
ENSMMUG00000054390	0
ENSMMUG00000039169	0
ENSMMUG00000052932	0
ENSMMUG00000060551	0
ENSMMUG00000054124	0
ENSMMUG00000038223	0
ENSMMUG00000012140	7
ENSMMUG00000039347	0
ENSMMUG00000064004	0
ENSMMUG00000064885	0
ENSMMUG00000060183	1
ENSMMUG00000055857	0
ENSMMUG00000022831	0
ENSMMUG00000006981	0
ENSMMUG00000015167	0
ENSMMUG00000040000	34
ENSMMUG00000027299	0
ENSMMUG00000065290	0
ENSMMUG00000016871	0
ENSMMUG00000050634	0
ENSMMUG00000010519	0
ENSMMUG00000054096	0
ENSMMUG00000055810	0
ENSMMUG00000054937	4
ENSMMUG00000056392	2
ENSMMUG00000012173	0
ENSMMUG00000056429	0
ENSMMUG00000010508	0
ENSMMUG00000054595	0
ENSMMUG00000057588	0
ENSMMUG00000064179	0
ENSMMUG00000051807	232
ENSMMUG00000061244	38
ENSMMUG00000011516	6
ENSMMUG00000006985	0
ENSMMUG00000054449	0
ENSMMUG00000016873	0
ENSMMUG00000013808	0
ENSMMUG00000052472	0
ENSMMUG00000041594	0
ENSMMUG00000058471	0
ENSMMUG00000016207	0
ENSMMUG00000059971	0
ENSMMUG00000059159	0
ENSMMUG00000064161	0
ENSMMUG00000022147	14
ENSMMUG00000050921	0
ENSMMUG00000051875	0
ENSMMUG00000022149	45
ENSMMUG00000022150	1
ENSMMUG00000023321	0
ENSMMUG00000058759	0
ENSMMUG00000059604	0
ENSMMUG00000022151	3
ENSMMUG00000016209	0
ENSMMUG00000009346	0
ENSMMUG00000001674	0
ENSMMUG00000050546	0
ENSMMUG00000046909	0
ENSMMUG00000052415	0
ENSMMUG00000001721	2
ENSMMUG00000012211	1
ENSMMUG00000064325	0
ENSMMUG00000004730	10
ENSMMUG00000021287	0
ENSMMUG00000056075	225
ENSMMUG00000058645	123
ENSMMUG00000037193	0
ENSMMUG00000058577	0
ENSMMUG00000061033	0
ENSMMUG00000012216	0
ENSMMUG00000001053	4
ENSMMUG00000057598	0
ENSMMUG00000050180	0
ENSMMUG00000060108	0
ENSMMUG00000051710	0
ENSMMUG00000061809	13
ENSMMUG00000005911	0
ENSMMUG00000049232	4
ENSMMUG00000054550	9
ENSMMUG00000017404	0
ENSMMUG00000001651	0
ENSMMUG00000051779	280
ENSMMUG00000016788	0
ENSMMUG00000061486	0
ENSMMUG00000028105	0
ENSMMUG00000050338	0
ENSMMUG00000009772	13
ENSMMUG00000058114	1
ENSMMUG00000061342	0
ENSMMUG00000001989	1
ENSMMUG00000000381	0
ENSMMUG00000014228	0
ENSMMUG00000062574	0
ENSMMUG00000027543	0
ENSMMUG00000065061	0
ENSMMUG00000060487	0
ENSMMUG00000013785	1
ENSMMUG00000058685	0
ENSMMUG00000063784	0
ENSMMUG00000061673	0
ENSMMUG00000019277	0
ENSMMUG00000050663	0
ENSMMUG00000025476	0
ENSMMUG00000021605	0
ENSMMUG00000050699	0
ENSMMUG00000001054	1
ENSMMUG00000062989	0
ENSMMUG00000000382	0
ENSMMUG00000008643	3
ENSMMUG00000039914	0
ENSMMUG00000025472	0
ENSMMUG00000057072	0
ENSMMUG00000004736	33
ENSMMUG00000051639	0
ENSMMUG00000014049	0
ENSMMUG00000008334	0
ENSMMUG00000002417	232
ENSMMUG00000010554	0
ENSMMUG00000056260	0
ENSMMUG00000031276	0
ENSMMUG00000021818	10
ENSMMUG00000064880	5
ENSMMUG00000065281	17
ENSMMUG00000054519	0
ENSMMUG00000005700	0
ENSMMUG00000060201	0
ENSMMUG00000049482	1
ENSMMUG00000011641	0
ENSMMUG00000001313	34
ENSMMUG00000054516	0
ENSMMUG00000007092	0
ENSMMUG00000055188	0
ENSMMUG00000023358	0
ENSMMUG00000043369	0
ENSMMUG00000014813	0
ENSMMUG00000004179	1
ENSMMUG00000065015	6
ENSMMUG00000052154	0
ENSMMUG00000052124	0
ENSMMUG00000062577	0
ENSMMUG00000023005	0
ENSMMUG00000063864	1056
ENSMMUG00000023006	8
ENSMMUG00000063438	0
ENSMMUG00000023009	117
ENSMMUG00000037345	0
ENSMMUG00000035659	0
ENSMMUG00000012318	8
ENSMMUG00000060652	0
ENSMMUG00000023359	0
ENSMMUG00000052987	0
ENSMMUG00000001314	0
ENSMMUG00000048288	0
ENSMMUG00000021012	16
ENSMMUG00000050023	0
ENSMMUG00000026186	0
ENSMMUG00000005646	1
ENSMMUG00000004180	1
ENSMMUG00000022425	14
ENSMMUG00000053004	0
ENSMMUG00000017734	0
ENSMMUG00000009593	15
ENSMMUG00000004177	0
ENSMMUG00000059981	0
ENSMMUG00000056691	0
ENSMMUG00000056380	0
ENSMMUG00000063442	10
ENSMMUG00000054983	0
ENSMMUG00000062299	0
ENSMMUG00000024713	0
ENSMMUG00000005662	1
ENSMMUG00000045799	0
ENSMMUG00000036828	0
ENSMMUG00000060880	0
ENSMMUG00000021796	0
ENSMMUG00000008047	0
ENSMMUG00000017735	0
ENSMMUG00000053252	0
ENSMMUG00000061455	0
ENSMMUG00000021797	0
ENSMMUG00000063052	0
ENSMMUG00000020228	0
ENSMMUG00000051995	0
ENSMMUG00000012321	26
ENSMMUG00000051957	391
ENSMMUG00000054018	24
ENSMMUG00000002799	0
ENSMMUG00000008049	12
ENSMMUG00000060070	0
ENSMMUG00000013400	25
ENSMMUG00000022430	5
ENSMMUG00000000190	0
ENSMMUG00000056427	21
ENSMMUG00000019351	10
ENSMMUG00000014102	0
ENSMMUG00000057334	0
ENSMMUG00000056723	0
ENSMMUG00000059518	0
ENSMMUG00000056824	0
ENSMMUG00000022601	12
ENSMMUG00000022808	15
ENSMMUG00000018548	2
ENSMMUG00000034676	8
ENSMMUG00000044558	0
ENSMMUG00000049035	11
ENSMMUG00000022602	34
ENSMMUG00000012089	0
ENSMMUG00000055648	0
ENSMMUG00000053071	0
ENSMMUG00000065075	10
ENSMMUG00000033245	0
ENSMMUG00000024427	0
ENSMMUG00000026100	4
ENSMMUG00000003947	0
ENSMMUG00000058328	31
ENSMMUG00000016941	0
ENSMMUG00000001858	10
ENSMMUG00000056151	0
ENSMMUG00000061305	1
ENSMMUG00000056418	0
ENSMMUG00000018568	0
ENSMMUG00000064189	0
ENSMMUG00000022812	30
ENSMMUG00000003260	0
ENSMMUG00000014405	0
ENSMMUG00000028415	0
ENSMMUG00000037071	0
ENSMMUG00000064089	0
ENSMMUG00000014307	0
ENSMMUG00000001861	13
ENSMMUG00000050714	0
ENSMMUG00000020211	0
ENSMMUG00000037672	56
ENSMMUG00000065078	0
ENSMMUG00000056867	0
ENSMMUG00000012094	0
ENSMMUG00000063159	0
ENSMMUG00000007283	3
ENSMMUG00000054684	0
ENSMMUG00000010489	3
ENSMMUG00000064043	0
ENSMMUG00000058365	4
ENSMMUG00000065205	176
ENSMMUG00000057440	0
ENSMMUG00000055743	0
ENSMMUG00000008502	0
ENSMMUG00000057651	0
ENSMMUG00000016547	0
ENSMMUG00000063059	0
ENSMMUG00000037537	4
ENSMMUG00000057571	5
ENSMMUG00000042630	0
ENSMMUG00000008113	0
ENSMMUG00000003386	7
ENSMMUG00000033468	0
ENSMMUG00000056875	0
ENSMMUG00000064234	0
ENSMMUG00000003954	0
ENSMMUG00000038299	122
ENSMMUG00000007288	8
ENSMMUG00000062013	1
ENSMMUG00000063032	0
ENSMMUG00000064210	0
ENSMMUG00000055010	0
ENSMMUG00000061588	3
ENSMMUG00000049555	0
ENSMMUG00000056169	0
ENSMMUG00000054270	1
ENSMMUG00000064044	0
ENSMMUG00000049764	0
ENSMMUG00000043597	3
ENSMMUG00000061798	0
ENSMMUG00000050185	0
ENSMMUG00000022817	26
ENSMMUG00000041827	0
ENSMMUG00000023498	0
ENSMMUG00000051118	0
ENSMMUG00000007289	34
ENSMMUG00000025629	5
ENSMMUG00000023809	0
ENSMMUG00000002011	0
ENSMMUG00000061638	0
ENSMMUG00000060339	0
ENSMMUG00000036821	0
ENSMMUG00000005650	105
ENSMMUG00000056389	0
ENSMMUG00000059636	0
ENSMMUG00000045625	0
ENSMMUG00000052742	0
ENSMMUG00000059259	0
ENSMMUG00000052313	0
ENSMMUG00000053954	0
ENSMMUG00000056938	0
ENSMMUG00000055235	22
ENSMMUG00000065120	0
ENSMMUG00000051862	0
ENSMMUG00000051539	0
ENSMMUG00000036402	0
ENSMMUG00000031218	20
ENSMMUG00000023810	0
ENSMMUG00000064322	0
ENSMMUG00000049635	0
ENSMMUG00000039406	0
ENSMMUG00000035574	0
ENSMMUG00000051574	0
ENSMMUG00000010871	0
ENSMMUG00000051366	6
ENSMMUG00000023811	0
ENSMMUG00000050908	0
ENSMMUG00000022664	0
ENSMMUG00000053000	0
ENSMMUG00000012364	0
ENSMMUG00000049611	0
ENSMMUG00000013359	73
ENSMMUG00000014299	0
ENSMMUG00000000376	0
ENSMMUG00000061506	0
ENSMMUG00000025579	0
ENSMMUG00000055831	0
ENSMMUG00000002013	0
ENSMMUG00000023501	0
ENSMMUG00000047915	0
ENSMMUG00000046368	0
ENSMMUG00000059960	0
ENSMMUG00000021216	0
ENSMMUG00000012822	0
ENSMMUG00000032599	0
ENSMMUG00000023504	0
ENSMMUG00000054605	0
ENSMMUG00000064222	0
ENSMMUG00000016077	0
ENSMMUG00000026948	0
ENSMMUG00000060947	0
ENSMMUG00000025000	0
ENSMMUG00000051761	0
ENSMMUG00000059380	0
ENSMMUG00000057581	0
ENSMMUG00000002183	0
ENSMMUG00000052177	0
ENSMMUG00000005612	105
ENSMMUG00000019467	0
ENSMMUG00000065344	0
ENSMMUG00000014394	0
ENSMMUG00000010185	0
ENSMMUG00000052542	0
ENSMMUG00000027051	0
ENSMMUG00000058846	0
ENSMMUG00000016899	328
ENSMMUG00000013830	0
ENSMMUG00000020409	0
ENSMMUG00000019590	1
ENSMMUG00000060069	0
ENSMMUG00000059790	0
ENSMMUG00000058657	0
ENSMMUG00000031367	11
ENSMMUG00000051580	0
ENSMMUG00000028253	0
ENSMMUG00000062499	38
ENSMMUG00000049828	0
ENSMMUG00000033962	0
ENSMMUG00000026635	0
ENSMMUG00000059853	55
ENSMMUG00000024469	0
ENSMMUG00000018483	0
ENSMMUG00000036654	0
ENSMMUG00000065182	0
ENSMMUG00000007685	0
ENSMMUG00000014396	0
ENSMMUG00000017524	7
ENSMMUG00000013832	0
ENSMMUG00000051936	0
ENSMMUG00000049967	0
ENSMMUG00000059141	0
ENSMMUG00000055496	2
ENSMMUG00000056851	0
ENSMMUG00000057533	0
ENSMMUG00000004897	0
ENSMMUG00000057735	0
ENSMMUG00000059944	0
ENSMMUG00000060146	0
ENSMMUG00000046254	0
ENSMMUG00000018486	0
ENSMMUG00000008908	0
ENSMMUG00000015218	0
ENSMMUG00000009617	32
ENSMMUG00000005613	139
ENSMMUG00000065172	0
ENSMMUG00000061045	0
ENSMMUG00000059250	0
ENSMMUG00000018487	26
ENSMMUG00000002185	0
ENSMMUG00000014397	0
ENSMMUG00000015649	0
ENSMMUG00000063771	0
ENSMMUG00000053218	0
ENSMMUG00000052071	0
ENSMMUG00000009615	22
ENSMMUG00000054304	0
ENSMMUG00000053185	0
ENSMMUG00000056857	0
ENSMMUG00000033137	0
ENSMMUG00000005617	6
ENSMMUG00000054950	0
ENSMMUG00000053564	0
ENSMMUG00000057567	0
ENSMMUG00000031310	0
ENSMMUG00000018482	0
ENSMMUG00000018908	6
ENSMMUG00000056410	0
ENSMMUG00000005393	0
ENSMMUG00000047649	0
ENSMMUG00000058169	1
ENSMMUG00000041535	12
ENSMMUG00000023611	0
ENSMMUG00000056185	0
ENSMMUG00000037719	0
ENSMMUG00000000722	9
ENSMMUG00000023167	14
ENSMMUG00000052009	0
ENSMMUG00000032945	9
ENSMMUG00000013233	15
ENSMMUG00000057390	0
ENSMMUG00000064372	0
ENSMMUG00000057623	0
ENSMMUG00000053128	0
ENSMMUG00000059090	0
ENSMMUG00000013835	34
ENSMMUG00000053486	32
ENSMMUG00000049657	0
ENSMMUG00000013573	1
ENSMMUG00000001102	0
ENSMMUG00000039992	0
ENSMMUG00000054264	1
ENSMMUG00000012342	0
ENSMMUG00000064775	0
ENSMMUG00000023168	0
ENSMMUG00000045345	0
ENSMMUG00000021159	3
ENSMMUG00000018918	0
ENSMMUG00000002187	0
ENSMMUG00000018930	3
ENSMMUG00000045736	0
ENSMMUG00000054778	0
ENSMMUG00000009710	0
ENSMMUG00000009626	74
ENSMMUG00000059558	0
ENSMMUG00000002189	0
ENSMMUG00000057754	3
ENSMMUG00000010080	0
ENSMMUG00000018147	0
ENSMMUG00000058882	0
ENSMMUG00000005397	0
ENSMMUG00000054487	0
ENSMMUG00000006159	0
ENSMMUG00000008101	1
ENSMMUG00000051238	0
ENSMMUG00000049960	0
ENSMMUG00000015292	0
ENSMMUG00000042257	0
ENSMMUG00000047996	0
ENSMMUG00000052175	0
ENSMMUG00000060288	0
ENSMMUG00000036154	5
ENSMMUG00000006160	1
ENSMMUG00000001761	0
ENSMMUG00000005610	0
ENSMMUG00000033934	0
ENSMMUG00000006161	1
ENSMMUG00000057949	0
ENSMMUG00000004140	0
ENSMMUG00000064188	0
ENSMMUG00000021219	6
ENSMMUG00000064776	0
ENSMMUG00000062284	0
ENSMMUG00000062404	0
ENSMMUG00000049645	0
ENSMMUG00000017716	0
ENSMMUG00000041125	0
ENSMMUG00000054001	0
ENSMMUG00000050590	0
ENSMMUG00000059311	0
ENSMMUG00000009038	170
ENSMMUG00000049572	0
ENSMMUG00000006737	14
ENSMMUG00000055478	0
ENSMMUG00000017717	0
ENSMMUG00000063410	0
ENSMMUG00000051349	0
ENSMMUG00000022899	0
ENSMMUG00000022259	0
ENSMMUG00000059581	5
ENSMMUG00000058552	0
ENSMMUG00000054984	0
ENSMMUG00000021625	0
ENSMMUG00000021221	0
ENSMMUG00000063388	0
ENSMMUG00000038413	0
ENSMMUG00000021623	0
ENSMMUG00000013235	2
ENSMMUG00000064620	0
ENSMMUG00000009400	1
ENSMMUG00000054000	0
ENSMMUG00000059590	0
ENSMMUG00000049662	44
ENSMMUG00000052339	0
ENSMMUG00000056715	8
ENSMMUG00000061491	0
ENSMMUG00000009511	0
ENSMMUG00000060941	0
ENSMMUG00000060899	0
ENSMMUG00000055911	0
ENSMMUG00000018151	0
ENSMMUG00000008102	2
ENSMMUG00000058697	0
ENSMMUG00000057412	0
ENSMMUG00000052251	0
ENSMMUG00000057861	0
ENSMMUG00000046155	0
ENSMMUG00000012423	0
ENSMMUG00000054362	0
ENSMMUG00000014176	0
ENSMMUG00000063693	0
ENSMMUG00000052431	0
ENSMMUG00000052822	0
ENSMMUG00000064083	0
ENSMMUG00000006740	19
ENSMMUG00000063508	0
ENSMMUG00000052913	0
ENSMMUG00000041273	52
ENSMMUG00000034603	0
ENSMMUG00000036756	0
ENSMMUG00000051544	0
ENSMMUG00000025382	0
ENSMMUG00000006109	2
ENSMMUG00000049679	0
ENSMMUG00000055516	0
ENSMMUG00000051587	0
ENSMMUG00000006446	0
ENSMMUG00000058085	0
ENSMMUG00000018155	0
ENSMMUG00000060934	0
ENSMMUG00000060281	0
ENSMMUG00000011129	0
ENSMMUG00000034826	0
ENSMMUG00000021909	0
ENSMMUG00000006743	2
ENSMMUG00000021931	0
ENSMMUG00000018139	19
ENSMMUG00000006077	8
ENSMMUG00000055622	7
ENSMMUG00000017143	0
ENSMMUG00000017248	0
ENSMMUG00000009885	0
ENSMMUG00000006744	0
ENSMMUG00000016040	0
ENSMMUG00000003707	0
ENSMMUG00000061446	0
ENSMMUG00000044212	0
ENSMMUG00000055526	0
ENSMMUG00000019462	0
ENSMMUG00000061826	4
ENSMMUG00000011128	0
ENSMMUG00000027845	0
ENSMMUG00000053839	0
ENSMMUG00000061794	0
ENSMMUG00000060725	1
ENSMMUG00000006158	3
ENSMMUG00000006755	0
ENSMMUG00000050074	0
ENSMMUG00000011126	0
ENSMMUG00000054943	0
ENSMMUG00000005009	0
ENSMMUG00000062492	0
ENSMMUG00000050484	0
ENSMMUG00000056539	0
ENSMMUG00000059510	9
ENSMMUG00000058947	4
ENSMMUG00000063907	0
ENSMMUG00000058521	0
ENSMMUG00000044949	0
ENSMMUG00000057399	0
ENSMMUG00000054230	0
ENSMMUG00000065103	0
ENSMMUG00000021330	0
ENSMMUG00000063556	3
ENSMMUG00000061271	0
ENSMMUG00000010382	0
ENSMMUG00000039972	8
ENSMMUG00000059048	0
ENSMMUG00000053546	0
ENSMMUG00000049592	37
ENSMMUG00000006758	0
ENSMMUG00000018497	0
ENSMMUG00000060684	0
ENSMMUG00000060323	0
ENSMMUG00000055253	0
ENSMMUG00000006528	0
ENSMMUG00000017781	1
ENSMMUG00000053205	0
ENSMMUG00000040212	0
ENSMMUG00000016545	0
ENSMMUG00000054419	0
ENSMMUG00000052687	0
ENSMMUG00000002610	0
ENSMMUG00000021877	1
ENSMMUG00000018840	0
ENSMMUG00000057382	0
ENSMMUG00000058416	0
ENSMMUG00000052247	0
ENSMMUG00000052869	0
ENSMMUG00000010927	0
ENSMMUG00000052954	0
ENSMMUG00000056904	0
ENSMMUG00000065249	0
ENSMMUG00000011922	2
ENSMMUG00000054676	0
ENSMMUG00000036082	0
ENSMMUG00000013246	0
ENSMMUG00000055111	0
ENSMMUG00000049669	0
ENSMMUG00000055075	0
ENSMMUG00000055913	0
ENSMMUG00000006354	0
ENSMMUG00000032910	0
ENSMMUG00000031210	0
ENSMMUG00000039579	0
ENSMMUG00000064772	0
ENSMMUG00000010383	3
ENSMMUG00000049471	0
ENSMMUG00000056462	0
ENSMMUG00000064755	0
ENSMMUG00000056793	0
ENSMMUG00000056837	0
ENSMMUG00000013245	7
ENSMMUG00000026996	0
ENSMMUG00000000783	0
ENSMMUG00000011636	0
ENSMMUG00000053132	0
ENSMMUG00000062831	0
ENSMMUG00000059532	0
ENSMMUG00000032902	0
ENSMMUG00000045997	0
ENSMMUG00000059331	0
ENSMMUG00000013247	3
ENSMMUG00000058329	0
ENSMMUG00000014321	0
ENSMMUG00000051325	0
ENSMMUG00000039116	47
ENSMMUG00000056083	0
ENSMMUG00000060721	0
ENSMMUG00000064768	0
ENSMMUG00000026660	0
ENSMMUG00000032935	0
ENSMMUG00000039873	0
ENSMMUG00000045491	0
ENSMMUG00000058319	0
ENSMMUG00000000785	0
ENSMMUG00000061835	0
ENSMMUG00000045285	0
ENSMMUG00000010405	0
ENSMMUG00000000786	0
ENSMMUG00000001883	4
ENSMMUG00000011637	0
ENSMMUG00000026973	0
ENSMMUG00000014835	9
ENSMMUG00000045788	0
ENSMMUG00000016845	6
ENSMMUG00000042516	0
ENSMMUG00000045073	0
ENSMMUG00000021343	0
ENSMMUG00000000788	0
ENSMMUG00000055770	0
ENSMMUG00000055159	0
ENSMMUG00000063642	0
ENSMMUG00000004022	0
ENSMMUG00000002712	0
ENSMMUG00000005240	2
ENSMMUG00000043420	0
ENSMMUG00000052023	0
ENSMMUG00000049280	0
ENSMMUG00000000791	19
ENSMMUG00000013249	0
ENSMMUG00000050550	4
ENSMMUG00000063542	0
ENSMMUG00000050082	0
ENSMMUG00000061088	0
ENSMMUG00000037175	0
ENSMMUG00000027423	0
ENSMMUG00000009447	1
ENSMMUG00000051289	0
ENSMMUG00000000582	0
ENSMMUG00000047974	0
ENSMMUG00000056228	0
ENSMMUG00000053918	8
ENSMMUG00000000792	2
ENSMMUG00000055301	0
ENSMMUG00000060430	34
ENSMMUG00000033069	0
ENSMMUG00000009460	5
ENSMMUG00000056889	0
ENSMMUG00000033230	0
ENSMMUG00000035551	0
ENSMMUG00000042244	0
ENSMMUG00000037056	0
ENSMMUG00000061021	4
ENSMMUG00000038427	0
ENSMMUG00000064314	0
ENSMMUG00000009009	0
ENSMMUG00000054335	0
ENSMMUG00000057077	0
ENSMMUG00000043664	0
ENSMMUG00000037810	0
ENSMMUG00000055362	0
ENSMMUG00000058880	0
ENSMMUG00000036871	0
ENSMMUG00000015625	3
ENSMMUG00000010563	8
ENSMMUG00000019689	0
ENSMMUG00000060403	0
ENSMMUG00000061332	332
ENSMMUG00000019614	16
ENSMMUG00000013250	6
ENSMMUG00000009448	0
ENSMMUG00000011574	7
ENSMMUG00000055273	0
ENSMMUG00000019690	0
ENSMMUG00000015628	3
ENSMMUG00000013252	0
ENSMMUG00000021403	0
ENSMMUG00000001475	0
ENSMMUG00000005835	0
ENSMMUG00000063865	0
ENSMMUG00000019619	31
ENSMMUG00000021152	0
ENSMMUG00000056319	1
ENSMMUG00000039200	0
ENSMMUG00000065347	0
ENSMMUG00000054046	0
ENSMMUG00000015419	0
ENSMMUG00000065083	0
ENSMMUG00000051217	0
ENSMMUG00000017364	36
ENSMMUG00000053736	0
ENSMMUG00000047216	0
ENSMMUG00000062821	17
ENSMMUG00000008393	7
ENSMMUG00000057385	0
ENSMMUG00000050142	0
ENSMMUG00000013254	0
ENSMMUG00000062160	0
ENSMMUG00000064402	0
ENSMMUG00000008611	1
ENSMMUG00000050026	0
ENSMMUG00000037374	0
ENSMMUG00000061380	0
ENSMMUG00000061756	29
ENSMMUG00000062647	0
ENSMMUG00000052142	0
ENSMMUG00000036773	0
ENSMMUG00000052436	0
ENSMMUG00000053300	0
ENSMMUG00000055627	0
ENSMMUG00000057927	0
ENSMMUG00000006925	0
ENSMMUG00000051482	3
ENSMMUG00000008265	0
ENSMMUG00000054072	0
ENSMMUG00000055355	3
ENSMMUG00000058870	0
ENSMMUG00000045544	0
ENSMMUG00000064224	21
ENSMMUG00000019177	1
ENSMMUG00000053406	0
ENSMMUG00000061797	0
ENSMMUG00000054495	0
ENSMMUG00000044613	0
ENSMMUG00000061123	0
ENSMMUG00000031103	0
ENSMMUG00000063152	0
ENSMMUG00000047669	0
ENSMMUG00000063483	0
ENSMMUG00000028130	0
ENSMMUG00000059634	6
ENSMMUG00000051691	0
ENSMMUG00000003855	11
ENSMMUG00000056916	2
ENSMMUG00000040079	0
ENSMMUG00000000042	36
ENSMMUG00000055566	0
ENSMMUG00000005621	0
ENSMMUG00000051557	0
ENSMMUG00000054830	0
ENSMMUG00000059397	0
ENSMMUG00000060276	0
ENSMMUG00000055337	0
ENSMMUG00000010195	0
ENSMMUG00000027995	0
ENSMMUG00000060170	0
ENSMMUG00000043068	1
ENSMMUG00000052349	0
ENSMMUG00000021802	0
ENSMMUG00000033952	0
ENSMMUG00000022202	0
ENSMMUG00000042054	0
ENSMMUG00000002103	0
ENSMMUG00000049746	0
ENSMMUG00000008400	0
ENSMMUG00000047727	0
ENSMMUG00000024470	0
ENSMMUG00000020642	0
ENSMMUG00000062361	0
ENSMMUG00000041452	0
ENSMMUG00000037343	0
ENSMMUG00000060890	7
ENSMMUG00000006418	0
ENSMMUG00000006640	16
ENSMMUG00000005622	11
ENSMMUG00000000043	12
ENSMMUG00000010196	4
ENSMMUG00000011638	2
ENSMMUG00000036375	3
ENSMMUG00000021286	0
ENSMMUG00000056861	32
ENSMMUG00000064706	0
ENSMMUG00000006420	0
ENSMMUG00000015842	3
ENSMMUG00000005295	0
ENSMMUG00000064727	0
ENSMMUG00000014921	0
ENSMMUG00000057432	5
ENSMMUG00000017121	8
ENSMMUG00000033000	0
ENSMMUG00000019739	0
ENSMMUG00000008069	0
ENSMMUG00000006638	4
ENSMMUG00000005627	23
ENSMMUG00000051180	0
ENSMMUG00000014510	32
ENSMMUG00000004941	0
ENSMMUG00000058599	0
ENSMMUG00000051382	0
ENSMMUG00000058780	0
ENSMMUG00000025208	0
ENSMMUG00000014630	0
ENSMMUG00000052229	0
ENSMMUG00000018741	0
ENSMMUG00000006639	55
ENSMMUG00000000300	10
ENSMMUG00000032696	0
ENSMMUG00000049941	20
ENSMMUG00000058593	0
ENSMMUG00000054591	17
ENSMMUG00000049856	0
ENSMMUG00000024693	0
ENSMMUG00000059994	0
ENSMMUG00000023176	2
ENSMMUG00000063828	0
ENSMMUG00000037236	0
ENSMMUG00000050814	0
ENSMMUG00000063933	0
ENSMMUG00000014460	43
ENSMMUG00000008407	0
ENSMMUG00000049711	6
ENSMMUG00000032797	0
ENSMMUG00000052958	0
ENSMMUG00000019624	101
ENSMMUG00000058355	7
ENSMMUG00000051697	0
ENSMMUG00000000765	0
ENSMMUG00000057312	0
ENSMMUG00000015970	0
ENSMMUG00000015344	773
ENSMMUG00000056366	0
ENSMMUG00000055428	0
ENSMMUG00000060347	0
ENSMMUG00000019626	6
ENSMMUG00000018510	0
ENSMMUG00000002809	0
ENSMMUG00000053805	2
ENSMMUG00000008296	0
ENSMMUG00000036043	1
ENSMMUG00000033883	0
ENSMMUG00000012224	16
ENSMMUG00000014277	6
ENSMMUG00000034836	0
ENSMMUG00000031468	0
ENSMMUG00000019628	4
ENSMMUG00000009268	0
ENSMMUG00000061440	0
ENSMMUG00000058098	0
ENSMMUG00000019629	8
ENSMMUG00000054949	16
ENSMMUG00000056874	0
ENSMMUG00000012003	1
ENSMMUG00000009844	3
ENSMMUG00000010513	33
ENSMMUG00000057418	0
ENSMMUG00000034977	0
ENSMMUG00000063775	0
ENSMMUG00000062179	0
ENSMMUG00000024127	0
ENSMMUG00000050916	0
ENSMMUG00000012008	5
ENSMMUG00000009475	0
ENSMMUG00000015032	3
ENSMMUG00000010515	189
ENSMMUG00000055910	0
ENSMMUG00000024091	10
ENSMMUG00000056996	0
ENSMMUG00000038492	0
ENSMMUG00000005971	1
ENSMMUG00000021119	0
ENSMMUG00000020510	1
ENSMMUG00000060584	0
ENSMMUG00000005633	0
ENSMMUG00000057877	0
ENSMMUG00000052317	0
ENSMMUG00000061828	0
ENSMMUG00000060044	0
ENSMMUG00000031412	0
ENSMMUG00000008875	1
ENSMMUG00000053681	0
ENSMMUG00000012310	1
ENSMMUG00000063672	0
ENSMMUG00000013251	0
ENSMMUG00000025118	0
ENSMMUG00000049511	0
ENSMMUG00000059441	0
ENSMMUG00000060456	0
ENSMMUG00000036092	0
ENSMMUG00000054744	0
ENSMMUG00000001163	2
ENSMMUG00000052814	0
ENSMMUG00000036240	4
ENSMMUG00000008591	0
ENSMMUG00000031297	0
ENSMMUG00000054933	0
ENSMMUG00000058910	0
ENSMMUG00000000312	1
ENSMMUG00000056060	0
ENSMMUG00000036784	0
ENSMMUG00000031296	8
ENSMMUG00000012197	3
ENSMMUG00000053565	4
ENSMMUG00000063463	0
ENSMMUG00000021775	0
ENSMMUG00000006215	0
ENSMMUG00000063282	149
ENSMMUG00000020928	0
ENSMMUG00000018356	9
ENSMMUG00000023812	13
ENSMMUG00000012199	1
ENSMMUG00000043114	0
ENSMMUG00000044892	0
ENSMMUG00000016115	5
ENSMMUG00000016960	0
ENSMMUG00000058920	0
ENSMMUG00000000314	36
ENSMMUG00000026957	0
ENSMMUG00000045065	0
ENSMMUG00000017926	0
ENSMMUG00000017929	0
ENSMMUG00000058399	0
ENSMMUG00000021290	0
ENSMMUG00000060349	0
ENSMMUG00000027132	0
ENSMMUG00000012248	0
ENSMMUG00000018141	3
ENSMMUG00000007499	0
ENSMMUG00000012250	0
ENSMMUG00000017933	0
ENSMMUG00000018144	0
ENSMMUG00000049647	0
ENSMMUG00000060419	0
ENSMMUG00000064389	0
ENSMMUG00000064259	0
ENSMMUG00000051994	3
ENSMMUG00000051345	0
ENSMMUG00000057214	3
ENSMMUG00000017486	0
ENSMMUG00000063343	0
ENSMMUG00000015903	0
ENSMMUG00000023435	0
ENSMMUG00000017936	0
ENSMMUG00000011416	0
ENSMMUG00000043359	0
ENSMMUG00000037743	0
ENSMMUG00000002648	0
ENSMMUG00000043509	1
ENSMMUG00000057100	0
ENSMMUG00000052080	0
ENSMMUG00000041795	3
ENSMMUG00000040854	2
ENSMMUG00000014814	0
ENSMMUG00000016575	8
ENSMMUG00000033251	34
ENSMMUG00000020511	0
ENSMMUG00000019968	12
ENSMMUG00000038677	0
ENSMMUG00000004968	46
ENSMMUG00000017964	1
ENSMMUG00000055410	0
ENSMMUG00000020052	0
ENSMMUG00000053275	0
ENSMMUG00000063101	31
ENSMMUG00000044860	0
ENSMMUG00000011918	3
ENSMMUG00000017938	1
ENSMMUG00000061418	1
ENSMMUG00000052850	0
ENSMMUG00000049934	0
ENSMMUG00000064483	1
ENSMMUG00000061465	0
ENSMMUG00000062491	0
ENSMMUG00000053869	0
ENSMMUG00000055509	0
ENSMMUG00000019335	0
ENSMMUG00000061154	0
ENSMMUG00000011080	0
ENSMMUG00000017081	0
ENSMMUG00000001927	0
ENSMMUG00000053972	0
ENSMMUG00000053571	0
ENSMMUG00000044108	1
ENSMMUG00000019087	0
ENSMMUG00000003506	4
ENSMMUG00000058806	0
ENSMMUG00000058236	0
ENSMMUG00000050255	0
ENSMMUG00000042063	0
ENSMMUG00000050475	0
ENSMMUG00000006835	45
ENSMMUG00000013244	0
ENSMMUG00000013242	0
ENSMMUG00000020824	1
ENSMMUG00000006918	0
ENSMMUG00000028042	1
ENSMMUG00000013241	0
ENSMMUG00000058468	0
ENSMMUG00000056446	0
ENSMMUG00000057115	0
ENSMMUG00000057919	0
ENSMMUG00000058504	0
ENSMMUG00000009793	11
ENSMMUG00000019539	0
ENSMMUG00000014310	0
ENSMMUG00000007481	0
ENSMMUG00000027465	0
ENSMMUG00000006222	1
ENSMMUG00000056415	0
ENSMMUG00000014314	5
ENSMMUG00000056686	0
ENSMMUG00000002560	0
ENSMMUG00000018388	0
ENSMMUG00000063086	0
ENSMMUG00000014315	17
ENSMMUG00000005176	0
ENSMMUG00000006818	3
ENSMMUG00000054941	95
ENSMMUG00000052255	0
ENSMMUG00000019544	0
ENSMMUG00000013925	0
ENSMMUG00000026618	0
ENSMMUG00000007483	0
ENSMMUG00000052272	0
ENSMMUG00000054183	0
ENSMMUG00000014316	2
ENSMMUG00000041480	2
ENSMMUG00000002519	8
ENSMMUG00000063058	0
ENSMMUG00000058231	0
ENSMMUG00000019257	0
ENSMMUG00000056120	0
ENSMMUG00000065034	0
ENSMMUG00000014318	7
ENSMMUG00000060021	0
ENSMMUG00000053721	0
ENSMMUG00000002520	0
ENSMMUG00000006443	8
ENSMMUG00000023682	5
ENSMMUG00000061688	0
ENSMMUG00000061834	0
ENSMMUG00000046282	0
ENSMMUG00000053092	0
ENSMMUG00000055923	0
ENSMMUG00000061226	0
ENSMMUG00000052818	0
ENSMMUG00000057379	0
ENSMMUG00000025825	0
ENSMMUG00000058913	3
ENSMMUG00000060531	0
ENSMMUG00000020512	0
ENSMMUG00000025430	0
ENSMMUG00000063296	0
ENSMMUG00000046482	4
ENSMMUG00000008829	0
ENSMMUG00000049304	0
ENSMMUG00000055451	0
ENSMMUG00000054185	0
ENSMMUG00000039785	0
ENSMMUG00000047258	0
ENSMMUG00000001868	0
ENSMMUG00000008615	59
ENSMMUG00000048716	0
ENSMMUG00000053502	10
ENSMMUG00000058927	0
ENSMMUG00000060553	0
ENSMMUG00000060196	0
ENSMMUG00000058694	11
ENSMMUG00000064471	8
ENSMMUG00000046774	0
ENSMMUG00000059182	0
ENSMMUG00000063759	7
ENSMMUG00000039430	0
ENSMMUG00000059504	2
ENSMMUG00000051751	0
ENSMMUG00000001244	0
ENSMMUG00000031398	3
ENSMMUG00000054807	0
ENSMMUG00000010521	0
ENSMMUG00000056733	0
ENSMMUG00000006180	3
ENSMMUG00000010526	0
ENSMMUG00000064517	0
ENSMMUG00000010527	0
ENSMMUG00000048893	0
ENSMMUG00000058964	0
ENSMMUG00000061406	0
ENSMMUG00000051735	0
ENSMMUG00000031452	72
ENSMMUG00000010812	0
ENSMMUG00000062827	5
ENSMMUG00000025038	0
ENSMMUG00000054871	0
ENSMMUG00000056430	2
ENSMMUG00000051183	0
ENSMMUG00000052515	0
ENSMMUG00000027673	0
ENSMMUG00000061390	0
ENSMMUG00000059266	0
ENSMMUG00000044103	0
ENSMMUG00000055468	0
ENSMMUG00000050806	0
ENSMMUG00000061400	0
ENSMMUG00000054725	0
ENSMMUG00000007096	0
ENSMMUG00000058984	0
ENSMMUG00000054085	0
ENSMMUG00000033298	0
ENSMMUG00000060478	0
ENSMMUG00000058060	0
ENSMMUG00000059193	0
ENSMMUG00000011607	0
ENSMMUG00000054698	1
ENSMMUG00000023051	4
ENSMMUG00000023054	176
ENSMMUG00000057955	3
ENSMMUG00000023062	0
ENSMMUG00000055201	0
ENSMMUG00000061606	0
ENSMMUG00000006181	38
ENSMMUG00000062944	164
ENSMMUG00000034749	0
ENSMMUG00000021980	0
ENSMMUG00000016256	0
ENSMMUG00000063868	0
ENSMMUG00000057450	0
ENSMMUG00000006182	5
ENSMMUG00000055248	0
ENSMMUG00000002690	0
ENSMMUG00000031393	0
ENSMMUG00000063467	0
ENSMMUG00000015198	1
ENSMMUG00000049800	0
ENSMMUG00000015203	3
ENSMMUG00000060027	139
ENSMMUG00000011189	4
ENSMMUG00000023856	0
ENSMMUG00000061516	0
ENSMMUG00000020719	55
ENSMMUG00000065014	25
ENSMMUG00000055482	0
ENSMMUG00000054176	0
ENSMMUG00000023370	0
ENSMMUG00000020721	382
ENSMMUG00000055504	0
ENSMMUG00000007301	10
ENSMMUG00000056746	45
ENSMMUG00000007310	1
ENSMMUG00000051450	0
ENSMMUG00000054662	0
ENSMMUG00000036876	0
ENSMMUG00000058130	0
ENSMMUG00000007313	6
ENSMMUG00000007314	1
ENSMMUG00000059808	0
ENSMMUG00000002678	0
ENSMMUG00000056223	0
ENSMMUG00000052354	0
ENSMMUG00000050910	0
ENSMMUG00000053699	0
ENSMMUG00000059054	0
ENSMMUG00000064676	0
ENSMMUG00000043816	0
ENSMMUG00000056224	0
ENSMMUG00000016825	10
ENSMMUG00000002370	116
ENSMMUG00000039559	0
ENSMMUG00000038083	0
ENSMMUG00000055970	0
ENSMMUG00000001680	6
ENSMMUG00000054462	76
ENSMMUG00000011906	0
ENSMMUG00000061038	1170
ENSMMUG00000011911	0
ENSMMUG00000022553	3
ENSMMUG00000051120	30
ENSMMUG00000061438	0
ENSMMUG00000062123	0
ENSMMUG00000020792	0
ENSMMUG00000008384	4
ENSMMUG00000014672	0
ENSMMUG00000008387	14
ENSMMUG00000050348	0
ENSMMUG00000061847	0
ENSMMUG00000003200	0
ENSMMUG00000019591	3
ENSMMUG00000049672	0
ENSMMUG00000058278	0
ENSMMUG00000053876	0
ENSMMUG00000054581	0
ENSMMUG00000050731	0
ENSMMUG00000065337	0
ENSMMUG00000050093	0
ENSMMUG00000038443	0
ENSMMUG00000034105	0
ENSMMUG00000001301	0
ENSMMUG00000058091	41
ENSMMUG00000016881	14
ENSMMUG00000015146	5
ENSMMUG00000060925	0
ENSMMUG00000017959	1
ENSMMUG00000056550	0
ENSMMUG00000056381	0
ENSMMUG00000051355	0
ENSMMUG00000045031	0
ENSMMUG00000016894	0
ENSMMUG00000053731	0
ENSMMUG00000054482	3
ENSMMUG00000015147	153
ENSMMUG00000017483	1
ENSMMUG00000057310	0
ENSMMUG00000016946	22
ENSMMUG00000051510	0
ENSMMUG00000052417	0
ENSMMUG00000020210	4
ENSMMUG00000052041	0
ENSMMUG00000050647	0
ENSMMUG00000061287	0
ENSMMUG00000057882	0
ENSMMUG00000038587	0
ENSMMUG00000017792	0
ENSMMUG00000057053	0
ENSMMUG00000015148	2
ENSMMUG00000016890	0
ENSMMUG00000060291	2
ENSMMUG00000057709	0
ENSMMUG00000031063	0
ENSMMUG00000055854	0
ENSMMUG00000016150	0
ENSMMUG00000014120	0
ENSMMUG00000019617	3
ENSMMUG00000056985	0
ENSMMUG00000049596	0
ENSMMUG00000016153	0
ENSMMUG00000060101	0
ENSMMUG00000016155	0
ENSMMUG00000039042	10
ENSMMUG00000000328	1
ENSMMUG00000051463	0
ENSMMUG00000061840	0
ENSMMUG00000048333	18
ENSMMUG00000065300	0
ENSMMUG00000058813	4
ENSMMUG00000063105	0
ENSMMUG00000014963	0
ENSMMUG00000007510	88
ENSMMUG00000041875	17
ENSMMUG00000030891	1
ENSMMUG00000014961	0
ENSMMUG00000019618	3
ENSMMUG00000014958	0
ENSMMUG00000054468	0
ENSMMUG00000014956	0
ENSMMUG00000056795	0
ENSMMUG00000055082	0
ENSMMUG00000007624	0
ENSMMUG00000021501	0
ENSMMUG00000005867	0
ENSMMUG00000043493	0
ENSMMUG00000063384	0
ENSMMUG00000051310	0
ENSMMUG00000007511	24
ENSMMUG00000000327	2
ENSMMUG00000057527	1
ENSMMUG00000055565	0
ENSMMUG00000053306	0
ENSMMUG00000057686	0
ENSMMUG00000005861	2
ENSMMUG00000017958	0
ENSMMUG00000065066	10
ENSMMUG00000042839	12
ENSMMUG00000007628	0
ENSMMUG00000007513	0
ENSMMUG00000053831	0
ENSMMUG00000057752	0
ENSMMUG00000010869	0
ENSMMUG00000056479	0
ENSMMUG00000032846	0
ENSMMUG00000056994	0
ENSMMUG00000040099	0
ENSMMUG00000007933	0
ENSMMUG00000050733	0
ENSMMUG00000062557	0
ENSMMUG00000013798	10
ENSMMUG00000058885	0
ENSMMUG00000059760	0
ENSMMUG00000026526	0
ENSMMUG00000014864	0
ENSMMUG00000064505	0
ENSMMUG00000006657	0
ENSMMUG00000019621	0
ENSMMUG00000054459	28
ENSMMUG00000006656	0
ENSMMUG00000018269	0
ENSMMUG00000053433	11
ENSMMUG00000007935	39
ENSMMUG00000055787	0
ENSMMUG00000059341	7
ENSMMUG00000057340	0
ENSMMUG00000006655	31
ENSMMUG00000016715	0
ENSMMUG00000054964	0
ENSMMUG00000017730	0
ENSMMUG00000052531	0
ENSMMUG00000055177	6
ENSMMUG00000025739	0
ENSMMUG00000035285	0
ENSMMUG00000018268	0
ENSMMUG00000014866	3
ENSMMUG00000012881	0
ENSMMUG00000062402	0
ENSMMUG00000039384	1
ENSMMUG00000049488	0
ENSMMUG00000010784	0
ENSMMUG00000009690	57
ENSMMUG00000013045	0
ENSMMUG00000018266	11
ENSMMUG00000060306	0
ENSMMUG00000020627	10
ENSMMUG00000049418	0
ENSMMUG00000049447	0
ENSMMUG00000011177	0
ENSMMUG00000060851	0
ENSMMUG00000052123	0
ENSMMUG00000017960	0
ENSMMUG00000053500	0
ENSMMUG00000055303	0
ENSMMUG00000056078	11
ENSMMUG00000061566	0
ENSMMUG00000054997	0
ENSMMUG00000030957	0
ENSMMUG00000060779	0
ENSMMUG00000043682	0
ENSMMUG00000013055	0
ENSMMUG00000014377	0
ENSMMUG00000053716	0
ENSMMUG00000020624	4
ENSMMUG00000013978	0
ENSMMUG00000057346	0
ENSMMUG00000013975	0
ENSMMUG00000007838	5
ENSMMUG00000040939	0
ENSMMUG00000007607	0
ENSMMUG00000049399	0
ENSMMUG00000065040	0
ENSMMUG00000047446	0
ENSMMUG00000049301	0
ENSMMUG00000052159	0
ENSMMUG00000014115	0
ENSMMUG00000065251	0
ENSMMUG00000009881	0
ENSMMUG00000007938	47
ENSMMUG00000062450	27
ENSMMUG00000044496	0
ENSMMUG00000010129	0
ENSMMUG00000052944	0
ENSMMUG00000051144	4
ENSMMUG00000058314	0
ENSMMUG00000003717	0
ENSMMUG00000014872	7
ENSMMUG00000063680	0
ENSMMUG00000010128	0
ENSMMUG00000051279	0
ENSMMUG00000000450	0
ENSMMUG00000063392	0
ENSMMUG00000062745	0
ENSMMUG00000004048	14
ENSMMUG00000007841	0
ENSMMUG00000055412	0
ENSMMUG00000055816	2
ENSMMUG00000006096	0
ENSMMUG00000000338	13
ENSMMUG00000004294	0
ENSMMUG00000014875	0
ENSMMUG00000053860	12
ENSMMUG00000007842	0
ENSMMUG00000045281	5
ENSMMUG00000006405	2
ENSMMUG00000018265	0
ENSMMUG00000010229	0
ENSMMUG00000007944	15
ENSMMUG00000058721	0
ENSMMUG00000028098	0
ENSMMUG00000048544	0
ENSMMUG00000004286	162
ENSMMUG00000031282	242
ENSMMUG00000010124	0
ENSMMUG00000005029	7
ENSMMUG00000062977	0
ENSMMUG00000000335	2
ENSMMUG00000004289	8
ENSMMUG00000058203	0
ENSMMUG00000051458	22
ENSMMUG00000062742	0
ENSMMUG00000014877	0
ENSMMUG00000054996	102
ENSMMUG00000025103	6
ENSMMUG00000007095	8
ENSMMUG00000001780	0
ENSMMUG00000006929	10
ENSMMUG00000064017	1
ENSMMUG00000011657	9
ENSMMUG00000006403	12
ENSMMUG00000014118	0
ENSMMUG00000003618	3
ENSMMUG00000057391	3
ENSMMUG00000047707	0
ENSMMUG00000007093	0
ENSMMUG00000006400	0
ENSMMUG00000013799	0
ENSMMUG00000049902	0
ENSMMUG00000005031	126
ENSMMUG00000028071	0
ENSMMUG00000023586	1
ENSMMUG00000051870	61
ENSMMUG00000004534	7
ENSMMUG00000020154	14
ENSMMUG00000006931	39
ENSMMUG00000041430	4
ENSMMUG00000012189	44
ENSMMUG00000018360	0
ENSMMUG00000051583	0
ENSMMUG00000050434	0
ENSMMUG00000054427	0
ENSMMUG00000062285	0
ENSMMUG00000063808	0
ENSMMUG00000063620	0
ENSMMUG00000062365	0
ENSMMUG00000057149	4
ENSMMUG00000036242	0
ENSMMUG00000051651	0
ENSMMUG00000063369	0
ENSMMUG00000061242	0
ENSMMUG00000004332	0
ENSMMUG00000001777	0
ENSMMUG00000059586	0
ENSMMUG00000012190	106
ENSMMUG00000027711	0
ENSMMUG00000016006	0
ENSMMUG00000020911	0
ENSMMUG00000043127	0
ENSMMUG00000047341	0
ENSMMUG00000033277	0
ENSMMUG00000023582	0
ENSMMUG00000012191	4
ENSMMUG00000050474	0
ENSMMUG00000022139	0
ENSMMUG00000052997	0
ENSMMUG00000049872	0
ENSMMUG00000052577	0
ENSMMUG00000004331	0
ENSMMUG00000049540	0
ENSMMUG00000005122	0
ENSMMUG00000064140	0
ENSMMUG00000046453	0
ENSMMUG00000062075	0
ENSMMUG00000004761	15
ENSMMUG00000059566	0
ENSMMUG00000016810	35
ENSMMUG00000004330	0
ENSMMUG00000058618	0
ENSMMUG00000050413	0
ENSMMUG00000060458	0
ENSMMUG00000063056	0
ENSMMUG00000045775	9
ENSMMUG00000051637	0
ENSMMUG00000053842	0
ENSMMUG00000059976	0
ENSMMUG00000043188	0
ENSMMUG00000010277	18
ENSMMUG00000020706	18
ENSMMUG00000007921	0
ENSMMUG00000010184	0
ENSMMUG00000027858	26
ENSMMUG00000004329	0
ENSMMUG00000051617	0
ENSMMUG00000011115	0
ENSMMUG00000054189	0
ENSMMUG00000010274	25
ENSMMUG00000010273	22
ENSMMUG00000004764	26
ENSMMUG00000064798	19
ENSMMUG00000057966	10
ENSMMUG00000023581	2
ENSMMUG00000053726	1
ENSMMUG00000016213	4
ENSMMUG00000031111	0
ENSMMUG00000049000	0
ENSMMUG00000014913	0
ENSMMUG00000011116	0
ENSMMUG00000057771	2
ENSMMUG00000064417	60
ENSMMUG00000001083	0
ENSMMUG00000049827	0
ENSMMUG00000051915	0
ENSMMUG00000009498	0
ENSMMUG00000001997	0
ENSMMUG00000060836	0
ENSMMUG00000003620	3
ENSMMUG00000016807	0
ENSMMUG00000003141	16
ENSMMUG00000015611	12
ENSMMUG00000011718	0
ENSMMUG00000015281	12
ENSMMUG00000013490	240
ENSMMUG00000064087	0
ENSMMUG00000011714	0
ENSMMUG00000061602	76
ENSMMUG00000015280	21
ENSMMUG00000003144	4
ENSMMUG00000030983	0
ENSMMUG00000004327	11
ENSMMUG00000021337	0
ENSMMUG00000003145	0
ENSMMUG00000022206	0
ENSMMUG00000015607	91
ENSMMUG00000050659	0
ENSMMUG00000016806	13
ENSMMUG00000061614	0
ENSMMUG00000031015	0
ENSMMUG00000047778	0
ENSMMUG00000049710	0
ENSMMUG00000051197	0
ENSMMUG00000062462	0
ENSMMUG00000002365	1
ENSMMUG00000060160	0
ENSMMUG00000061327	0
ENSMMUG00000052905	0
ENSMMUG00000055306	1
ENSMMUG00000045201	0
ENSMMUG00000054774	0
ENSMMUG00000022373	3
ENSMMUG00000062468	83
ENSMMUG00000002963	0
ENSMMUG00000055260	0
ENSMMUG00000054256	0
ENSMMUG00000043846	0
ENSMMUG00000041831	3468
ENSMMUG00000006842	0
ENSMMUG00000011713	0
ENSMMUG00000005895	0
ENSMMUG00000022372	35
ENSMMUG00000041425	0
ENSMMUG00000036746	0
ENSMMUG00000012596	0
ENSMMUG00000053088	4
ENSMMUG00000011712	0
ENSMMUG00000056603	0
ENSMMUG00000064558	0
ENSMMUG00000057247	0
ENSMMUG00000054737	0
ENSMMUG00000005485	5
ENSMMUG00000062697	0
ENSMMUG00000002692	557
ENSMMUG00000059848	0
ENSMMUG00000009850	0
ENSMMUG00000061629	0
ENSMMUG00000054716	2
ENSMMUG00000060679	0
ENSMMUG00000022548	7
ENSMMUG00000013822	0
ENSMMUG00000049899	0
ENSMMUG00000062529	0
ENSMMUG00000021638	0
ENSMMUG00000059029	0
ENSMMUG00000017592	0
ENSMMUG00000002489	0
ENSMMUG00000050579	0
ENSMMUG00000009851	3
ENSMMUG00000010544	0
ENSMMUG00000056817	0
ENSMMUG00000062872	0
ENSMMUG00000015606	1
ENSMMUG00000058081	0
ENSMMUG00000039373	0
ENSMMUG00000054474	0
ENSMMUG00000064060	0
ENSMMUG00000009852	0
ENSMMUG00000064575	0
ENSMMUG00000001070	0
ENSMMUG00000054152	0
ENSMMUG00000017590	0
ENSMMUG00000001067	0
ENSMMUG00000052480	0
ENSMMUG00000001066	0
ENSMMUG00000005171	0
ENSMMUG00000008921	2
ENSMMUG00000062208	33
ENSMMUG00000064697	0
ENSMMUG00000036118	0
ENSMMUG00000025173	0
ENSMMUG00000034834	4
ENSMMUG00000032694	0
ENSMMUG00000015604	6
ENSMMUG00000063361	0
ENSMMUG00000001065	0
ENSMMUG00000057813	0
ENSMMUG00000042298	0
ENSMMUG00000001064	0
ENSMMUG00000016472	0
ENSMMUG00000052765	0
ENSMMUG00000049802	0
ENSMMUG00000020002	0
ENSMMUG00000055210	0
ENSMMUG00000055998	0
ENSMMUG00000006448	0
ENSMMUG00000013810	0
ENSMMUG00000056993	0
ENSMMUG00000043762	0
ENSMMUG00000058316	0
ENSMMUG00000059963	0
ENSMMUG00000050831	0
ENSMMUG00000053270	0
ENSMMUG00000050179	19
ENSMMUG00000012366	0
ENSMMUG00000062916	0
ENSMMUG00000061115	0
ENSMMUG00000013622	0
ENSMMUG00000002691	33
ENSMMUG00000052514	0
ENSMMUG00000036864	4
ENSMMUG00000003104	1
ENSMMUG00000061669	0
ENSMMUG00000051672	0
ENSMMUG00000053039	0
ENSMMUG00000013621	0
ENSMMUG00000009854	0
ENSMMUG00000062162	0
ENSMMUG00000021551	0
ENSMMUG00000026563	0
ENSMMUG00000051652	0
ENSMMUG00000030974	0
ENSMMUG00000065335	0
ENSMMUG00000049289	0
ENSMMUG00000048340	0
ENSMMUG00000025212	0
ENSMMUG00000048408	0
ENSMMUG00000057860	0
ENSMMUG00000022547	0
ENSMMUG00000054668	0
ENSMMUG00000014902	0
ENSMMUG00000013616	0
ENSMMUG00000017547	0
ENSMMUG00000006447	0
ENSMMUG00000060659	0
ENSMMUG00000043608	0
ENSMMUG00000022682	0
ENSMMUG00000053998	0
ENSMMUG00000025057	0
ENSMMUG00000015602	17
ENSMMUG00000057425	0
ENSMMUG00000008923	0
ENSMMUG00000051536	0
ENSMMUG00000057784	0
ENSMMUG00000011211	61
ENSMMUG00000016125	0
ENSMMUG00000017628	0
ENSMMUG00000062126	0
ENSMMUG00000013613	0
ENSMMUG00000056610	0
ENSMMUG00000005927	0
ENSMMUG00000064584	0
ENSMMUG00000044493	0
ENSMMUG00000060987	0
ENSMMUG00000064895	0
ENSMMUG00000062174	0
ENSMMUG00000044545	0
ENSMMUG00000061948	3
ENSMMUG00000051175	0
ENSMMUG00000049591	34
ENSMMUG00000001995	0
ENSMMUG00000063820	0
ENSMMUG00000008274	67
ENSMMUG00000001994	0
ENSMMUG00000060216	3
ENSMMUG00000011203	0
ENSMMUG00000053493	0
ENSMMUG00000017626	0
ENSMMUG00000002432	40
ENSMMUG00000004974	0
ENSMMUG00000062465	0
ENSMMUG00000049813	0
ENSMMUG00000033185	6
ENSMMUG00000064582	0
ENSMMUG00000049777	0
ENSMMUG00000016128	0
ENSMMUG00000062722	0
ENSMMUG00000008634	3
ENSMMUG00000041090	0
ENSMMUG00000048025	0
ENSMMUG00000054364	0
ENSMMUG00000063405	0
ENSMMUG00000053553	0
ENSMMUG00000055212	0
ENSMMUG00000049625	0
ENSMMUG00000019111	0
ENSMMUG00000042894	0
ENSMMUG00000023119	0
ENSMMUG00000063681	0
ENSMMUG00000021830	26
ENSMMUG00000061300	1
ENSMMUG00000002753	2
ENSMMUG00000010987	0
ENSMMUG00000061356	0
ENSMMUG00000002429	1
ENSMMUG00000058413	0
ENSMMUG00000050827	0
ENSMMUG00000051202	0
ENSMMUG00000060971	0
ENSMMUG00000003962	1
ENSMMUG00000051769	2
ENSMMUG00000050245	0
ENSMMUG00000050119	0
ENSMMUG00000054765	0
ENSMMUG00000016540	0
ENSMMUG00000005207	86
ENSMMUG00000017450	15
ENSMMUG00000057373	22
ENSMMUG00000010875	0
ENSMMUG00000012249	0
ENSMMUG00000023491	0
ENSMMUG00000016543	21
ENSMMUG00000064334	0
ENSMMUG00000056265	0
ENSMMUG00000017555	0
ENSMMUG00000063415	0
ENSMMUG00000050844	2
ENSMMUG00000023132	0
ENSMMUG00000012251	0
ENSMMUG00000056184	0
ENSMMUG00000005209	1
ENSMMUG00000002566	0
ENSMMUG00000058619	32
ENSMMUG00000012449	0
ENSMMUG00000020246	0
ENSMMUG00000040741	0
ENSMMUG00000004529	0
ENSMMUG00000003958	0
ENSMMUG00000051561	0
ENSMMUG00000018696	0
ENSMMUG00000012253	0
ENSMMUG00000062635	0
ENSMMUG00000020359	5
ENSMMUG00000061592	0
ENSMMUG00000002562	12
ENSMMUG00000065021	0
ENSMMUG00000058976	0
ENSMMUG00000002563	32
ENSMMUG00000012254	0
ENSMMUG00000003874	5
ENSMMUG00000036678	0
ENSMMUG00000056203	106
ENSMMUG00000003957	31
ENSMMUG00000057760	0
ENSMMUG00000057665	3
ENSMMUG00000020245	0
ENSMMUG00000061185	0
ENSMMUG00000051653	0
ENSMMUG00000034612	0
ENSMMUG00000056673	0
ENSMMUG00000063499	0
ENSMMUG00000003955	181
ENSMMUG00000010988	4
ENSMMUG00000052627	0
ENSMMUG00000058453	0
ENSMMUG00000062674	0
ENSMMUG00000007325	5
ENSMMUG00000059115	55
ENSMMUG00000020956	0
ENSMMUG00000021646	6
ENSMMUG00000010989	0
ENSMMUG00000007326	1
ENSMMUG00000000761	7
ENSMMUG00000021828	14
ENSMMUG00000040961	0
ENSMMUG00000012620	7
ENSMMUG00000010990	0
ENSMMUG00000000759	1
ENSMMUG00000061624	0
ENSMMUG00000027028	0
ENSMMUG00000060694	0
ENSMMUG00000004837	0
ENSMMUG00000012618	21
ENSMMUG00000031237	0
ENSMMUG00000020953	5
ENSMMUG00000007340	0
ENSMMUG00000059168	0
ENSMMUG00000043807	0
ENSMMUG00000062630	0
ENSMMUG00000015598	0
ENSMMUG00000057954	0
ENSMMUG00000004838	1
ENSMMUG00000002688	2
ENSMMUG00000032760	0
ENSMMUG00000013419	0
ENSMMUG00000020363	85
ENSMMUG00000025809	0
ENSMMUG00000001332	0
ENSMMUG00000003950	0
ENSMMUG00000021827	0
ENSMMUG00000023490	0
ENSMMUG00000015597	1
ENSMMUG00000038222	68
ENSMMUG00000003335	56
ENSMMUG00000061086	0
ENSMMUG00000062304	0
ENSMMUG00000000316	0
ENSMMUG00000042208	11
ENSMMUG00000062886	0
ENSMMUG00000058610	0
ENSMMUG00000049489	10
ENSMMUG00000007330	82
ENSMMUG00000060344	8
ENSMMUG00000013724	1
ENSMMUG00000019253	0
ENSMMUG00000016446	2
ENSMMUG00000002050	5
ENSMMUG00000003336	183
ENSMMUG00000037170	0
ENSMMUG00000010983	3
ENSMMUG00000022964	1
ENSMMUG00000051266	95
ENSMMUG00000035829	0
ENSMMUG00000063381	0
ENSMMUG00000059343	15
ENSMMUG00000036717	0
ENSMMUG00000061807	0
ENSMMUG00000003949	0
ENSMMUG00000016589	0
ENSMMUG00000010577	125
ENSMMUG00000042838	0
ENSMMUG00000003948	1
ENSMMUG00000042640	0
ENSMMUG00000014840	0
ENSMMUG00000018471	0
ENSMMUG00000054980	0
ENSMMUG00000014237	1
ENSMMUG00000002053	13
ENSMMUG00000006359	3
ENSMMUG00000035354	0
ENSMMUG00000013358	0
ENSMMUG00000060447	0
ENSMMUG00000018029	14
ENSMMUG00000003946	0
ENSMMUG00000059692	19
ENSMMUG00000003022	0
ENSMMUG00000003021	0
ENSMMUG00000005513	3
ENSMMUG00000058234	0
ENSMMUG00000018119	5
ENSMMUG00000037611	2
ENSMMUG00000016444	0
ENSMMUG00000006357	14
ENSMMUG00000015017	0
ENSMMUG00000051497	0
ENSMMUG00000031268	0
ENSMMUG00000058205	0
ENSMMUG00000010982	2
ENSMMUG00000064289	52
ENSMMUG00000002058	135
ENSMMUG00000057085	33
ENSMMUG00000051733	471
ENSMMUG00000050922	0
ENSMMUG00000056342	0
ENSMMUG00000005437	0
ENSMMUG00000005512	0
ENSMMUG00000054647	143
ENSMMUG00000015016	15
ENSMMUG00000015019	0
ENSMMUG00000002496	0
ENSMMUG00000002061	6
ENSMMUG00000023192	0
ENSMMUG00000010601	0
ENSMMUG00000012924	0
ENSMMUG00000021643	1
ENSMMUG00000015018	3
ENSMMUG00000041821	2
ENSMMUG00000054009	0
ENSMMUG00000061409	0
ENSMMUG00000002494	0
ENSMMUG00000064479	0
ENSMMUG00000032643	0
ENSMMUG00000036602	6
ENSMMUG00000060926	0
ENSMMUG00000002067	1
ENSMMUG00000056680	0
ENSMMUG00000007633	0
ENSMMUG00000044417	15
ENSMMUG00000047449	0
ENSMMUG00000061392	53
ENSMMUG00000023190	18
ENSMMUG00000065162	0
ENSMMUG00000021914	106
ENSMMUG00000063529	0
ENSMMUG00000043644	0
ENSMMUG00000061869	0
ENSMMUG00000052457	0
ENSMMUG00000059958	0
ENSMMUG00000006355	19
ENSMMUG00000045430	0
ENSMMUG00000006063	0
ENSMMUG00000031267	0
ENSMMUG00000053015	0
ENSMMUG00000003912	0
ENSMMUG00000005440	0
ENSMMUG00000007785	165
ENSMMUG00000023189	2
ENSMMUG00000020727	1
ENSMMUG00000049945	0
ENSMMUG00000053160	0
ENSMMUG00000053645	0
ENSMMUG00000050188	0
ENSMMUG00000045787	0
ENSMMUG00000042802	0
ENSMMUG00000001322	0
ENSMMUG00000060578	0
ENSMMUG00000056852	0
ENSMMUG00000034125	3
ENSMMUG00000046812	0
ENSMMUG00000062502	0
ENSMMUG00000018034	12
ENSMMUG00000031207	42
ENSMMUG00000023188	0
ENSMMUG00000010358	0
ENSMMUG00000001324	3
ENSMMUG00000017814	0
ENSMMUG00000020197	0
ENSMMUG00000062000	0
ENSMMUG00000037344	40
ENSMMUG00000017813	0
ENSMMUG00000011990	0
ENSMMUG00000014535	2
ENSMMUG00000060963	0
ENSMMUG00000058635	0
ENSMMUG00000022862	13
ENSMMUG00000023184	7
ENSMMUG00000036039	0
ENSMMUG00000054503	0
ENSMMUG00000017810	1
ENSMMUG00000054561	0
ENSMMUG00000012926	0
ENSMMUG00000052420	52
ENSMMUG00000022860	1
ENSMMUG00000060772	3
ENSMMUG00000058289	2
ENSMMUG00000032861	25
ENSMMUG00000054213	0
ENSMMUG00000007791	1
ENSMMUG00000047242	0
ENSMMUG00000052526	0
ENSMMUG00000009695	14
ENSMMUG00000051904	0
ENSMMUG00000051413	0
ENSMMUG00000015010	0
ENSMMUG00000060750	0
ENSMMUG00000052289	0
ENSMMUG00000001800	68
ENSMMUG00000055348	0
ENSMMUG00000002043	2
ENSMMUG00000022347	0
ENSMMUG00000013100	0
ENSMMUG00000055602	0
ENSMMUG00000058180	0
ENSMMUG00000025090	0
ENSMMUG00000018533	0
ENSMMUG00000061625	0
ENSMMUG00000054651	0
ENSMMUG00000021280	78
ENSMMUG00000035632	0
ENSMMUG00000017709	0
ENSMMUG00000014531	0
ENSMMUG00000017809	0
ENSMMUG00000022944	9
ENSMMUG00000060965	0
ENSMMUG00000039824	0
ENSMMUG00000043860	0
ENSMMUG00000014530	0
ENSMMUG00000053164	0
ENSMMUG00000056105	32
ENSMMUG00000013772	0
ENSMMUG00000036306	0
ENSMMUG00000019757	0
ENSMMUG00000054976	1
ENSMMUG00000017218	1
ENSMMUG00000004773	0
ENSMMUG00000042611	0
ENSMMUG00000049895	0
ENSMMUG00000058957	0
ENSMMUG00000019755	28
ENSMMUG00000059027	0
ENSMMUG00000055635	0
ENSMMUG00000052145	0
ENSMMUG00000053982	0
ENSMMUG00000042348	3
ENSMMUG00000062171	34
ENSMMUG00000055300	0
ENSMMUG00000052386	0
ENSMMUG00000018527	2
ENSMMUG00000003300	10
ENSMMUG00000050552	0
ENSMMUG00000000022	4
ENSMMUG00000018526	4
ENSMMUG00000001710	0
ENSMMUG00000004777	0
ENSMMUG00000019988	8
ENSMMUG00000003301	0
ENSMMUG00000016737	0
ENSMMUG00000007742	12
ENSMMUG00000064359	1
ENSMMUG00000052454	0
ENSMMUG00000007794	0
ENSMMUG00000010627	0
ENSMMUG00000019751	0
ENSMMUG00000000019	14
ENSMMUG00000012410	0
ENSMMUG00000021282	6
ENSMMUG00000018524	3
ENSMMUG00000061781	0
ENSMMUG00000003387	2
ENSMMUG00000039397	1
ENSMMUG00000057177	0
ENSMMUG00000063641	0
ENSMMUG00000039514	3
ENSMMUG00000064295	0
ENSMMUG00000005154	0
ENSMMUG00000054530	0
ENSMMUG00000064924	0
ENSMMUG00000049690	0
ENSMMUG00000041979	0
ENSMMUG00000000018	0
ENSMMUG00000005151	0
ENSMMUG00000027462	0
ENSMMUG00000022603	0
ENSMMUG00000004157	15
ENSMMUG00000059190	0
ENSMMUG00000000017	0
ENSMMUG00000048497	0
ENSMMUG00000017859	0
ENSMMUG00000059142	0
ENSMMUG00000060330	0
ENSMMUG00000000657	0
ENSMMUG00000008876	0
ENSMMUG00000049023	0
ENSMMUG00000055274	0
ENSMMUG00000061482	0
ENSMMUG00000007796	0
ENSMMUG00000050775	0
ENSMMUG00000010453	0
ENSMMUG00000003631	3
ENSMMUG00000056505	0
ENSMMUG00000013350	0
ENSMMUG00000048988	0
ENSMMUG00000051255	0
ENSMMUG00000011166	0
ENSMMUG00000031065	0
ENSMMUG00000063636	0
ENSMMUG00000041514	0
ENSMMUG00000048052	0
ENSMMUG00000051959	0
ENSMMUG00000059891	1
ENSMMUG00000040471	0
ENSMMUG00000015982	0
ENSMMUG00000049875	0
ENSMMUG00000011846	0
ENSMMUG00000011828	0
ENSMMUG00000060286	0
ENSMMUG00000024994	0
ENSMMUG00000051326	0
ENSMMUG00000043504	0
ENSMMUG00000015984	45
ENSMMUG00000057395	0
ENSMMUG00000060566	11
ENSMMUG00000052706	0
ENSMMUG00000048032	0
ENSMMUG00000006652	0
ENSMMUG00000059046	0
ENSMMUG00000011436	6
ENSMMUG00000053625	0
ENSMMUG00000031102	0
ENSMMUG00000051145	0
ENSMMUG00000054295	0
ENSMMUG00000011821	45
ENSMMUG00000064518	0
ENSMMUG00000033094	0
ENSMMUG00000007618	0
ENSMMUG00000011835	0
ENSMMUG00000060650	0
ENSMMUG00000010455	0
ENSMMUG00000007102	40
ENSMMUG00000015992	0
ENSMMUG00000011163	3
ENSMMUG00000035758	0
ENSMMUG00000061956	0
ENSMMUG00000015991	1
ENSMMUG00000014880	48
ENSMMUG00000011438	0
ENSMMUG00000020783	0
ENSMMUG00000001260	1
ENSMMUG00000026244	0
ENSMMUG00000054121	0
ENSMMUG00000010451	0
ENSMMUG00000059436	22
ENSMMUG00000020784	0
ENSMMUG00000002542	5
ENSMMUG00000058277	3
ENSMMUG00000004822	0
ENSMMUG00000053399	0
ENSMMUG00000038771	0
ENSMMUG00000043364	5
ENSMMUG00000059001	0
ENSMMUG00000057893	0
ENSMMUG00000007620	7
ENSMMUG00000031100	0
ENSMMUG00000003394	0
ENSMMUG00000015987	0
ENSMMUG00000004267	0
ENSMMUG00000063655	0
ENSMMUG00000050759	0
ENSMMUG00000004821	0
ENSMMUG00000052815	0
ENSMMUG00000011817	188
ENSMMUG00000040935	1
ENSMMUG00000015986	2
ENSMMUG00000003396	0
ENSMMUG00000006955	0
ENSMMUG00000008588	0
ENSMMUG00000001403	0
ENSMMUG00000061384	0
ENSMMUG00000050397	0
ENSMMUG00000008585	0
ENSMMUG00000020176	0
ENSMMUG00000015792	0
ENSMMUG00000002539	1
ENSMMUG00000050649	0
ENSMMUG00000004153	14
ENSMMUG00000058280	0
ENSMMUG00000020177	0
ENSMMUG00000061603	1
ENSMMUG00000006950	1
ENSMMUG00000002535	0
ENSMMUG00000006268	11
ENSMMUG00000013530	0
ENSMMUG00000053946	0
ENSMMUG00000005493	17
ENSMMUG00000031202	1
ENSMMUG00000059299	0
ENSMMUG00000015790	0
ENSMMUG00000060490	0
ENSMMUG00000013526	0
ENSMMUG00000040144	5
ENSMMUG00000025655	0
ENSMMUG00000009267	0
ENSMMUG00000050942	0
ENSMMUG00000001536	0
ENSMMUG00000055460	0
ENSMMUG00000058594	8
ENSMMUG00000052347	22
ENSMMUG00000009264	0
ENSMMUG00000053043	0
ENSMMUG00000022520	25
ENSMMUG00000053281	0
ENSMMUG00000014883	16
ENSMMUG00000046488	0
ENSMMUG00000017593	17
ENSMMUG00000050591	0
ENSMMUG00000042410	0
ENSMMUG00000015785	0
ENSMMUG00000026946	0
ENSMMUG00000060629	1
ENSMMUG00000005489	15
ENSMMUG00000055956	0
ENSMMUG00000041621	0
ENSMMUG00000053378	0
ENSMMUG00000058467	4
ENSMMUG00000056905	0
ENSMMUG00000053140	0
ENSMMUG00000028635	0
ENSMMUG00000005488	59
ENSMMUG00000017135	0
ENSMMUG00000061215	16
ENSMMUG00000026963	0
ENSMMUG00000050433	3
ENSMMUG00000048141	0
ENSMMUG00000050864	0
ENSMMUG00000037430	0
ENSMMUG00000011068	3
ENSMMUG00000005423	0
ENSMMUG00000050689	0
ENSMMUG00000062951	0
ENSMMUG00000065091	38
ENSMMUG00000051907	0
ENSMMUG00000058745	0
ENSMMUG00000013524	2
ENSMMUG00000003400	0
ENSMMUG00000049268	1
ENSMMUG00000005486	51
ENSMMUG00000004544	0
ENSMMUG00000062571	25
ENSMMUG00000005483	92
ENSMMUG00000007754	4
ENSMMUG00000017600	0
ENSMMUG00000033876	0
ENSMMUG00000063045	0
ENSMMUG00000003403	29
ENSMMUG00000060358	0
ENSMMUG00000016387	0
ENSMMUG00000019674	0
ENSMMUG00000045160	0
ENSMMUG00000003405	2
ENSMMUG00000009205	11
ENSMMUG00000005480	18
ENSMMUG00000011013	8
ENSMMUG00000054955	0
ENSMMUG00000053908	14
ENSMMUG00000007100	17
ENSMMUG00000007745	10
ENSMMUG00000022319	265
ENSMMUG00000011015	5
ENSMMUG00000015054	34
ENSMMUG00000063711	3
ENSMMUG00000046904	0
ENSMMUG00000022518	11
ENSMMUG00000057009	37
ENSMMUG00000053278	4
ENSMMUG00000007743	28
ENSMMUG00000064498	0
ENSMMUG00000059696	0
ENSMMUG00000017280	8
ENSMMUG00000004489	0
ENSMMUG00000046625	0
ENSMMUG00000017287	8
ENSMMUG00000054280	0
ENSMMUG00000057357	0
ENSMMUG00000018632	0
ENSMMUG00000007831	47
ENSMMUG00000055352	0
ENSMMUG00000049850	0
ENSMMUG00000007741	187
ENSMMUG00000052569	0
ENSMMUG00000005482	0
ENSMMUG00000014133	4
ENSMMUG00000009028	24
ENSMMUG00000017278	13
ENSMMUG00000021764	0
ENSMMUG00000002037	0
ENSMMUG00000007103	40
ENSMMUG00000058539	0
ENSMMUG00000007738	5
ENSMMUG00000004249	5
ENSMMUG00000037426	0
ENSMMUG00000017275	146
ENSMMUG00000014131	2
ENSMMUG00000037980	0
ENSMMUG00000009204	1
ENSMMUG00000039484	0
ENSMMUG00000004250	0
ENSMMUG00000054897	17
ENSMMUG00000001745	5
ENSMMUG00000007107	0
ENSMMUG00000004523	13
ENSMMUG00000009026	1
ENSMMUG00000019672	367
ENSMMUG00000051642	0
ENSMMUG00000004253	0
ENSMMUG00000052086	0
ENSMMUG00000064122	0
ENSMMUG00000007713	0
ENSMMUG00000015932	8
ENSMMUG00000059427	0
ENSMMUG00000007008	0
ENSMMUG00000007732	0
ENSMMUG00000060261	0
ENSMMUG00000011743	3
ENSMMUG00000060712	0
ENSMMUG00000035821	0
ENSMMUG00000007731	0
ENSMMUG00000060585	0
ENSMMUG00000051212	0
ENSMMUG00000063368	0
ENSMMUG00000052424	21
ENSMMUG00000051423	0
ENSMMUG00000058532	14
ENSMMUG00000061386	0
ENSMMUG00000010688	0
ENSMMUG00000024840	0
ENSMMUG00000057680	0
ENSMMUG00000007945	0
ENSMMUG00000060889	0
ENSMMUG00000007728	0
ENSMMUG00000050656	0
ENSMMUG00000055687	1
ENSMMUG00000065321	0
ENSMMUG00000041104	0
ENSMMUG00000007751	4
ENSMMUG00000034816	0
ENSMMUG00000007725	1
ENSMMUG00000042162	0
ENSMMUG00000056328	0
ENSMMUG00000008759	0
ENSMMUG00000051622	0
ENSMMUG00000064993	0
ENSMMUG00000018308	0
ENSMMUG00000051519	2
ENSMMUG00000015928	4
ENSMMUG00000050992	0
ENSMMUG00000007723	67
ENSMMUG00000047594	0
ENSMMUG00000052507	0
ENSMMUG00000044642	0
ENSMMUG00000021723	0
ENSMMUG00000063993	0
ENSMMUG00000015925	28
ENSMMUG00000027585	0
ENSMMUG00000057179	0
ENSMMUG00000008758	4
ENSMMUG00000056794	0
ENSMMUG00000002250	0
ENSMMUG00000005492	0
ENSMMUG00000053392	4
ENSMMUG00000064149	0
ENSMMUG00000019115	5
ENSMMUG00000007717	14
ENSMMUG00000056968	0
ENSMMUG00000030915	0
ENSMMUG00000055406	0
ENSMMUG00000030914	27
ENSMMUG00000007752	0
ENSMMUG00000008771	14
ENSMMUG00000003525	5
ENSMMUG00000008065	14
ENSMMUG00000057794	0
ENSMMUG00000049684	2
ENSMMUG00000007753	5
ENSMMUG00000016884	3
ENSMMUG00000023636	4
ENSMMUG00000031293	4
ENSMMUG00000016883	0
ENSMMUG00000016882	1
ENSMMUG00000045580	0
ENSMMUG00000014001	17
ENSMMUG00000055541	0
ENSMMUG00000014455	0
ENSMMUG00000025233	0
ENSMMUG00000064636	3
ENSMMUG00000054416	0
ENSMMUG00000052166	0
ENSMMUG00000063316	0
ENSMMUG00000059645	0
ENSMMUG00000039750	0
ENSMMUG00000050090	0
ENSMMUG00000005639	0
ENSMMUG00000059160	58
ENSMMUG00000052406	0
ENSMMUG00000062186	0
ENSMMUG00000059353	0
ENSMMUG00000011526	6
ENSMMUG00000001256	0
ENSMMUG00000018571	0
ENSMMUG00000056711	3
ENSMMUG00000061705	0
ENSMMUG00000042636	31
ENSMMUG00000059969	9
ENSMMUG00000062863	0
ENSMMUG00000018152	3
ENSMMUG00000054795	44
ENSMMUG00000008655	0
ENSMMUG00000002543	9
ENSMMUG00000024934	0
ENSMMUG00000063597	0
ENSMMUG00000011502	45
ENSMMUG00000058331	0
ENSMMUG00000014003	0
ENSMMUG00000053388	0
ENSMMUG00000058029	0
ENSMMUG00000047347	0
ENSMMUG00000008654	70
ENSMMUG00000021142	2
ENSMMUG00000008653	7
ENSMMUG00000050603	0
ENSMMUG00000002617	7
ENSMMUG00000008652	0
ENSMMUG00000008651	8
ENSMMUG00000015876	8
ENSMMUG00000025109	0
ENSMMUG00000011506	8
ENSMMUG00000008649	17
ENSMMUG00000002919	2
ENSMMUG00000060452	0
ENSMMUG00000008490	7
ENSMMUG00000058888	0
ENSMMUG00000019012	50
ENSMMUG00000031214	0
ENSMMUG00000046655	0
ENSMMUG00000039412	0
ENSMMUG00000023922	0
ENSMMUG00000038138	0
ENSMMUG00000011511	17
ENSMMUG00000023300	11
ENSMMUG00000005776	0
ENSMMUG00000000511	1
ENSMMUG00000002922	0
ENSMMUG00000011741	0
ENSMMUG00000017529	6
ENSMMUG00000027059	0
ENSMMUG00000036455	0
ENSMMUG00000039301	1
ENSMMUG00000052593	0
ENSMMUG00000015731	0
ENSMMUG00000014772	0
ENSMMUG00000021446	7
ENSMMUG00000019014	22
ENSMMUG00000004533	86
ENSMMUG00000005775	0
ENSMMUG00000059965	1
ENSMMUG00000058862	0
ENSMMUG00000001293	95
ENSMMUG00000023297	0
ENSMMUG00000024920	0
ENSMMUG00000060529	0
ENSMMUG00000004622	16
ENSMMUG00000051792	0
ENSMMUG00000045105	2
ENSMMUG00000059908	0
ENSMMUG00000018304	0
ENSMMUG00000004696	3
ENSMMUG00000053898	0
ENSMMUG00000063960	66
ENSMMUG00000056343	0
ENSMMUG00000018316	0
ENSMMUG00000058391	0
ENSMMUG00000060181	0
ENSMMUG00000006692	0
ENSMMUG00000000797	0
ENSMMUG00000026782	0
ENSMMUG00000063439	0
ENSMMUG00000064713	0
ENSMMUG00000000513	1
ENSMMUG00000051683	0
ENSMMUG00000012317	0
ENSMMUG00000040599	0
ENSMMUG00000058804	0
ENSMMUG00000016225	0
ENSMMUG00000022133	8
ENSMMUG00000004625	6
ENSMMUG00000012316	2
ENSMMUG00000016227	0
ENSMMUG00000004626	11
ENSMMUG00000063234	0
ENSMMUG00000022031	3
ENSMMUG00000002611	7
ENSMMUG00000064873	2
ENSMMUG00000013257	7
ENSMMUG00000060267	6
ENSMMUG00000060246	19
ENSMMUG00000019016	0
ENSMMUG00000061959	7
ENSMMUG00000052460	0
ENSMMUG00000013256	1
ENSMMUG00000049880	0
ENSMMUG00000049915	7
ENSMMUG00000041230	0
ENSMMUG00000014415	0
ENSMMUG00000053491	12
ENSMMUG00000001294	215
ENSMMUG00000056149	0
ENSMMUG00000017565	2
ENSMMUG00000043297	0
ENSMMUG00000019017	711
ENSMMUG00000023942	0
ENSMMUG00000017292	0
ENSMMUG00000026596	0
ENSMMUG00000007798	33
ENSMMUG00000020354	2
ENSMMUG00000006689	0
ENSMMUG00000008878	5
ENSMMUG00000055800	0
ENSMMUG00000054956	0
ENSMMUG00000057647	3
ENSMMUG00000065052	0
ENSMMUG00000059138	0
ENSMMUG00000012585	0
ENSMMUG00000063842	0
ENSMMUG00000025983	0
ENSMMUG00000038288	4
ENSMMUG00000054131	0
ENSMMUG00000036475	0
ENSMMUG00000028370	0
ENSMMUG00000051131	0
ENSMMUG00000009019	5
ENSMMUG00000064232	0
ENSMMUG00000038363	1
ENSMMUG00000015522	0
ENSMMUG00000056815	0
ENSMMUG00000011977	0
ENSMMUG00000050028	140
ENSMMUG00000042046	0
ENSMMUG00000033208	0
ENSMMUG00000064005	1
ENSMMUG00000026265	0
ENSMMUG00000060437	1
ENSMMUG00000026130	0
ENSMMUG00000025398	0
ENSMMUG00000026536	0
ENSMMUG00000035788	0
ENSMMUG00000047808	60
ENSMMUG00000019837	54
ENSMMUG00000025719	0
ENSMMUG00000063403	1
ENSMMUG00000056839	0
ENSMMUG00000026160	0
ENSMMUG00000024499	0
ENSMMUG00000002456	40
ENSMMUG00000024487	0
ENSMMUG00000048435	0
ENSMMUG00000019839	86
ENSMMUG00000018779	3
ENSMMUG00000009022	0
ENSMMUG00000035564	0
ENSMMUG00000013475	2
ENSMMUG00000064726	0
ENSMMUG00000051468	0
ENSMMUG00000057640	0
ENSMMUG00000002241	0
ENSMMUG00000035403	0
ENSMMUG00000049467	0
ENSMMUG00000061604	19
ENSMMUG00000061174	0
ENSMMUG00000056720	1
ENSMMUG00000040374	3
ENSMMUG00000005280	0
ENSMMUG00000007675	0
ENSMMUG00000060401	0
ENSMMUG00000000343	16
ENSMMUG00000002917	1
ENSMMUG00000007418	330
ENSMMUG00000058196	0
ENSMMUG00000060360	0
ENSMMUG00000061596	0
ENSMMUG00000051474	0
ENSMMUG00000057627	0
ENSMMUG00000002453	0
ENSMMUG00000007676	2
ENSMMUG00000017741	0
ENSMMUG00000060188	0
ENSMMUG00000056235	0
ENSMMUG00000064641	0
ENSMMUG00000000527	0
ENSMMUG00000037173	0
ENSMMUG00000000506	0
ENSMMUG00000054754	0
ENSMMUG00000007416	17
ENSMMUG00000002452	0
ENSMMUG00000054171	2
ENSMMUG00000000188	8
ENSMMUG00000057944	0
ENSMMUG00000037754	0
ENSMMUG00000056037	0
ENSMMUG00000000185	0
ENSMMUG00000053694	0
ENSMMUG00000049305	0
ENSMMUG00000047219	0
ENSMMUG00000058201	0
ENSMMUG00000054033	0
ENSMMUG00000042169	0
ENSMMUG00000000874	0
ENSMMUG00000017568	0
ENSMMUG00000000187	0
ENSMMUG00000051612	0
ENSMMUG00000058858	0
ENSMMUG00000053769	0
ENSMMUG00000050389	0
ENSMMUG00000051632	0
ENSMMUG00000010782	2
ENSMMUG00000062793	0
ENSMMUG00000005445	0
ENSMMUG00000020491	6
ENSMMUG00000026375	10
ENSMMUG00000007406	3
ENSMMUG00000050618	6
ENSMMUG00000064611	0
ENSMMUG00000050952	0
ENSMMUG00000051614	0
ENSMMUG00000045402	0
ENSMMUG00000062081	0
ENSMMUG00000006665	8
ENSMMUG00000011449	0
ENSMMUG00000062352	0
ENSMMUG00000053720	0
ENSMMUG00000019419	6
ENSMMUG00000019186	0
ENSMMUG00000019421	12
ENSMMUG00000015425	0
ENSMMUG00000010783	6
ENSMMUG00000054869	0
ENSMMUG00000003244	4
ENSMMUG00000048604	0
ENSMMUG00000061868	0
ENSMMUG00000003138	0
ENSMMUG00000040519	0
ENSMMUG00000007822	0
ENSMMUG00000015106	0
ENSMMUG00000018698	0
ENSMMUG00000003139	0
ENSMMUG00000056825	27
ENSMMUG00000047498	0
ENSMMUG00000043558	20
ENSMMUG00000008025	58
ENSMMUG00000059619	0
ENSMMUG00000015247	0
ENSMMUG00000057411	5
ENSMMUG00000052571	6
ENSMMUG00000020105	0
ENSMMUG00000035318	0
ENSMMUG00000050651	10
ENSMMUG00000039948	0
ENSMMUG00000065306	0
ENSMMUG00000060046	0
ENSMMUG00000058037	0
ENSMMUG00000062751	4
ENSMMUG00000057666	0
ENSMMUG00000064241	0
ENSMMUG00000043778	0
ENSMMUG00000021438	0
ENSMMUG00000064111	9
ENSMMUG00000055992	1
ENSMMUG00000064193	0
ENSMMUG00000034898	0
ENSMMUG00000011976	0
ENSMMUG00000062372	0
ENSMMUG00000018781	34
ENSMMUG00000059415	0
ENSMMUG00000059728	3
ENSMMUG00000057837	0
ENSMMUG00000022401	3
ENSMMUG00000008472	0
ENSMMUG00000027057	1
ENSMMUG00000033242	0
ENSMMUG00000023094	5
ENSMMUG00000051171	2
ENSMMUG00000021439	0
ENSMMUG00000003682	8
ENSMMUG00000057431	0
ENSMMUG00000008474	2
ENSMMUG00000045321	0
ENSMMUG00000027434	0
ENSMMUG00000003140	35
ENSMMUG00000028064	0
ENSMMUG00000025749	0
ENSMMUG00000024646	0
ENSMMUG00000026405	0
ENSMMUG00000024245	0
ENSMMUG00000015249	0
ENSMMUG00000026121	0
ENSMMUG00000021659	2
ENSMMUG00000000110	11
ENSMMUG00000000368	15
ENSMMUG00000011646	10
ENSMMUG00000005019	0
ENSMMUG00000003142	94
ENSMMUG00000020430	0
ENSMMUG00000015255	1
ENSMMUG00000035738	0
ENSMMUG00000025590	1
ENSMMUG00000033201	0
ENSMMUG00000021661	0
ENSMMUG00000008476	0
ENSMMUG00000050788	28
ENSMMUG00000013601	0
ENSMMUG00000057633	4
ENSMMUG00000019736	0
ENSMMUG00000064903	0
ENSMMUG00000057156	0
ENSMMUG00000060095	0
ENSMMUG00000019268	3
ENSMMUG00000004791	53
ENSMMUG00000051272	0
ENSMMUG00000021664	3
ENSMMUG00000048660	0
ENSMMUG00000050981	6
ENSMMUG00000018778	30
ENSMMUG00000014368	0
ENSMMUG00000028420	0
ENSMMUG00000064251	0
ENSMMUG00000007402	15
ENSMMUG00000054421	0
ENSMMUG00000065148	0
ENSMMUG00000059839	0
ENSMMUG00000018776	3
ENSMMUG00000030964	4
ENSMMUG00000014169	4
ENSMMUG00000004688	3
ENSMMUG00000008480	13
ENSMMUG00000061333	0
ENSMMUG00000061053	0
ENSMMUG00000018775	0
ENSMMUG00000018773	4
ENSMMUG00000024329	0
ENSMMUG00000026943	0
ENSMMUG00000056054	0
ENSMMUG00000060300	18
ENSMMUG00000008481	9
ENSMMUG00000052288	0
ENSMMUG00000004012	48
ENSMMUG00000039671	0
ENSMMUG00000059461	0
ENSMMUG00000007381	31
ENSMMUG00000057600	74
ENSMMUG00000061444	3
ENSMMUG00000053780	0
ENSMMUG00000061599	0
ENSMMUG00000007382	8
ENSMMUG00000053897	0
ENSMMUG00000005353	0
ENSMMUG00000051635	1
ENSMMUG00000008486	44
ENSMMUG00000050514	0
ENSMMUG00000049355	9
ENSMMUG00000018772	1
ENSMMUG00000051075	0
ENSMMUG00000064128	0
ENSMMUG00000061775	0
ENSMMUG00000052168	0
ENSMMUG00000042509	9
ENSMMUG00000031183	24
ENSMMUG00000057934	1
ENSMMUG00000061315	0
ENSMMUG00000013095	4
ENSMMUG00000050362	0
ENSMMUG00000013267	21
ENSMMUG00000061600	15
ENSMMUG00000064510	17
ENSMMUG00000016548	2
ENSMMUG00000051161	0
ENSMMUG00000008488	17
ENSMMUG00000049599	0
ENSMMUG00000004500	6
ENSMMUG00000057483	0
ENSMMUG00000023479	8
ENSMMUG00000021576	0
ENSMMUG00000056249	33
ENSMMUG00000004014	28
ENSMMUG00000004503	0
ENSMMUG00000018768	4
ENSMMUG00000040247	0
ENSMMUG00000004024	69
ENSMMUG00000048281	0
ENSMMUG00000047889	3
ENSMMUG00000014363	6
ENSMMUG00000064709	0
ENSMMUG00000004112	0
ENSMMUG00000041012	56
ENSMMUG00000057020	5
ENSMMUG00000018767	0
ENSMMUG00000024336	0
ENSMMUG00000055675	1
ENSMMUG00000021578	1
ENSMMUG00000063559	0
ENSMMUG00000020820	0
ENSMMUG00000023477	11
ENSMMUG00000002605	2
ENSMMUG00000012315	23
ENSMMUG00000014328	1
ENSMMUG00000057360	0
ENSMMUG00000062043	0
ENSMMUG00000022403	0
ENSMMUG00000065277	0
ENSMMUG00000002658	0
ENSMMUG00000062838	4
ENSMMUG00000031168	0
ENSMMUG00000058889	0
ENSMMUG00000002660	3
ENSMMUG00000018168	0
ENSMMUG00000006375	0
ENSMMUG00000012320	0
ENSMMUG00000020818	0
ENSMMUG00000051795	0
ENSMMUG00000061391	0
ENSMMUG00000063365	0
ENSMMUG00000062781	0
ENSMMUG00000041388	0
ENSMMUG00000010321	0
ENSMMUG00000013265	12
ENSMMUG00000038358	0
ENSMMUG00000059392	1
ENSMMUG00000062265	1
ENSMMUG00000042036	93
ENSMMUG00000050497	39
ENSMMUG00000008965	0
ENSMMUG00000056145	0
ENSMMUG00000050318	0
ENSMMUG00000025058	0
ENSMMUG00000006568	0
ENSMMUG00000019693	0
ENSMMUG00000064306	0
ENSMMUG00000018174	0
ENSMMUG00000031129	0
ENSMMUG00000059077	0
ENSMMUG00000031163	0
ENSMMUG00000005761	15
ENSMMUG00000059789	0
ENSMMUG00000040202	0
ENSMMUG00000020817	0
ENSMMUG00000018464	0
ENSMMUG00000003976	78
ENSMMUG00000061647	49
ENSMMUG00000059843	1
ENSMMUG00000017294	0
ENSMMUG00000008053	0
ENSMMUG00000020368	0
ENSMMUG00000046328	0
ENSMMUG00000041101	7
ENSMMUG00000024976	0
ENSMMUG00000013949	1
ENSMMUG00000003973	6
ENSMMUG00000055575	0
ENSMMUG00000034966	0
ENSMMUG00000018178	0
ENSMMUG00000018117	1
ENSMMUG00000014334	1
ENSMMUG00000008048	0
ENSMMUG00000056754	3
ENSMMUG00000057176	0
ENSMMUG00000052983	0
ENSMMUG00000018465	1
ENSMMUG00000030906	0
ENSMMUG00000001730	0
ENSMMUG00000006183	0
ENSMMUG00000023772	2
ENSMMUG00000018188	0
ENSMMUG00000053379	0
ENSMMUG00000062435	0
ENSMMUG00000026956	0
ENSMMUG00000032661	0
ENSMMUG00000048799	0
ENSMMUG00000017398	30
ENSMMUG00000001387	0
ENSMMUG00000000844	0
ENSMMUG00000027119	0
ENSMMUG00000043523	15
ENSMMUG00000027105	0
ENSMMUG00000044962	4
ENSMMUG00000053754	7
ENSMMUG00000003972	5
ENSMMUG00000037228	0
ENSMMUG00000018944	24
ENSMMUG00000023773	0
ENSMMUG00000024018	0
ENSMMUG00000017399	0
ENSMMUG00000023376	3
ENSMMUG00000054645	0
ENSMMUG00000018945	1
ENSMMUG00000062802	0
ENSMMUG00000059644	59
ENSMMUG00000045019	9
ENSMMUG00000007639	2
ENSMMUG00000019734	0
ENSMMUG00000003971	0
ENSMMUG00000008827	14
ENSMMUG00000047793	5
ENSMMUG00000056264	0
ENSMMUG00000017402	8
ENSMMUG00000009394	0
ENSMMUG00000017355	2
ENSMMUG00000065186	0
ENSMMUG00000057529	0
ENSMMUG00000010009	0
ENSMMUG00000062196	0
ENSMMUG00000063557	0
ENSMMUG00000061815	0
ENSMMUG00000025977	0
ENSMMUG00000031126	0
ENSMMUG00000052796	11
ENSMMUG00000059840	0
ENSMMUG00000014792	4
ENSMMUG00000010119	39
ENSMMUG00000056219	0
ENSMMUG00000060396	0
ENSMMUG00000059876	0
ENSMMUG00000010120	5
ENSMMUG00000044683	0
ENSMMUG00000058923	0
ENSMMUG00000031160	1
ENSMMUG00000054773	1
ENSMMUG00000018112	7
ENSMMUG00000014796	33
ENSMMUG00000063047	0
ENSMMUG00000017471	0
ENSMMUG00000030597	5
ENSMMUG00000060615	0
ENSMMUG00000050672	2
ENSMMUG00000025384	0
ENSMMUG00000017470	0
ENSMMUG00000061237	0
ENSMMUG00000010010	5
ENSMMUG00000056834	0
ENSMMUG00000007079	0
ENSMMUG00000061571	0
ENSMMUG00000018110	0
ENSMMUG00000050662	0
ENSMMUG00000054432	0
ENSMMUG00000053585	0
ENSMMUG00000017472	0
ENSMMUG00000050736	0
ENSMMUG00000007080	0
ENSMMUG00000051149	0
ENSMMUG00000014801	218
ENSMMUG00000009055	0
ENSMMUG00000057940	0
ENSMMUG00000064029	0
ENSMMUG00000053386	0
ENSMMUG00000014812	9
ENSMMUG00000056316	81
ENSMMUG00000052952	11
ENSMMUG00000002369	0
ENSMMUG00000013094	0
ENSMMUG00000007085	1
ENSMMUG00000013093	0
ENSMMUG00000049990	0
ENSMMUG00000020643	6
ENSMMUG00000057523	25
ENSMMUG00000002368	5
ENSMMUG00000022606	7
ENSMMUG00000007086	0
ENSMMUG00000006595	44
ENSMMUG00000055265	0
ENSMMUG00000052205	0
ENSMMUG00000051785	0
ENSMMUG00000012270	0
ENSMMUG00000006598	8
ENSMMUG00000020644	5
ENSMMUG00000051372	0
ENSMMUG00000002549	0
ENSMMUG00000055672	0
ENSMMUG00000012269	1
ENSMMUG00000050129	0
ENSMMUG00000052870	1
ENSMMUG00000022301	71
ENSMMUG00000044640	3
ENSMMUG00000060517	0
ENSMMUG00000036901	0
ENSMMUG00000021039	112
ENSMMUG00000012268	2
ENSMMUG00000061157	0
ENSMMUG00000017473	0
ENSMMUG00000014806	3
ENSMMUG00000059798	0
ENSMMUG00000031123	2
ENSMMUG00000054205	0
ENSMMUG00000051695	9
ENSMMUG00000052484	939
ENSMMUG00000044814	171
ENSMMUG00000017476	124
ENSMMUG00000049661	0
ENSMMUG00000048406	0
ENSMMUG00000059447	0
ENSMMUG00000010685	0
ENSMMUG00000007999	2
ENSMMUG00000013831	1
ENSMMUG00000050330	0
ENSMMUG00000017477	8
ENSMMUG00000030902	0
ENSMMUG00000060466	44
ENSMMUG00000052900	5
ENSMMUG00000059236	0
ENSMMUG00000062645	1
ENSMMUG00000058338	0
ENSMMUG00000010686	0
ENSMMUG00000062084	0
ENSMMUG00000004424	0
ENSMMUG00000004649	0
ENSMMUG00000055891	0
ENSMMUG00000056501	0
ENSMMUG00000003821	0
ENSMMUG00000021628	0
ENSMMUG00000054866	0
ENSMMUG00000064190	0
ENSMMUG00000058706	0
ENSMMUG00000053377	0
ENSMMUG00000062870	0
ENSMMUG00000061574	0
ENSMMUG00000009126	0
ENSMMUG00000050683	0
ENSMMUG00000035674	0
ENSMMUG00000060118	0
ENSMMUG00000004420	1
ENSMMUG00000061553	0
ENSMMUG00000034601	0
ENSMMUG00000022604	6
ENSMMUG00000042218	0
ENSMMUG00000062874	1
ENSMMUG00000022598	8
ENSMMUG00000018651	3
ENSMMUG00000009053	0
ENSMMUG00000022595	0
ENSMMUG00000022594	0
ENSMMUG00000049943	0
ENSMMUG00000052985	0
ENSMMUG00000051766	0
ENSMMUG00000060635	0
ENSMMUG00000007610	0
ENSMMUG00000056546	0
ENSMMUG00000007603	20
ENSMMUG00000052307	0
ENSMMUG00000013397	2
ENSMMUG00000058655	0
ENSMMUG00000019647	569
ENSMMUG00000017803	115
ENSMMUG00000037770	0
ENSMMUG00000017802	0
ENSMMUG00000059735	0
ENSMMUG00000009316	42
ENSMMUG00000010390	45
ENSMMUG00000060596	101
ENSMMUG00000012948	7
ENSMMUG00000037977	0
ENSMMUG00000048072	2
ENSMMUG00000010719	1
ENSMMUG00000012944	0
ENSMMUG00000012942	3
ENSMMUG00000012941	5
ENSMMUG00000012940	233
ENSMMUG00000012939	7
ENSMMUG00000012953	1
ENSMMUG00000009318	52
ENSMMUG00000056349	9
ENSMMUG00000056751	7
ENSMMUG00000053702	0
ENSMMUG00000000482	10
ENSMMUG00000000478	9
ENSMMUG00000053930	6
ENSMMUG00000005982	85
ENSMMUG00000053314	0
ENSMMUG00000040777	0
ENSMMUG00000056344	0
ENSMMUG00000054040	0
ENSMMUG00000016942	0
ENSMMUG00000064922	0
ENSMMUG00000025469	0
ENSMMUG00000055682	0
ENSMMUG00000010853	0
ENSMMUG00000019119	0
ENSMMUG00000007041	1
ENSMMUG00000060151	0
ENSMMUG00000007133	0
ENSMMUG00000063818	38
ENSMMUG00000065325	0
ENSMMUG00000041731	0
ENSMMUG00000054562	0
ENSMMUG00000019329	1
ENSMMUG00000044847	0
ENSMMUG00000064700	0
ENSMMUG00000000336	4
ENSMMUG00000014613	3
ENSMMUG00000014614	10
ENSMMUG00000014615	3
ENSMMUG00000031024	1
ENSMMUG00000063447	0
ENSMMUG00000051526	0
ENSMMUG00000038694	0
ENSMMUG00000051852	0
ENSMMUG00000061837	0
ENSMMUG00000049731	4
ENSMMUG00000063473	0
ENSMMUG00000062148	0
ENSMMUG00000058832	0
ENSMMUG00000053778	0
ENSMMUG00000060453	13
ENSMMUG00000050813	0
ENSMMUG00000013290	0
ENSMMUG00000049053	0
ENSMMUG00000047971	0
ENSMMUG00000049227	0
ENSMMUG00000003412	21
ENSMMUG00000052972	0
ENSMMUG00000060228	0
ENSMMUG00000060197	0
ENSMMUG00000003399	38
ENSMMUG00000009961	6
ENSMMUG00000008183	10
ENSMMUG00000009956	3
ENSMMUG00000012442	4
ENSMMUG00000006088	0
ENSMMUG00000023796	5
ENSMMUG00000060992	0
ENSMMUG00000050421	0
ENSMMUG00000054389	0
ENSMMUG00000023795	0
ENSMMUG00000059799	1
ENSMMUG00000000422	23
ENSMMUG00000060195	0
ENSMMUG00000052330	0
ENSMMUG00000014944	0
ENSMMUG00000021760	885
ENSMMUG00000002517	0
ENSMMUG00000053976	0
ENSMMUG00000057599	0
ENSMMUG00000001827	0
ENSMMUG00000024552	0
ENSMMUG00000012167	10
ENSMMUG00000042866	0
ENSMMUG00000051925	0
ENSMMUG00000064229	0
ENSMMUG00000049412	0
ENSMMUG00000009775	0
ENSMMUG00000012163	0
ENSMMUG00000051781	6
ENSMMUG00000056533	0
ENSMMUG00000002518	0
ENSMMUG00000053926	0
ENSMMUG00000027129	0
ENSMMUG00000017151	0
ENSMMUG00000008196	378
ENSMMUG00000027104	0
ENSMMUG00000027054	0
ENSMMUG00000057126	1
ENSMMUG00000057812	0
ENSMMUG00000015805	0
ENSMMUG00000042905	0
ENSMMUG00000050789	0
ENSMMUG00000020164	11
ENSMMUG00000054140	0
ENSMMUG00000057137	0
ENSMMUG00000051068	0
ENSMMUG00000002515	5
ENSMMUG00000001526	24
ENSMMUG00000058221	0
ENSMMUG00000064625	0
ENSMMUG00000065127	3
ENSMMUG00000050967	0
ENSMMUG00000006052	0
ENSMMUG00000018233	0
ENSMMUG00000063088	4
ENSMMUG00000052728	0
ENSMMUG00000023495	0
ENSMMUG00000011767	1
ENSMMUG00000062710	0
ENSMMUG00000011787	6
ENSMMUG00000062932	0
ENSMMUG00000014558	1
ENSMMUG00000016343	2
ENSMMUG00000058851	0
ENSMMUG00000055228	0
ENSMMUG00000033366	0
ENSMMUG00000033398	0
ENSMMUG00000003401	49
ENSMMUG00000064515	0
ENSMMUG00000054209	0
ENSMMUG00000004338	3
ENSMMUG00000049422	1
ENSMMUG00000001524	10
ENSMMUG00000017199	0
ENSMMUG00000035945	0
ENSMMUG00000061670	0
ENSMMUG00000053274	0
ENSMMUG00000061225	0
ENSMMUG00000056887	0
ENSMMUG00000064801	6
ENSMMUG00000062815	0
ENSMMUG00000016508	0
ENSMMUG00000000494	0
ENSMMUG00000046806	0
ENSMMUG00000062367	0
ENSMMUG00000055407	0
ENSMMUG00000011415	117
ENSMMUG00000005463	7
ENSMMUG00000034570	0
ENSMMUG00000055307	0
ENSMMUG00000056523	0
ENSMMUG00000052368	0
ENSMMUG00000032030	0
ENSMMUG00000011765	0
ENSMMUG00000062843	0
ENSMMUG00000057331	0
ENSMMUG00000002672	0
ENSMMUG00000011414	7
ENSMMUG00000059066	0
ENSMMUG00000035516	0
ENSMMUG00000064869	5
ENSMMUG00000055145	0
ENSMMUG00000002669	0
ENSMMUG00000058646	0
ENSMMUG00000061449	0
ENSMMUG00000049485	7
ENSMMUG00000056934	0
ENSMMUG00000002396	0
ENSMMUG00000053713	0
ENSMMUG00000026950	0
ENSMMUG00000006080	7
ENSMMUG00000011759	29
ENSMMUG00000000143	0
ENSMMUG00000002665	0
ENSMMUG00000038652	0
ENSMMUG00000060450	0
ENSMMUG00000002634	0
ENSMMUG00000012161	84
ENSMMUG00000000141	12
ENSMMUG00000057332	0
ENSMMUG00000062068	0
ENSMMUG00000054544	0
ENSMMUG00000061253	0
ENSMMUG00000059888	0
ENSMMUG00000011410	1
ENSMMUG00000006076	2
ENSMMUG00000059419	0
ENSMMUG00000050175	2
ENSMMUG00000007614	0
ENSMMUG00000055997	0
ENSMMUG00000064247	11
ENSMMUG00000052476	5
ENSMMUG00000000136	7
ENSMMUG00000003411	0
ENSMMUG00000058376	0
ENSMMUG00000059741	0
ENSMMUG00000034706	0
ENSMMUG00000062136	0
ENSMMUG00000058899	0
ENSMMUG00000059031	0
ENSMMUG00000052388	0
ENSMMUG00000010661	0
ENSMMUG00000002236	0
ENSMMUG00000016712	0
ENSMMUG00000062912	0
ENSMMUG00000051832	0
ENSMMUG00000010662	0
ENSMMUG00000015024	0
ENSMMUG00000054687	0
ENSMMUG00000032864	0
ENSMMUG00000063084	0
ENSMMUG00000053490	0
ENSMMUG00000059207	0
ENSMMUG00000060611	0
ENSMMUG00000039396	0
ENSMMUG00000000871	5
ENSMMUG00000017214	1
ENSMMUG00000006079	25
ENSMMUG00000060761	0
ENSMMUG00000058409	0
ENSMMUG00000001304	0
ENSMMUG00000013997	0
ENSMMUG00000064752	3
ENSMMUG00000059411	0
ENSMMUG00000055381	0
ENSMMUG00000058597	0
ENSMMUG00000017053	12
ENSMMUG00000057849	0
ENSMMUG00000053643	0
ENSMMUG00000011757	34
ENSMMUG00000000135	15
ENSMMUG00000060049	0
ENSMMUG00000037295	0
ENSMMUG00000050773	0
ENSMMUG00000018396	9
ENSMMUG00000059648	0
ENSMMUG00000042680	0
ENSMMUG00000063191	0
ENSMMUG00000036207	0
ENSMMUG00000006073	0
ENSMMUG00000052868	0
ENSMMUG00000008466	0
ENSMMUG00000020608	2
ENSMMUG00000013763	0
ENSMMUG00000050918	0
ENSMMUG00000011582	0
ENSMMUG00000051237	0
ENSMMUG00000036733	0
ENSMMUG00000064482	0
ENSMMUG00000054034	0
ENSMMUG00000055055	0
ENSMMUG00000055149	0
ENSMMUG00000042689	0
ENSMMUG00000022971	0
ENSMMUG00000059255	0
ENSMMUG00000025996	11
ENSMMUG00000036681	1
ENSMMUG00000063140	0
ENSMMUG00000035863	0
ENSMMUG00000018395	0
ENSMMUG00000026024	0
ENSMMUG00000018394	0
ENSMMUG00000057568	0
ENSMMUG00000049448	0
ENSMMUG00000058123	0
ENSMMUG00000058188	0
ENSMMUG00000007223	2
ENSMMUG00000041328	0
ENSMMUG00000044658	5
ENSMMUG00000053068	0
ENSMMUG00000016826	0
ENSMMUG00000050098	0
ENSMMUG00000064034	0
ENSMMUG00000057520	2
ENSMMUG00000058311	0
ENSMMUG00000031740	0
ENSMMUG00000056353	5
ENSMMUG00000008295	0
ENSMMUG00000000802	0
ENSMMUG00000011755	0
ENSMMUG00000005997	0
ENSMMUG00000032026	0
ENSMMUG00000008299	15
ENSMMUG00000054979	0
ENSMMUG00000011369	5
ENSMMUG00000063066	6
ENSMMUG00000060277	0
ENSMMUG00000017609	0
ENSMMUG00000054192	0
ENSMMUG00000017799	1
ENSMMUG00000064784	6
ENSMMUG00000056862	0
ENSMMUG00000060597	6
ENSMMUG00000056693	1
ENSMMUG00000050657	0
ENSMMUG00000013517	0
ENSMMUG00000011704	0
ENSMMUG00000002362	0
ENSMMUG00000053791	0
ENSMMUG00000061665	0
ENSMMUG00000061652	0
ENSMMUG00000003197	13
ENSMMUG00000062925	4
ENSMMUG00000007992	0
ENSMMUG00000063376	0
ENSMMUG00000044550	0
ENSMMUG00000021848	4
ENSMMUG00000058686	0
ENSMMUG00000053129	0
ENSMMUG00000010438	0
ENSMMUG00000003668	3
ENSMMUG00000008298	3
ENSMMUG00000060949	3
ENSMMUG00000056551	0
ENSMMUG00000049668	0
ENSMMUG00000065258	0
ENSMMUG00000023448	0
ENSMMUG00000043899	1
ENSMMUG00000061442	0
ENSMMUG00000062277	0
ENSMMUG00000055769	0
ENSMMUG00000057534	0
ENSMMUG00000019561	0
ENSMMUG00000061290	0
ENSMMUG00000052774	0
ENSMMUG00000047511	17
ENSMMUG00000063134	0
ENSMMUG00000065229	0
ENSMMUG00000064995	0
ENSMMUG00000015093	0
ENSMMUG00000056784	0
ENSMMUG00000035729	0
ENSMMUG00000052522	0
ENSMMUG00000010145	0
ENSMMUG00000051494	0
ENSMMUG00000064875	0
ENSMMUG00000052942	0
ENSMMUG00000016295	0
ENSMMUG00000031916	0
ENSMMUG00000019179	10
ENSMMUG00000052211	15
ENSMMUG00000007990	0
ENSMMUG00000020463	0
ENSMMUG00000008414	0
ENSMMUG00000018523	0
ENSMMUG00000054211	0
ENSMMUG00000057499	0
ENSMMUG00000033550	0
ENSMMUG00000049479	0
ENSMMUG00000043913	0
ENSMMUG00000034753	2
ENSMMUG00000010870	8
ENSMMUG00000039355	0
ENSMMUG00000005217	3
ENSMMUG00000054214	0
ENSMMUG00000028007	0
ENSMMUG00000005215	12
ENSMMUG00000064761	0
ENSMMUG00000006952	0
ENSMMUG00000054648	2
ENSMMUG00000017210	0
ENSMMUG00000012532	23
ENSMMUG00000009832	0
ENSMMUG00000041713	0
ENSMMUG00000020549	0
ENSMMUG00000031977	0
ENSMMUG00000010143	11
ENSMMUG00000062607	0
ENSMMUG00000062122	7
ENSMMUG00000008018	28
ENSMMUG00000015205	0
ENSMMUG00000051739	0
ENSMMUG00000026411	0
ENSMMUG00000020633	0
ENSMMUG00000056856	0
ENSMMUG00000026971	7
ENSMMUG00000026885	0
ENSMMUG00000016675	21
ENSMMUG00000027131	0
ENSMMUG00000008629	30
ENSMMUG00000017207	6
ENSMMUG00000051799	0
ENSMMUG00000038373	10
ENSMMUG00000060357	0
ENSMMUG00000022536	0
ENSMMUG00000054125	89
ENSMMUG00000008015	18
ENSMMUG00000016670	0
ENSMMUG00000064623	4
ENSMMUG00000040914	0
ENSMMUG00000031973	0
ENSMMUG00000061550	0
ENSMMUG00000017203	0
ENSMMUG00000022535	6
ENSMMUG00000001748	6
ENSMMUG00000057073	0
ENSMMUG00000055829	0
ENSMMUG00000011866	24
ENSMMUG00000009333	88
ENSMMUG00000017202	0
ENSMMUG00000015279	3
ENSMMUG00000054382	0
ENSMMUG00000063128	0
ENSMMUG00000064845	582
ENSMMUG00000053734	0
ENSMMUG00000010981	20
ENSMMUG00000035514	5
ENSMMUG00000064277	1
ENSMMUG00000064576	0
ENSMMUG00000001141	0
ENSMMUG00000049318	1
ENSMMUG00000009831	0
ENSMMUG00000015798	0
ENSMMUG00000026931	0
ENSMMUG00000020631	10
ENSMMUG00000020190	2
ENSMMUG00000008561	0
ENSMMUG00000000937	0
ENSMMUG00000002853	0
ENSMMUG00000009327	19
ENSMMUG00000041923	46
ENSMMUG00000008559	7
ENSMMUG00000057916	12
ENSMMUG00000048737	0
ENSMMUG00000049493	278
ENSMMUG00000023797	0
ENSMMUG00000050242	0
ENSMMUG00000023838	0
ENSMMUG00000031944	0
ENSMMUG00000012242	0
ENSMMUG00000047234	5
ENSMMUG00000044363	0
ENSMMUG00000061896	148
ENSMMUG00000059218	0
ENSMMUG00000012745	0
ENSMMUG00000044048	28
ENSMMUG00000023257	1
ENSMMUG00000062789	0
ENSMMUG00000020188	251
ENSMMUG00000058945	0
ENSMMUG00000022895	12
ENSMMUG00000061473	0
ENSMMUG00000013634	6
ENSMMUG00000050424	0
ENSMMUG00000008557	0
ENSMMUG00000016731	2
ENSMMUG00000034229	12
ENSMMUG00000020009	0
ENSMMUG00000006927	3
ENSMMUG00000015654	0
ENSMMUG00000016315	0
ENSMMUG00000051059	19
ENSMMUG00000057024	0
ENSMMUG00000059682	0
ENSMMUG00000055563	0
ENSMMUG00000052606	0
ENSMMUG00000014844	0
ENSMMUG00000024748	10
ENSMMUG00000044083	0
ENSMMUG00000002584	0
ENSMMUG00000014924	0
ENSMMUG00000060533	0
ENSMMUG00000000935	1
ENSMMUG00000012282	245
ENSMMUG00000004980	0
ENSMMUG00000003006	0
ENSMMUG00000042069	0
ENSMMUG00000063081	2
ENSMMUG00000000934	85
ENSMMUG00000012281	28
ENSMMUG00000061012	0
ENSMMUG00000065241	0
ENSMMUG00000052058	0
ENSMMUG00000065115	0
ENSMMUG00000016531	0
ENSMMUG00000019862	0
ENSMMUG00000063055	7
ENSMMUG00000022348	39
ENSMMUG00000014111	0
ENSMMUG00000025031	0
ENSMMUG00000048888	17
ENSMMUG00000012279	376
ENSMMUG00000057105	14
ENSMMUG00000043892	0
ENSMMUG00000022346	82
ENSMMUG00000051553	74
ENSMMUG00000014110	0
ENSMMUG00000051626	27
ENSMMUG00000064363	0
ENSMMUG00000005260	11
ENSMMUG00000012278	8
ENSMMUG00000055058	0
ENSMMUG00000009812	0
ENSMMUG00000063083	0
ENSMMUG00000005259	5
ENSMMUG00000006906	0
ENSMMUG00000049490	14
ENSMMUG00000007181	0
ENSMMUG00000058412	0
ENSMMUG00000051880	0
ENSMMUG00000061871	0
ENSMMUG00000009642	0
ENSMMUG00000047417	0
ENSMMUG00000011183	0
ENSMMUG00000060033	223
ENSMMUG00000022344	715
ENSMMUG00000004628	0
ENSMMUG00000056743	0
ENSMMUG00000035927	0
ENSMMUG00000007065	0
ENSMMUG00000055255	0
ENSMMUG00000058883	0
ENSMMUG00000064057	0
ENSMMUG00000051318	0
ENSMMUG00000041896	0
ENSMMUG00000011185	0
ENSMMUG00000025675	0
ENSMMUG00000002224	62
ENSMMUG00000055236	0
ENSMMUG00000052373	0
ENSMMUG00000064601	18
ENSMMUG00000012275	2
ENSMMUG00000007354	640
ENSMMUG00000060003	0
ENSMMUG00000033102	0
ENSMMUG00000055792	0
ENSMMUG00000026876	0
ENSMMUG00000064892	2
ENSMMUG00000022339	0
ENSMMUG00000062461	0
ENSMMUG00000047960	9
ENSMMUG00000016976	20
ENSMMUG00000044537	3
ENSMMUG00000031965	0
ENSMMUG00000054736	0
ENSMMUG00000012266	0
ENSMMUG00000003671	0
ENSMMUG00000057031	0
ENSMMUG00000022341	51
ENSMMUG00000007187	4
ENSMMUG00000016189	70
ENSMMUG00000005851	1
ENSMMUG00000049804	0
ENSMMUG00000026493	0
ENSMMUG00000005850	0
ENSMMUG00000024747	3
ENSMMUG00000025111	0
ENSMMUG00000024743	2
ENSMMUG00000006348	0
ENSMMUG00000065261	0
ENSMMUG00000054293	1
ENSMMUG00000065260	0
ENSMMUG00000059011	0
ENSMMUG00000052667	1
ENSMMUG00000005848	7
ENSMMUG00000036752	0
ENSMMUG00000057965	0
ENSMMUG00000061099	0
ENSMMUG00000059467	50
ENSMMUG00000058034	0
ENSMMUG00000005844	0
ENSMMUG00000054958	0
ENSMMUG00000013466	0
ENSMMUG00000033778	0
ENSMMUG00000052199	0
ENSMMUG00000014159	0
ENSMMUG00000013057	0
ENSMMUG00000052889	8
ENSMMUG00000055400	0
ENSMMUG00000052909	0
ENSMMUG00000064217	0
ENSMMUG00000008128	0
ENSMMUG00000024720	0
ENSMMUG00000057509	0
ENSMMUG00000060888	0
ENSMMUG00000008670	0
ENSMMUG00000059422	0
ENSMMUG00000052074	4
ENSMMUG00000036489	0
ENSMMUG00000015100	0
ENSMMUG00000037181	0
ENSMMUG00000047381	41
ENSMMUG00000064669	0
ENSMMUG00000011197	16
ENSMMUG00000052842	1
ENSMMUG00000004629	25
ENSMMUG00000051914	13
ENSMMUG00000027146	0
ENSMMUG00000006345	19
ENSMMUG00000050399	0
ENSMMUG00000054901	0
ENSMMUG00000000173	207
ENSMMUG00000040429	0
ENSMMUG00000020774	4
ENSMMUG00000054631	3
ENSMMUG00000028336	0
ENSMMUG00000012428	0
ENSMMUG00000065176	0
ENSMMUG00000015274	9
ENSMMUG00000012426	0
ENSMMUG00000022919	53
ENSMMUG00000020786	0
ENSMMUG00000020782	2
ENSMMUG00000056734	0
ENSMMUG00000014697	0
ENSMMUG00000031830	0
ENSMMUG00000050838	0
ENSMMUG00000020780	0
ENSMMUG00000004630	8
ENSMMUG00000004634	16
ENSMMUG00000058344	0
ENSMMUG00000020777	3
ENSMMUG00000061517	13
ENSMMUG00000000670	27
ENSMMUG00000004638	3
ENSMMUG00000055603	0
ENSMMUG00000054833	0
ENSMMUG00000056929	3
ENSMMUG00000008665	136
ENSMMUG00000008662	145
ENSMMUG00000004642	0
ENSMMUG00000063006	0
ENSMMUG00000019388	0
ENSMMUG00000020773	2
ENSMMUG00000001272	0
ENSMMUG00000051800	968
ENSMMUG00000005902	0
ENSMMUG00000058086	22
ENSMMUG00000050562	0
ENSMMUG00000020771	8
ENSMMUG00000016193	1
ENSMMUG00000001061	5
ENSMMUG00000033226	0
ENSMMUG00000060086	0
ENSMMUG00000001267	8
ENSMMUG00000063412	0
ENSMMUG00000061204	0
ENSMMUG00000062880	0
ENSMMUG00000010325	1
ENSMMUG00000039762	14
ENSMMUG00000062262	0
ENSMMUG00000051675	1
ENSMMUG00000036220	0
ENSMMUG00000017886	1
ENSMMUG00000051569	0
ENSMMUG00000020795	27
ENSMMUG00000052156	1
ENSMMUG00000005989	2
ENSMMUG00000018726	33
ENSMMUG00000005948	0
ENSMMUG00000058252	1
ENSMMUG00000035423	0
ENSMMUG00000002361	7
ENSMMUG00000037425	0
ENSMMUG00000031826	362
ENSMMUG00000000172	106
ENSMMUG00000017892	0
ENSMMUG00000009918	1
ENSMMUG00000052701	0
ENSMMUG00000063434	0
ENSMMUG00000064061	1
ENSMMUG00000057055	0
ENSMMUG00000059471	0
ENSMMUG00000017894	97
ENSMMUG00000012472	1
ENSMMUG00000054207	108
ENSMMUG00000064393	0
ENSMMUG00000056652	9
ENSMMUG00000002079	0
ENSMMUG00000012571	0
ENSMMUG00000053320	1
ENSMMUG00000063545	0
ENSMMUG00000045930	170
ENSMMUG00000005987	3
ENSMMUG00000049844	0
ENSMMUG00000051891	0
ENSMMUG00000024723	5
ENSMMUG00000057495	0
ENSMMUG00000052051	0
ENSMMUG00000055326	0
ENSMMUG00000059899	0
ENSMMUG00000034312	0
ENSMMUG00000060631	0
ENSMMUG00000059686	0
ENSMMUG00000042423	0
ENSMMUG00000059096	0
ENSMMUG00000058149	13
ENSMMUG00000000495	0
ENSMMUG00000000568	0
ENSMMUG00000003718	0
ENSMMUG00000017458	10
ENSMMUG00000027986	0
ENSMMUG00000000496	0
ENSMMUG00000020379	0
ENSMMUG00000059224	0
ENSMMUG00000032020	0
ENSMMUG00000055821	6
ENSMMUG00000059827	0
ENSMMUG00000048969	0
ENSMMUG00000064488	1
ENSMMUG00000010966	0
ENSMMUG00000059132	35
ENSMMUG00000021134	1
ENSMMUG00000000357	0
ENSMMUG00000001250	0
ENSMMUG00000062658	0
ENSMMUG00000013102	0
ENSMMUG00000061575	0
ENSMMUG00000063250	0
ENSMMUG00000061297	0
ENSMMUG00000053882	0
ENSMMUG00000053204	0
ENSMMUG00000063174	0
ENSMMUG00000057183	0
ENSMMUG00000025012	0
ENSMMUG00000007421	0
ENSMMUG00000044236	0
ENSMMUG00000010038	0
ENSMMUG00000007170	0
ENSMMUG00000003780	0
ENSMMUG00000026874	0
ENSMMUG00000012597	50
ENSMMUG00000018612	3
ENSMMUG00000014398	31
ENSMMUG00000007168	0
ENSMMUG00000052218	0
ENSMMUG00000057202	0
ENSMMUG00000060225	0
ENSMMUG00000061218	9
ENSMMUG00000014148	3
ENSMMUG00000056009	0
ENSMMUG00000023182	0
ENSMMUG00000013881	2
ENSMMUG00000053595	0
ENSMMUG00000054138	0
ENSMMUG00000011654	5
ENSMMUG00000056939	5
ENSMMUG00000008230	0
ENSMMUG00000035888	0
ENSMMUG00000057184	0
ENSMMUG00000054424	3
ENSMMUG00000027775	0
ENSMMUG00000036785	0
ENSMMUG00000061595	0
ENSMMUG00000065070	0
ENSMMUG00000057540	0
ENSMMUG00000053200	19
ENSMMUG00000001134	0
ENSMMUG00000058083	0
ENSMMUG00000019639	2
ENSMMUG00000057039	0
ENSMMUG00000056528	0
ENSMMUG00000001137	0
ENSMMUG00000051709	0
ENSMMUG00000056154	0
ENSMMUG00000033248	0
ENSMMUG00000058722	0
ENSMMUG00000017515	0
ENSMMUG00000000389	0
ENSMMUG00000006896	3
ENSMMUG00000064539	0
ENSMMUG00000059950	0
ENSMMUG00000061635	0
ENSMMUG00000060154	0
ENSMMUG00000019570	0
ENSMMUG00000049717	0
ENSMMUG00000039674	0
ENSMMUG00000056026	1
ENSMMUG00000055129	0
ENSMMUG00000063639	0
ENSMMUG00000003782	0
ENSMMUG00000055182	0
ENSMMUG00000038944	0
ENSMMUG00000050277	2
ENSMMUG00000048927	0
ENSMMUG00000061814	0
ENSMMUG00000014147	10
ENSMMUG00000056670	0
ENSMMUG00000063104	0
ENSMMUG00000058731	0
ENSMMUG00000048011	0
ENSMMUG00000060752	0
ENSMMUG00000027133	0
ENSMMUG00000053078	0
ENSMMUG00000064243	0
ENSMMUG00000013711	0
ENSMMUG00000051298	0
ENSMMUG00000053303	0
ENSMMUG00000015985	0
ENSMMUG00000049529	0
ENSMMUG00000058219	0
ENSMMUG00000060428	0
ENSMMUG00000063809	0
ENSMMUG00000014146	2
ENSMMUG00000064816	0
ENSMMUG00000057089	0
ENSMMUG00000026475	0
ENSMMUG00000012886	0
ENSMMUG00000055493	0
ENSMMUG00000054514	0
ENSMMUG00000005401	0
ENSMMUG00000043575	0
ENSMMUG00000010959	0
ENSMMUG00000004865	0
ENSMMUG00000015181	0
ENSMMUG00000064740	0
ENSMMUG00000061060	0
ENSMMUG00000022967	2
ENSMMUG00000058900	0
ENSMMUG00000054049	0
ENSMMUG00000064137	0
ENSMMUG00000052729	0
ENSMMUG00000059900	0
ENSMMUG00000060364	0
ENSMMUG00000051555	0
ENSMMUG00000058565	0
ENSMMUG00000051258	0
ENSMMUG00000031876	0
ENSMMUG00000050566	2
ENSMMUG00000034544	0
ENSMMUG00000056018	0
ENSMMUG00000064274	0
ENSMMUG00000017514	0
ENSMMUG00000058435	0
ENSMMUG00000016605	2
ENSMMUG00000056407	0
ENSMMUG00000021158	6
ENSMMUG00000064984	0
ENSMMUG00000052934	0
ENSMMUG00000051771	0
ENSMMUG00000005988	0
ENSMMUG00000058193	1
ENSMMUG00000000695	0
ENSMMUG00000012882	11
ENSMMUG00000061719	4
ENSMMUG00000019067	1
ENSMMUG00000009916	0
ENSMMUG00000017022	11
ENSMMUG00000011455	0
ENSMMUG00000000464	12
ENSMMUG00000045042	0
ENSMMUG00000011401	0
ENSMMUG00000019070	2
ENSMMUG00000052493	0
ENSMMUG00000013717	0
ENSMMUG00000009915	0
ENSMMUG00000017180	0
ENSMMUG00000011453	0
ENSMMUG00000062855	0
ENSMMUG00000024742	0
ENSMMUG00000058590	27
ENSMMUG00000054870	0
ENSMMUG00000031847	5
ENSMMUG00000055142	3
ENSMMUG00000059107	0
ENSMMUG00000056358	0
ENSMMUG00000027124	0
ENSMMUG00000004590	0
ENSMMUG00000060448	0
ENSMMUG00000031755	7
ENSMMUG00000000690	3
ENSMMUG00000005024	6
ENSMMUG00000049344	0
ENSMMUG00000062194	6
ENSMMUG00000064263	0
ENSMMUG00000031598	20
ENSMMUG00000057717	0
ENSMMUG00000062901	0
ENSMMUG00000014477	2
ENSMMUG00000027716	0
ENSMMUG00000041862	0
ENSMMUG00000002470	27
ENSMMUG00000051547	0
ENSMMUG00000058445	30
ENSMMUG00000003314	2
ENSMMUG00000006135	89
ENSMMUG00000059344	5
ENSMMUG00000009493	12
ENSMMUG00000004588	0
ENSMMUG00000059974	6
ENSMMUG00000026258	0
ENSMMUG00000049495	0
ENSMMUG00000056475	0
ENSMMUG00000050581	0
ENSMMUG00000055545	0
ENSMMUG00000053648	0
ENSMMUG00000053374	0
ENSMMUG00000002176	0
ENSMMUG00000003132	3
ENSMMUG00000057803	0
ENSMMUG00000006833	0
ENSMMUG00000004639	0
ENSMMUG00000040351	0
ENSMMUG00000057206	3
ENSMMUG00000036533	0
ENSMMUG00000051435	0
ENSMMUG00000063942	0
ENSMMUG00000001545	24
ENSMMUG00000010399	0
ENSMMUG00000064066	10
ENSMMUG00000052935	0
ENSMMUG00000019357	0
ENSMMUG00000057503	0
ENSMMUG00000044327	0
ENSMMUG00000061780	1
ENSMMUG00000018468	5
ENSMMUG00000021097	0
ENSMMUG00000010400	0
ENSMMUG00000035316	0
ENSMMUG00000061660	1
ENSMMUG00000057205	7
ENSMMUG00000063374	0
ENSMMUG00000006132	0
ENSMMUG00000043096	0
ENSMMUG00000015844	0
ENSMMUG00000041459	5
ENSMMUG00000008281	2
ENSMMUG00000003106	1
ENSMMUG00000006923	0
ENSMMUG00000047916	0
ENSMMUG00000010401	0
ENSMMUG00000008343	6
ENSMMUG00000043216	0
ENSMMUG00000046294	0
ENSMMUG00000062056	5
ENSMMUG00000035176	0
ENSMMUG00000013712	87
ENSMMUG00000051015	0
ENSMMUG00000018226	8
ENSMMUG00000050923	0
ENSMMUG00000002175	0
ENSMMUG00000021344	0
ENSMMUG00000003105	0
ENSMMUG00000022023	0
ENSMMUG00000057770	104
ENSMMUG00000054523	0
ENSMMUG00000064006	68
ENSMMUG00000010214	0
ENSMMUG00000010213	14
ENSMMUG00000050790	0
ENSMMUG00000008058	0
ENSMMUG00000032017	11
ENSMMUG00000064013	0
ENSMMUG00000013024	0
ENSMMUG00000018306	3
ENSMMUG00000023801	0
ENSMMUG00000013020	7
ENSMMUG00000056127	0
ENSMMUG00000022613	0
ENSMMUG00000034405	0
ENSMMUG00000018870	0
ENSMMUG00000043379	0
ENSMMUG00000018258	1
ENSMMUG00000003098	0
ENSMMUG00000008346	3
ENSMMUG00000056663	25
ENSMMUG00000062926	0
ENSMMUG00000058353	1
ENSMMUG00000054329	0
ENSMMUG00000052754	0
ENSMMUG00000001727	0
ENSMMUG00000057352	7
ENSMMUG00000026826	0
ENSMMUG00000005469	3
ENSMMUG00000034776	0
ENSMMUG00000021833	0
ENSMMUG00000018871	26
ENSMMUG00000028164	0
ENSMMUG00000050477	0
ENSMMUG00000060565	0
ENSMMUG00000060065	0
ENSMMUG00000052969	5
ENSMMUG00000021526	0
ENSMMUG00000043396	0
ENSMMUG00000063048	0
ENSMMUG00000005595	88
ENSMMUG00000050568	0
ENSMMUG00000004685	0
ENSMMUG00000054105	0
ENSMMUG00000009020	25
ENSMMUG00000003089	0
ENSMMUG00000060499	0
ENSMMUG00000061292	0
ENSMMUG00000051754	6
ENSMMUG00000012668	119
ENSMMUG00000014375	3
ENSMMUG00000024620	0
ENSMMUG00000006479	11
ENSMMUG00000023307	64
ENSMMUG00000019355	8
ENSMMUG00000019354	0
ENSMMUG00000063608	30
ENSMMUG00000003086	1
ENSMMUG00000050498	0
ENSMMUG00000017991	6
ENSMMUG00000060373	0
ENSMMUG00000051938	0
ENSMMUG00000038217	0
ENSMMUG00000028169	0
ENSMMUG00000016342	0
ENSMMUG00000053383	0
ENSMMUG00000009187	0
ENSMMUG00000064163	0
ENSMMUG00000062401	0
ENSMMUG00000028305	0
ENSMMUG00000057351	0
ENSMMUG00000031865	0
ENSMMUG00000058844	0
ENSMMUG00000003084	0
ENSMMUG00000014374	0
ENSMMUG00000003083	0
ENSMMUG00000003081	11
ENSMMUG00000006197	0
ENSMMUG00000063728	0
ENSMMUG00000059719	0
ENSMMUG00000031631	22
ENSMMUG00000039628	0
ENSMMUG00000023304	0
ENSMMUG00000057759	0
ENSMMUG00000019613	3
ENSMMUG00000031861	3
ENSMMUG00000052825	1
ENSMMUG00000054483	0
ENSMMUG00000015917	8
ENSMMUG00000060380	0
ENSMMUG00000016337	3
ENSMMUG00000012235	4
ENSMMUG00000001043	12
ENSMMUG00000051368	0
ENSMMUG00000020124	0
ENSMMUG00000012749	5
ENSMMUG00000016336	0
ENSMMUG00000018686	0
ENSMMUG00000001409	0
ENSMMUG00000016334	2
ENSMMUG00000004885	1
ENSMMUG00000020149	1
ENSMMUG00000060702	0
ENSMMUG00000019068	12
ENSMMUG00000004882	0
ENSMMUG00000060737	0
ENSMMUG00000057739	0
ENSMMUG00000002248	9
ENSMMUG00000045749	0
ENSMMUG00000062190	0
ENSMMUG00000041988	0
ENSMMUG00000020148	1
ENSMMUG00000000276	0
ENSMMUG00000061078	41
ENSMMUG00000056898	9
ENSMMUG00000024369	0
ENSMMUG00000027013	0
ENSMMUG00000041498	4
ENSMMUG00000027113	0
ENSMMUG00000038634	0
ENSMMUG00000018875	0
ENSMMUG00000006895	0
ENSMMUG00000050752	7
ENSMMUG00000054453	1
ENSMMUG00000051984	1139
ENSMMUG00000051097	0
ENSMMUG00000008325	1
ENSMMUG00000058925	23
ENSMMUG00000018506	0
ENSMMUG00000061428	1
ENSMMUG00000016827	1
ENSMMUG00000020146	4
ENSMMUG00000064293	0
ENSMMUG00000021769	0
ENSMMUG00000009976	94
ENSMMUG00000059708	0
ENSMMUG00000008685	3
ENSMMUG00000010623	63
ENSMMUG00000038377	0
ENSMMUG00000063106	0
ENSMMUG00000019754	3
ENSMMUG00000064987	1
ENSMMUG00000036771	5
ENSMMUG00000009975	132
ENSMMUG00000063094	2
ENSMMUG00000053862	0
ENSMMUG00000063718	3
ENSMMUG00000035190	4
ENSMMUG00000032040	0
ENSMMUG00000058009	0
ENSMMUG00000006156	2
ENSMMUG00000051114	0
ENSMMUG00000023117	1
ENSMMUG00000002088	46
ENSMMUG00000052698	0
ENSMMUG00000062665	0
ENSMMUG00000002213	1
ENSMMUG00000054306	0
ENSMMUG00000020651	0
ENSMMUG00000021497	0
ENSMMUG00000063108	3
ENSMMUG00000038816	0
ENSMMUG00000016432	6
ENSMMUG00000027065	0
ENSMMUG00000054627	0
ENSMMUG00000001648	0
ENSMMUG00000063254	9
ENSMMUG00000001646	2
ENSMMUG00000007740	83
ENSMMUG00000059909	0
ENSMMUG00000057546	0
ENSMMUG00000056937	160
ENSMMUG00000002357	3
ENSMMUG00000059406	5
ENSMMUG00000015885	3
ENSMMUG00000051647	39
ENSMMUG00000045559	48
ENSMMUG00000023255	4
ENSMMUG00000063998	0
ENSMMUG00000016331	180
ENSMMUG00000016429	0
ENSMMUG00000007724	0
ENSMMUG00000009973	13
ENSMMUG00000016426	14
ENSMMUG00000016423	61
ENSMMUG00000060783	0
ENSMMUG00000016328	111
ENSMMUG00000050554	0
ENSMMUG00000045740	0
ENSMMUG00000016424	0
ENSMMUG00000063574	15
ENSMMUG00000021496	15
ENSMMUG00000060647	0
ENSMMUG00000061563	0
ENSMMUG00000060052	0
ENSMMUG00000050667	0
ENSMMUG00000053668	0
ENSMMUG00000054143	0
ENSMMUG00000060034	40
ENSMMUG00000016421	6
ENSMMUG00000019611	55
ENSMMUG00000051154	0
ENSMMUG00000007965	0
ENSMMUG00000031856	124
ENSMMUG00000002686	40
ENSMMUG00000019610	5
ENSMMUG00000051808	0
ENSMMUG00000019609	51
ENSMMUG00000061650	0
ENSMMUG00000057749	0
ENSMMUG00000056068	0
ENSMMUG00000064745	45
ENSMMUG00000054819	0
ENSMMUG00000058869	0
ENSMMUG00000058049	0
ENSMMUG00000057446	0
ENSMMUG00000008801	4
ENSMMUG00000039736	12
ENSMMUG00000054359	0
ENSMMUG00000053277	0
ENSMMUG00000019607	2
ENSMMUG00000047263	0
ENSMMUG00000058237	0
ENSMMUG00000049581	0
ENSMMUG00000049527	0
ENSMMUG00000009112	5
ENSMMUG00000018880	0
ENSMMUG00000056035	0
ENSMMUG00000055942	0
ENSMMUG00000024554	118
ENSMMUG00000018881	0
ENSMMUG00000013105	0
ENSMMUG00000053032	0
ENSMMUG00000021494	0
ENSMMUG00000048683	0
ENSMMUG00000059485	0
ENSMMUG00000019196	0
ENSMMUG00000001898	0
ENSMMUG00000021493	0
ENSMMUG00000052659	0
ENSMMUG00000019199	0
ENSMMUG00000057727	0
ENSMMUG00000052161	3
ENSMMUG00000032106	0
ENSMMUG00000019761	0
ENSMMUG00000017915	0
ENSMMUG00000019605	9
ENSMMUG00000059431	0
ENSMMUG00000063087	0
ENSMMUG00000063917	0
ENSMMUG00000055875	3
ENSMMUG00000050563	0
ENSMMUG00000056721	0
ENSMMUG00000017917	0
ENSMMUG00000012503	0
ENSMMUG00000065273	0
ENSMMUG00000013107	0
ENSMMUG00000060840	0
ENSMMUG00000054692	0
ENSMMUG00000040026	0
ENSMMUG00000056886	0
ENSMMUG00000061663	2
ENSMMUG00000013099	0
ENSMMUG00000001900	32
ENSMMUG00000013003	0
ENSMMUG00000052338	0
ENSMMUG00000013303	0
ENSMMUG00000060915	0
ENSMMUG00000058481	5
ENSMMUG00000056423	0
ENSMMUG00000052771	0
ENSMMUG00000020548	0
ENSMMUG00000059460	0
ENSMMUG00000064523	0
ENSMMUG00000035436	0
ENSMMUG00000017506	0
ENSMMUG00000025278	0
ENSMMUG00000008951	0
ENSMMUG00000045898	0
ENSMMUG00000056025	0
ENSMMUG00000012667	2
ENSMMUG00000059474	0
ENSMMUG00000049623	0
ENSMMUG00000003356	2
ENSMMUG00000016321	6
ENSMMUG00000059959	0
ENSMMUG00000051259	0
ENSMMUG00000061106	0
ENSMMUG00000049748	0
ENSMMUG00000014403	0
ENSMMUG00000011868	0
ENSMMUG00000056840	0
ENSMMUG00000062475	0
ENSMMUG00000012147	0
ENSMMUG00000061519	0
ENSMMUG00000061841	0
ENSMMUG00000037634	0
ENSMMUG00000051806	0
ENSMMUG00000023365	4
ENSMMUG00000050822	3
ENSMMUG00000048375	0
ENSMMUG00000016323	29
ENSMMUG00000006148	0
ENSMMUG00000016327	0
ENSMMUG00000041842	0
ENSMMUG00000062141	0
ENSMMUG00000038988	0
ENSMMUG00000063329	8
ENSMMUG00000063459	0
ENSMMUG00000037955	0
ENSMMUG00000016318	52
ENSMMUG00000063753	0
ENSMMUG00000016316	104
ENSMMUG00000049863	22
ENSMMUG00000016314	2
ENSMMUG00000016313	91
ENSMMUG00000052671	0
ENSMMUG00000016308	0
ENSMMUG00000041301	3
ENSMMUG00000012892	0
ENSMMUG00000059279	4
ENSMMUG00000064427	3
ENSMMUG00000053787	2
ENSMMUG00000053381	28
ENSMMUG00000041316	1
ENSMMUG00000059098	0
ENSMMUG00000050309	0
ENSMMUG00000049051	2
ENSMMUG00000011862	1
ENSMMUG00000059889	0
ENSMMUG00000050607	0
ENSMMUG00000050655	4
ENSMMUG00000021724	9
ENSMMUG00000059191	0
ENSMMUG00000019604	1
ENSMMUG00000019602	1
ENSMMUG00000063975	3
ENSMMUG00000032154	0
ENSMMUG00000014322	0
ENSMMUG00000004943	0
ENSMMUG00000004942	0
ENSMMUG00000032151	1
ENSMMUG00000060507	6
ENSMMUG00000060673	0
ENSMMUG00000032150	0
ENSMMUG00000050131	0
ENSMMUG00000023185	0
ENSMMUG00000018107	0
ENSMMUG00000064667	0
ENSMMUG00000063727	0
ENSMMUG00000052722	0
ENSMMUG00000046202	0
ENSMMUG00000047768	0
ENSMMUG00000001677	0
ENSMMUG00000021278	5
ENSMMUG00000047902	2
ENSMMUG00000036751	0
ENSMMUG00000042881	0
ENSMMUG00000001669	0
ENSMMUG00000002267	0
ENSMMUG00000001667	0
ENSMMUG00000063598	0
ENSMMUG00000001661	0
ENSMMUG00000061789	0
ENSMMUG00000036223	0
ENSMMUG00000012713	7
ENSMMUG00000064112	1
ENSMMUG00000012499	0
ENSMMUG00000022750	170
ENSMMUG00000065171	0
ENSMMUG00000008036	38
ENSMMUG00000049402	0
ENSMMUG00000052295	0
ENSMMUG00000057182	0
ENSMMUG00000047506	0
ENSMMUG00000012498	0
ENSMMUG00000056519	0
ENSMMUG00000059085	0
ENSMMUG00000005056	15
ENSMMUG00000017860	76
ENSMMUG00000040671	0
ENSMMUG00000008249	2
ENSMMUG00000021434	6
ENSMMUG00000057660	0
ENSMMUG00000021431	11
ENSMMUG00000021432	1
ENSMMUG00000052688	0
ENSMMUG00000021428	0
ENSMMUG00000032142	0
ENSMMUG00000063163	0
ENSMMUG00000053919	0
ENSMMUG00000011528	3
ENSMMUG00000001522	0
ENSMMUG00000011527	13
ENSMMUG00000062601	0
ENSMMUG00000005051	0
ENSMMUG00000047733	0
ENSMMUG00000005048	78
ENSMMUG00000005047	7
ENSMMUG00000005046	0
ENSMMUG00000039440	0
ENSMMUG00000061477	0
ENSMMUG00000055721	0
ENSMMUG00000049177	0
ENSMMUG00000005042	3
ENSMMUG00000005040	18
ENSMMUG00000048231	0
ENSMMUG00000004200	8
ENSMMUG00000057327	0
ENSMMUG00000004815	0
ENSMMUG00000001834	0
ENSMMUG00000018754	0
ENSMMUG00000018753	0
ENSMMUG00000032915	0
ENSMMUG00000023939	0
ENSMMUG00000049689	38
ENSMMUG00000062313	2
ENSMMUG00000024655	0
ENSMMUG00000020990	0
ENSMMUG00000003799	19
ENSMMUG00000026981	4
ENSMMUG00000054872	6
ENSMMUG00000032649	0
ENSMMUG00000003797	42
ENSMMUG00000058799	106
ENSMMUG00000003793	78
ENSMMUG00000059501	0
ENSMMUG00000050493	0
ENSMMUG00000056226	0
ENSMMUG00000011816	45
ENSMMUG00000006057	20
ENSMMUG00000009965	0
ENSMMUG00000049483	0
ENSMMUG00000056082	0
ENSMMUG00000061509	0
ENSMMUG00000063503	0
ENSMMUG00000055560	0
ENSMMUG00000052183	0
ENSMMUG00000050896	0
ENSMMUG00000062512	0
ENSMMUG00000037908	0
ENSMMUG00000062012	0
ENSMMUG00000050947	0
ENSMMUG00000061283	0
ENSMMUG00000052644	0
ENSMMUG00000056141	0
ENSMMUG00000011572	8
ENSMMUG00000005685	5
ENSMMUG00000011578	0
ENSMMUG00000055963	24
ENSMMUG00000007003	0
ENSMMUG00000021721	5
ENSMMUG00000020441	4
ENSMMUG00000010834	3
ENSMMUG00000053570	0
ENSMMUG00000001582	0
ENSMMUG00000010505	0
ENSMMUG00000026512	2
ENSMMUG00000008434	0
ENSMMUG00000056655	6
ENSMMUG00000064651	0
ENSMMUG00000054298	0
ENSMMUG00000049386	0
ENSMMUG00000017019	101
ENSMMUG00000056221	3
ENSMMUG00000053264	1
ENSMMUG00000020440	4
ENSMMUG00000050380	0
ENSMMUG00000001579	0
ENSMMUG00000024391	0
ENSMMUG00000047763	0
ENSMMUG00000064336	0
ENSMMUG00000057135	0
ENSMMUG00000010510	0
ENSMMUG00000030655	0
ENSMMUG00000010279	2
ENSMMUG00000025990	0
ENSMMUG00000059360	0
ENSMMUG00000053871	0
ENSMMUG00000000498	2
ENSMMUG00000001575	0
ENSMMUG00000025830	0
ENSMMUG00000056639	0
ENSMMUG00000062328	0
ENSMMUG00000002057	0
ENSMMUG00000010507	0
ENSMMUG00000059355	0
ENSMMUG00000033295	0
ENSMMUG00000048338	0
ENSMMUG00000030941	0
ENSMMUG00000048268	0
ENSMMUG00000053949	0
ENSMMUG00000043251	0
ENSMMUG00000060617	0
ENSMMUG00000002054	0
ENSMMUG00000041542	0
ENSMMUG00000027970	0
ENSMMUG00000051790	2
ENSMMUG00000059845	1
ENSMMUG00000010506	0
ENSMMUG00000050306	0
ENSMMUG00000055892	0
ENSMMUG00000047067	1
ENSMMUG00000053347	0
ENSMMUG00000051243	0
ENSMMUG00000001535	0
ENSMMUG00000050073	0
ENSMMUG00000058213	0
ENSMMUG00000062106	0
ENSMMUG00000010272	0
ENSMMUG00000059865	0
ENSMMUG00000014862	10
ENSMMUG00000042977	0
ENSMMUG00000044302	0
ENSMMUG00000061876	0
ENSMMUG00000007001	31
ENSMMUG00000052121	0
ENSMMUG00000006503	7
ENSMMUG00000053813	3
ENSMMUG00000054547	0
ENSMMUG00000059850	4
ENSMMUG00000010269	2
ENSMMUG00000001530	0
ENSMMUG00000057263	0
ENSMMUG00000057988	0
ENSMMUG00000008055	0
ENSMMUG00000051783	0
ENSMMUG00000057871	0
ENSMMUG00000055814	0
ENSMMUG00000050630	0
ENSMMUG00000051042	0
ENSMMUG00000041136	0
ENSMMUG00000050256	0
ENSMMUG00000050673	0
ENSMMUG00000055631	2
ENSMMUG00000062269	0
ENSMMUG00000061443	0
ENSMMUG00000058505	0
ENSMMUG00000058212	0
ENSMMUG00000050377	0
ENSMMUG00000058323	0
ENSMMUG00000057405	0
ENSMMUG00000060299	0
ENSMMUG00000059200	0
ENSMMUG00000059268	0
ENSMMUG00000064369	0
ENSMMUG00000048628	0
ENSMMUG00000065023	0
ENSMMUG00000042406	0
ENSMMUG00000006504	399
ENSMMUG00000051530	0
ENSMMUG00000028251	0
ENSMMUG00000003532	0
ENSMMUG00000044883	0
ENSMMUG00000051753	0
ENSMMUG00000046636	0
ENSMMUG00000064711	0
ENSMMUG00000049015	0
ENSMMUG00000006965	2
ENSMMUG00000044063	0
ENSMMUG00000001570	0
ENSMMUG00000044880	1
ENSMMUG00000064802	0
ENSMMUG00000024435	3
ENSMMUG00000062403	41
ENSMMUG00000054663	0
ENSMMUG00000061857	2
ENSMMUG00000061531	0
ENSMMUG00000061894	0
ENSMMUG00000008319	0
ENSMMUG00000056023	0
ENSMMUG00000061358	0
ENSMMUG00000054391	7
ENSMMUG00000059070	75
ENSMMUG00000055582	0
ENSMMUG00000059267	2
ENSMMUG00000062952	0
ENSMMUG00000012921	42
ENSMMUG00000003524	4
ENSMMUG00000009256	8
ENSMMUG00000037622	0
ENSMMUG00000006312	1
ENSMMUG00000034867	0
ENSMMUG00000042521	0
ENSMMUG00000051831	0
ENSMMUG00000003523	0
ENSMMUG00000052520	0
ENSMMUG00000011303	0
ENSMMUG00000060247	1
ENSMMUG00000051195	0
ENSMMUG00000014083	3
ENSMMUG00000042492	0
ENSMMUG00000061799	0
ENSMMUG00000051476	0
ENSMMUG00000063135	0
ENSMMUG00000056569	0
ENSMMUG00000065326	1
ENSMMUG00000053864	0
ENSMMUG00000059095	0
ENSMMUG00000024807	0
ENSMMUG00000054005	0
ENSMMUG00000049993	0
ENSMMUG00000055402	0
ENSMMUG00000009254	5
ENSMMUG00000050769	0
ENSMMUG00000054470	0
ENSMMUG00000060147	0
ENSMMUG00000057774	0
ENSMMUG00000008772	365
ENSMMUG00000064201	0
ENSMMUG00000026434	0
ENSMMUG00000010257	0
ENSMMUG00000049692	0
ENSMMUG00000018045	24
ENSMMUG00000060593	0
ENSMMUG00000016538	0
ENSMMUG00000049442	0
ENSMMUG00000060918	0
ENSMMUG00000064577	0
ENSMMUG00000015778	95
ENSMMUG00000018038	2
ENSMMUG00000055384	0
ENSMMUG00000057611	0
ENSMMUG00000002026	117
ENSMMUG00000018036	4
ENSMMUG00000036580	0
ENSMMUG00000060226	3
ENSMMUG00000064599	0
ENSMMUG00000013124	5
ENSMMUG00000053980	0
ENSMMUG00000064848	0
ENSMMUG00000017198	0
ENSMMUG00000064216	0
ENSMMUG00000018033	99
ENSMMUG00000008141	0
ENSMMUG00000049876	0
ENSMMUG00000012058	31
ENSMMUG00000014248	0
ENSMMUG00000027748	0
ENSMMUG00000050839	0
ENSMMUG00000059933	0
ENSMMUG00000054893	0
ENSMMUG00000020930	0
ENSMMUG00000036007	0
ENSMMUG00000056872	0
ENSMMUG00000049791	0
ENSMMUG00000057194	0
ENSMMUG00000064756	5
ENSMMUG00000008056	0
ENSMMUG00000060012	0
ENSMMUG00000002393	0
ENSMMUG00000002025	48
ENSMMUG00000002390	1
ENSMMUG00000042446	0
ENSMMUG00000052730	0
ENSMMUG00000020932	0
ENSMMUG00000052379	0
ENSMMUG00000021037	0
ENSMMUG00000002388	50
ENSMMUG00000012056	1
ENSMMUG00000015824	4
ENSMMUG00000016050	16
ENSMMUG00000055200	0
ENSMMUG00000002024	0
ENSMMUG00000008770	31
ENSMMUG00000001390	4
ENSMMUG00000053511	0
ENSMMUG00000016046	11
ENSMMUG00000021036	0
ENSMMUG00000032689	0
ENSMMUG00000064261	0
ENSMMUG00000025304	0
ENSMMUG00000059774	0
ENSMMUG00000001693	2
ENSMMUG00000015888	0
ENSMMUG00000060943	0
ENSMMUG00000049769	0
ENSMMUG00000056218	0
ENSMMUG00000056785	0
ENSMMUG00000056765	0
ENSMMUG00000028554	0
ENSMMUG00000027092	0
ENSMMUG00000064788	0
ENSMMUG00000032847	0
ENSMMUG00000053600	0
ENSMMUG00000045826	4
ENSMMUG00000006163	10
ENSMMUG00000016872	0
ENSMMUG00000024485	0
ENSMMUG00000016044	183
ENSMMUG00000015820	49
ENSMMUG00000001697	31
ENSMMUG00000033951	0
ENSMMUG00000015815	2
ENSMMUG00000053609	0
ENSMMUG00000040529	3
ENSMMUG00000003237	5
ENSMMUG00000060312	0
ENSMMUG00000060643	0
ENSMMUG00000065058	0
ENSMMUG00000058011	0
ENSMMUG00000064148	0
ENSMMUG00000062147	0
ENSMMUG00000063262	0
ENSMMUG00000050709	0
ENSMMUG00000044292	0
ENSMMUG00000054279	0
ENSMMUG00000052839	0
ENSMMUG00000053603	0
ENSMMUG00000001802	0
ENSMMUG00000054999	0
ENSMMUG00000019733	2
ENSMMUG00000058257	0
ENSMMUG00000056848	0
ENSMMUG00000052047	0
ENSMMUG00000050861	0
ENSMMUG00000061762	0
ENSMMUG00000064291	3
ENSMMUG00000020385	4
ENSMMUG00000064691	0
ENSMMUG00000006311	5
ENSMMUG00000051884	0
ENSMMUG00000033561	0
ENSMMUG00000063158	0
ENSMMUG00000061484	0
ENSMMUG00000058650	0
ENSMMUG00000026780	0
ENSMMUG00000052433	0
ENSMMUG00000019732	4
ENSMMUG00000064541	0
ENSMMUG00000059982	0
ENSMMUG00000057367	0
ENSMMUG00000019731	0
ENSMMUG00000002589	0
ENSMMUG00000019559	0
ENSMMUG00000006310	63
ENSMMUG00000003696	0
ENSMMUG00000003979	72
ENSMMUG00000061985	0
ENSMMUG00000036696	0
ENSMMUG00000058991	0
ENSMMUG00000045908	1
ENSMMUG00000057033	0
ENSMMUG00000059934	0
ENSMMUG00000005864	0
ENSMMUG00000059995	0
ENSMMUG00000022261	2
ENSMMUG00000015969	10
ENSMMUG00000015934	0
ENSMMUG00000055529	2
ENSMMUG00000037628	0
ENSMMUG00000052363	0
ENSMMUG00000040310	0
ENSMMUG00000009408	0
ENSMMUG00000064240	0
ENSMMUG00000053655	0
ENSMMUG00000051630	3
ENSMMUG00000050777	0
ENSMMUG00000025217	0
ENSMMUG00000030822	2
ENSMMUG00000053515	0
ENSMMUG00000047424	0
ENSMMUG00000044655	0
ENSMMUG00000015968	0
ENSMMUG00000051405	0
ENSMMUG00000056208	0
ENSMMUG00000024581	0
ENSMMUG00000056267	0
ENSMMUG00000057300	0
ENSMMUG00000010863	31
ENSMMUG00000014297	0
ENSMMUG00000063583	0
ENSMMUG00000049950	0
ENSMMUG00000037557	0
ENSMMUG00000022844	0
ENSMMUG00000032802	18
ENSMMUG00000059734	0
ENSMMUG00000055404	0
ENSMMUG00000058315	0
ENSMMUG00000007000	54
ENSMMUG00000059607	0
ENSMMUG00000014296	0
ENSMMUG00000017818	23
ENSMMUG00000016668	12
ENSMMUG00000055881	0
ENSMMUG00000037420	0
ENSMMUG00000064714	0
ENSMMUG00000055466	0
ENSMMUG00000065170	0
ENSMMUG00000058497	0
ENSMMUG00000051072	0
ENSMMUG00000038367	0
ENSMMUG00000017820	2
ENSMMUG00000065272	0
ENSMMUG00000014292	4
ENSMMUG00000035808	0
ENSMMUG00000033261	0
ENSMMUG00000061676	0
ENSMMUG00000034145	0
ENSMMUG00000064821	0
ENSMMUG00000062747	0
ENSMMUG00000060446	0
ENSMMUG00000052411	0
ENSMMUG00000019841	0
ENSMMUG00000042860	0
ENSMMUG00000024719	0
ENSMMUG00000036243	0
ENSMMUG00000052757	0
ENSMMUG00000003003	6
ENSMMUG00000014287	0
ENSMMUG00000009156	0
ENSMMUG00000062189	26
ENSMMUG00000051721	508
ENSMMUG00000054788	0
ENSMMUG00000050980	14
ENSMMUG00000037372	0
ENSMMUG00000062914	15
ENSMMUG00000009407	3
ENSMMUG00000062509	34
ENSMMUG00000063098	4
ENSMMUG00000009406	0
ENSMMUG00000058122	0
ENSMMUG00000004383	22
ENSMMUG00000030785	1
ENSMMUG00000009405	1
ENSMMUG00000056704	0
ENSMMUG00000004446	4
ENSMMUG00000060535	0
ENSMMUG00000053449	6
ENSMMUG00000023273	0
ENSMMUG00000004381	36
ENSMMUG00000001283	84
ENSMMUG00000027420	4
ENSMMUG00000064305	0
ENSMMUG00000008081	2
ENSMMUG00000004450	9
ENSMMUG00000021019	3
ENSMMUG00000001282	0
ENSMMUG00000004632	0
ENSMMUG00000004380	458
ENSMMUG00000061037	0
ENSMMUG00000008080	2
ENSMMUG00000052726	5
ENSMMUG00000012340	0
ENSMMUG00000034176	0
ENSMMUG00000012337	3
ENSMMUG00000062474	0
ENSMMUG00000027972	0
ENSMMUG00000008077	0
ENSMMUG00000064872	0
ENSMMUG00000044757	0
ENSMMUG00000037350	0
ENSMMUG00000009966	2
ENSMMUG00000006487	24
ENSMMUG00000011870	4
ENSMMUG00000039613	0
ENSMMUG00000014475	2
ENSMMUG00000060240	0
ENSMMUG00000009874	12
ENSMMUG00000057986	4
ENSMMUG00000020952	0
ENSMMUG00000002675	10
ENSMMUG00000046608	0
ENSMMUG00000062490	3
ENSMMUG00000019471	12
ENSMMUG00000064999	0
ENSMMUG00000041460	0
ENSMMUG00000014181	0
ENSMMUG00000008074	0
ENSMMUG00000019468	5
ENSMMUG00000030824	1
ENSMMUG00000002673	15
ENSMMUG00000013973	3
ENSMMUG00000004378	0
ENSMMUG00000059135	7
ENSMMUG00000052700	20
ENSMMUG00000039805	4
ENSMMUG00000021537	3
ENSMMUG00000021024	0
ENSMMUG00000036274	0
ENSMMUG00000055162	0
ENSMMUG00000051207	0
ENSMMUG00000052100	10
ENSMMUG00000022879	0
ENSMMUG00000028093	0
ENSMMUG00000019416	521
ENSMMUG00000053941	0
ENSMMUG00000064592	0
ENSMMUG00000030805	0
ENSMMUG00000019574	4
ENSMMUG00000054065	2
ENSMMUG00000019293	0
ENSMMUG00000052118	0
ENSMMUG00000054890	0
ENSMMUG00000055073	0
ENSMMUG00000016030	65
ENSMMUG00000048536	0
ENSMMUG00000060346	0
ENSMMUG00000013972	0
ENSMMUG00000053536	0
ENSMMUG00000056888	0
ENSMMUG00000058702	0
ENSMMUG00000017175	0
ENSMMUG00000025525	45
ENSMMUG00000062814	0
ENSMMUG00000002819	1
ENSMMUG00000019417	1
ENSMMUG00000001377	4
ENSMMUG00000062892	0
ENSMMUG00000057232	0
ENSMMUG00000020134	0
ENSMMUG00000063300	0
ENSMMUG00000053521	0
ENSMMUG00000056178	10
ENSMMUG00000050668	0
ENSMMUG00000059399	0
ENSMMUG00000063238	0
ENSMMUG00000050038	0
ENSMMUG00000059243	0
ENSMMUG00000056426	0
ENSMMUG00000053945	0
ENSMMUG00000056949	0
ENSMMUG00000060595	0
ENSMMUG00000055689	0
ENSMMUG00000050489	0
ENSMMUG00000054735	0
ENSMMUG00000063029	0
ENSMMUG00000017177	0
ENSMMUG00000061048	0
ENSMMUG00000042982	0
ENSMMUG00000064192	0
ENSMMUG00000059978	0
ENSMMUG00000051814	0
ENSMMUG00000059744	0
ENSMMUG00000017196	0
ENSMMUG00000059494	0
ENSMMUG00000006941	1
ENSMMUG00000051909	0
ENSMMUG00000058482	0
ENSMMUG00000036183	2
ENSMMUG00000064073	0
ENSMMUG00000001147	718
ENSMMUG00000019075	1
ENSMMUG00000024027	16
ENSMMUG00000018512	12
ENSMMUG00000041359	0
ENSMMUG00000036855	7
ENSMMUG00000058351	0
ENSMMUG00000062437	0
ENSMMUG00000030833	316
ENSMMUG00000065216	0
ENSMMUG00000051481	13
ENSMMUG00000032750	5
ENSMMUG00000016587	20
ENSMMUG00000010368	0
ENSMMUG00000057257	20
ENSMMUG00000008076	0
ENSMMUG00000052447	9
ENSMMUG00000025150	0
ENSMMUG00000048513	0
ENSMMUG00000061319	0
ENSMMUG00000015563	13
ENSMMUG00000007692	0
ENSMMUG00000047722	0
ENSMMUG00000062718	0
ENSMMUG00000000642	2
ENSMMUG00000023758	6
ENSMMUG00000030838	0
ENSMMUG00000011346	0
ENSMMUG00000017356	0
ENSMMUG00000059410	0
ENSMMUG00000057547	0
ENSMMUG00000030702	0
ENSMMUG00000012448	3
ENSMMUG00000052226	0
ENSMMUG00000048322	7
ENSMMUG00000056300	0
ENSMMUG00000063035	0
ENSMMUG00000063533	0
ENSMMUG00000023437	0
ENSMMUG00000036948	0
ENSMMUG00000021299	3
ENSMMUG00000049930	0
ENSMMUG00000051843	0
ENSMMUG00000055137	0
ENSMMUG00000059953	0
ENSMMUG00000047631	0
ENSMMUG00000063033	0
ENSMMUG00000001846	0
ENSMMUG00000013565	11
ENSMMUG00000064279	0
ENSMMUG00000059197	0
ENSMMUG00000063492	52
ENSMMUG00000063432	0
ENSMMUG00000050978	0
ENSMMUG00000022853	0
ENSMMUG00000060714	0
ENSMMUG00000053587	0
ENSMMUG00000051263	0
ENSMMUG00000017179	0
ENSMMUG00000001845	0
ENSMMUG00000063850	0
ENSMMUG00000054781	4
ENSMMUG00000049312	0
ENSMMUG00000056142	0
ENSMMUG00000012445	15
ENSMMUG00000008098	16
ENSMMUG00000056842	0
ENSMMUG00000011845	7
ENSMMUG00000052608	0
ENSMMUG00000026717	0
ENSMMUG00000024800	0
ENSMMUG00000050208	23
ENSMMUG00000003355	32
ENSMMUG00000056636	0
ENSMMUG00000061252	0
ENSMMUG00000021296	55
ENSMMUG00000052968	0
ENSMMUG00000055135	5
ENSMMUG00000041984	0
ENSMMUG00000051301	0
ENSMMUG00000002301	2
ENSMMUG00000010811	15
ENSMMUG00000016461	0
ENSMMUG00000002300	0
ENSMMUG00000055950	9
ENSMMUG00000037072	4
ENSMMUG00000050446	1
ENSMMUG00000059805	3
ENSMMUG00000051204	0
ENSMMUG00000022996	0
ENSMMUG00000053803	0
ENSMMUG00000058036	0
ENSMMUG00000049589	0
ENSMMUG00000057256	0
ENSMMUG00000024296	0
ENSMMUG00000058044	0
ENSMMUG00000062968	0
ENSMMUG00000064735	6
ENSMMUG00000062513	0
ENSMMUG00000005149	0
ENSMMUG00000023181	9
ENSMMUG00000011487	7
ENSMMUG00000023434	0
ENSMMUG00000034371	0
ENSMMUG00000063947	17
ENSMMUG00000065125	73
ENSMMUG00000057034	3
ENSMMUG00000061063	0
ENSMMUG00000002075	7
ENSMMUG00000020677	0
ENSMMUG00000064046	0
ENSMMUG00000007590	13
ENSMMUG00000009485	0
ENSMMUG00000002140	419
ENSMMUG00000049358	0
ENSMMUG00000063038	0
ENSMMUG00000009603	0
ENSMMUG00000013541	11
ENSMMUG00000050077	0
ENSMMUG00000020744	0
ENSMMUG00000046512	0
ENSMMUG00000052718	0
ENSMMUG00000050379	0
ENSMMUG00000009600	17
ENSMMUG00000002139	9
ENSMMUG00000030922	0
ENSMMUG00000035503	5
ENSMMUG00000033225	2
ENSMMUG00000034673	0
ENSMMUG00000050164	24
ENSMMUG00000022843	41
ENSMMUG00000012141	0
ENSMMUG00000002138	258
ENSMMUG00000056135	0
ENSMMUG00000048308	0
ENSMMUG00000053236	0
ENSMMUG00000057456	30
ENSMMUG00000063897	20
ENSMMUG00000007591	15
ENSMMUG00000002136	215
ENSMMUG00000055670	0
ENSMMUG00000007596	2
ENSMMUG00000025197	0
ENSMMUG00000061230	1
ENSMMUG00000056008	2
ENSMMUG00000055395	0
ENSMMUG00000007176	0
ENSMMUG00000054310	0
ENSMMUG00000059237	0
ENSMMUG00000033660	1
ENSMMUG00000045714	0
ENSMMUG00000016278	0
ENSMMUG00000016277	115
ENSMMUG00000055965	0
ENSMMUG00000052553	0
ENSMMUG00000051562	0
ENSMMUG00000002131	0
ENSMMUG00000022842	147
ENSMMUG00000050877	0
ENSMMUG00000054867	154
ENSMMUG00000009732	0
ENSMMUG00000057207	0
ENSMMUG00000009599	35
ENSMMUG00000055143	0
ENSMMUG00000002129	11
ENSMMUG00000034465	0
ENSMMUG00000052169	0
ENSMMUG00000053577	0
ENSMMUG00000000974	0
ENSMMUG00000043505	0
ENSMMUG00000002127	1
ENSMMUG00000051578	0
ENSMMUG00000060020	1
ENSMMUG00000059342	0
ENSMMUG00000053574	0
ENSMMUG00000025698	0
ENSMMUG00000053121	0
ENSMMUG00000060564	0
ENSMMUG00000057958	0
ENSMMUG00000058990	0
ENSMMUG00000061008	0
ENSMMUG00000051706	0
ENSMMUG00000054845	0
ENSMMUG00000053472	0
ENSMMUG00000020838	0
ENSMMUG00000002125	3
ENSMMUG00000021545	12
ENSMMUG00000002123	0
ENSMMUG00000049956	0
ENSMMUG00000000561	0
ENSMMUG00000061266	0
ENSMMUG00000035941	2
ENSMMUG00000061375	0
ENSMMUG00000011428	1
ENSMMUG00000009310	0
ENSMMUG00000003476	0
ENSMMUG00000012390	0
ENSMMUG00000062324	0
ENSMMUG00000030881	0
ENSMMUG00000002725	0
ENSMMUG00000001936	0
ENSMMUG00000061711	0
ENSMMUG00000003474	0
ENSMMUG00000059099	0
ENSMMUG00000049688	0
ENSMMUG00000052385	45
ENSMMUG00000002726	109
ENSMMUG00000022923	0
ENSMMUG00000059300	0
ENSMMUG00000002728	24
ENSMMUG00000017466	0
ENSMMUG00000039871	0
ENSMMUG00000049283	0
ENSMMUG00000052243	7
ENSMMUG00000064710	3
ENSMMUG00000058455	10
ENSMMUG00000002727	0
ENSMMUG00000049887	0
ENSMMUG00000020074	0
ENSMMUG00000002721	20
ENSMMUG00000001414	11
ENSMMUG00000003473	0
ENSMMUG00000009662	0
ENSMMUG00000053901	0
ENSMMUG00000052558	0
ENSMMUG00000062644	0
ENSMMUG00000061616	0
ENSMMUG00000056004	1
ENSMMUG00000003310	1
ENSMMUG00000002155	0
ENSMMUG00000039535	0
ENSMMUG00000051834	0
ENSMMUG00000019423	12
ENSMMUG00000008855	0
ENSMMUG00000002152	0
ENSMMUG00000053671	0
ENSMMUG00000050687	0
ENSMMUG00000064522	1
ENSMMUG00000002154	5
ENSMMUG00000009660	0
ENSMMUG00000059622	2
ENSMMUG00000036655	0
ENSMMUG00000036115	0
ENSMMUG00000040943	0
ENSMMUG00000054164	0
ENSMMUG00000019116	2
ENSMMUG00000060932	0
ENSMMUG00000006617	2
ENSMMUG00000008104	4
ENSMMUG00000002719	0
ENSMMUG00000059401	0
ENSMMUG00000056696	0
ENSMMUG00000060169	0
ENSMMUG00000052010	0
ENSMMUG00000053875	0
ENSMMUG00000006615	0
ENSMMUG00000061533	0
ENSMMUG00000050543	0
ENSMMUG00000039924	0
ENSMMUG00000015613	0
ENSMMUG00000056102	0
ENSMMUG00000053241	0
ENSMMUG00000050139	0
ENSMMUG00000055983	2
ENSMMUG00000059059	0
ENSMMUG00000054166	4
ENSMMUG00000049722	2
ENSMMUG00000007959	21
ENSMMUG00000052249	0
ENSMMUG00000063946	0
ENSMMUG00000051848	0
ENSMMUG00000004215	0
ENSMMUG00000056096	0
ENSMMUG00000010265	9
ENSMMUG00000060824	116
ENSMMUG00000016442	2
ENSMMUG00000042598	15
ENSMMUG00000015610	1
ENSMMUG00000059746	0
ENSMMUG00000060624	0
ENSMMUG00000059372	0
ENSMMUG00000056854	0
ENSMMUG00000001126	1
ENSMMUG00000038615	2
ENSMMUG00000062480	0
ENSMMUG00000038858	0
ENSMMUG00000049984	0
ENSMMUG00000051270	0
ENSMMUG00000016438	234
ENSMMUG00000058461	0
ENSMMUG00000062508	0
ENSMMUG00000048757	0
ENSMMUG00000058632	0
ENSMMUG00000017098	19
ENSMMUG00000054575	0
ENSMMUG00000057233	0
ENSMMUG00000062819	0
ENSMMUG00000045185	0
ENSMMUG00000046839	0
ENSMMUG00000042395	0
ENSMMUG00000022802	0
ENSMMUG00000050783	0
ENSMMUG00000052377	0
ENSMMUG00000000908	4
ENSMMUG00000026083	0
ENSMMUG00000017097	0
ENSMMUG00000056755	0
ENSMMUG00000010259	0
ENSMMUG00000064954	0
ENSMMUG00000050686	0
ENSMMUG00000039303	0
ENSMMUG00000026671	0
ENSMMUG00000012859	0
ENSMMUG00000063458	17
ENSMMUG00000017096	0
ENSMMUG00000048973	8
ENSMMUG00000021672	2
ENSMMUG00000059407	7
ENSMMUG00000061619	0
ENSMMUG00000046169	0
ENSMMUG00000017653	2
ENSMMUG00000063884	0
ENSMMUG00000063603	0
ENSMMUG00000005389	420
ENSMMUG00000061351	0
ENSMMUG00000025625	0
ENSMMUG00000005391	17
ENSMMUG00000052753	0
ENSMMUG00000012863	21
ENSMMUG00000049971	0
ENSMMUG00000005392	0
ENSMMUG00000040220	0
ENSMMUG00000061991	0
ENSMMUG00000023328	0
ENSMMUG00000016434	13
ENSMMUG00000038319	0
ENSMMUG00000023326	2
ENSMMUG00000015508	0
ENSMMUG00000000293	0
ENSMMUG00000049958	0
ENSMMUG00000039823	0
ENSMMUG00000056069	0
ENSMMUG00000016433	61
ENSMMUG00000062442	0
ENSMMUG00000053155	11
ENSMMUG00000056633	1
ENSMMUG00000011841	4
ENSMMUG00000035490	0
ENSMMUG00000049250	8
ENSMMUG00000021185	0
ENSMMUG00000051659	3
ENSMMUG00000043078	117
ENSMMUG00000011842	0
ENSMMUG00000060920	0
ENSMMUG00000016451	0
ENSMMUG00000010634	2
ENSMMUG00000058312	0
ENSMMUG00000018421	0
ENSMMUG00000049314	0
ENSMMUG00000055426	0
ENSMMUG00000050697	0
ENSMMUG00000004325	0
ENSMMUG00000055639	0
ENSMMUG00000043458	0
ENSMMUG00000004324	0
ENSMMUG00000037522	2
ENSMMUG00000000291	0
ENSMMUG00000056454	0
ENSMMUG00000038295	9
ENSMMUG00000051034	0
ENSMMUG00000056330	0
ENSMMUG00000064749	4
ENSMMUG00000008105	0
ENSMMUG00000021187	0
ENSMMUG00000052820	0
ENSMMUG00000050997	0
ENSMMUG00000023260	1
ENSMMUG00000009011	0
ENSMMUG00000054957	0
ENSMMUG00000062818	0
ENSMMUG00000052951	0
ENSMMUG00000055043	0
ENSMMUG00000018423	41
ENSMMUG00000063612	0
ENSMMUG00000022268	1
ENSMMUG00000013901	0
ENSMMUG00000040046	0
ENSMMUG00000010226	34
ENSMMUG00000052544	0
ENSMMUG00000010640	3
ENSMMUG00000062779	0
ENSMMUG00000014425	0
ENSMMUG00000022903	7
ENSMMUG00000049292	0
ENSMMUG00000053389	36
ENSMMUG00000047993	0
ENSMMUG00000024526	35
ENSMMUG00000057143	25
ENSMMUG00000044993	0
ENSMMUG00000040148	0
ENSMMUG00000059896	2
ENSMMUG00000020563	1
ENSMMUG00000057797	1
ENSMMUG00000039038	0
ENSMMUG00000012872	305
ENSMMUG00000010224	17
ENSMMUG00000060739	0
ENSMMUG00000020562	7
ENSMMUG00000064410	69
ENSMMUG00000053749	5
ENSMMUG00000060743	0
ENSMMUG00000052048	0
ENSMMUG00000020250	0
ENSMMUG00000061134	0
ENSMMUG00000057328	0
ENSMMUG00000044809	98
ENSMMUG00000020249	0
ENSMMUG00000050409	0
ENSMMUG00000053724	0
ENSMMUG00000012115	0
ENSMMUG00000049985	0
ENSMMUG00000065268	0
ENSMMUG00000054863	0
ENSMMUG00000000181	0
ENSMMUG00000056920	0
ENSMMUG00000023261	13
ENSMMUG00000052499	0
ENSMMUG00000000857	0
ENSMMUG00000008352	7
ENSMMUG00000003490	0
ENSMMUG00000056508	1198
ENSMMUG00000030867	55
ENSMMUG00000028207	0
ENSMMUG00000050479	0
ENSMMUG00000023225	0
ENSMMUG00000042567	0
ENSMMUG00000051882	0
ENSMMUG00000062537	0
ENSMMUG00000054805	0
ENSMMUG00000055846	0
ENSMMUG00000014939	0
ENSMMUG00000064478	0
ENSMMUG00000063171	0
ENSMMUG00000057805	0
ENSMMUG00000055092	0
ENSMMUG00000053056	0
ENSMMUG00000059188	0
ENSMMUG00000050515	0
ENSMMUG00000014464	11
ENSMMUG00000050114	0
ENSMMUG00000054734	0
ENSMMUG00000007175	11
ENSMMUG00000023752	0
ENSMMUG00000016678	3
ENSMMUG00000056641	0
ENSMMUG00000053683	0
ENSMMUG00000061450	0
ENSMMUG00000051657	32
ENSMMUG00000014824	0
ENSMMUG00000014461	5
ENSMMUG00000015605	0
ENSMMUG00000061109	3
ENSMMUG00000039286	0
ENSMMUG00000007868	7
ENSMMUG00000051714	5
ENSMMUG00000014458	1
ENSMMUG00000049539	602
ENSMMUG00000025136	0
ENSMMUG00000062212	0
ENSMMUG00000064164	10
ENSMMUG00000054578	1
ENSMMUG00000058336	544
ENSMMUG00000010639	27
ENSMMUG00000053184	0
ENSMMUG00000059210	1
ENSMMUG00000019748	0
ENSMMUG00000019747	1
ENSMMUG00000020575	5
ENSMMUG00000060482	0
ENSMMUG00000055665	181
ENSMMUG00000062663	10
ENSMMUG00000036324	0
ENSMMUG00000057043	24
ENSMMUG00000051099	0
ENSMMUG00000062091	0
ENSMMUG00000023269	11
ENSMMUG00000022907	36
ENSMMUG00000055232	0
ENSMMUG00000051273	0
ENSMMUG00000055649	0
ENSMMUG00000019745	51
ENSMMUG00000065301	4
ENSMMUG00000058028	65
ENSMMUG00000009739	3
ENSMMUG00000061344	0
ENSMMUG00000054488	0
ENSMMUG00000022909	10
ENSMMUG00000062396	0
ENSMMUG00000025366	0
ENSMMUG00000060096	0
ENSMMUG00000052180	0
ENSMMUG00000019744	27
ENSMMUG00000063336	0
ENSMMUG00000053580	0
ENSMMUG00000019742	2
ENSMMUG00000058620	0
ENSMMUG00000049793	0
ENSMMUG00000002521	0
ENSMMUG00000013797	0
ENSMMUG00000000006	0
ENSMMUG00000015208	0
ENSMMUG00000028158	0
ENSMMUG00000038179	0
ENSMMUG00000017655	0
ENSMMUG00000055957	0
ENSMMUG00000065010	2
ENSMMUG00000064124	0
ENSMMUG00000030744	65
ENSMMUG00000005102	0
ENSMMUG00000037409	0
ENSMMUG00000050762	0
ENSMMUG00000043786	0
ENSMMUG00000061480	3
ENSMMUG00000055074	0
ENSMMUG00000020551	5
ENSMMUG00000060435	15
ENSMMUG00000033092	11
ENSMMUG00000005101	0
ENSMMUG00000022785	108
ENSMMUG00000011477	30
ENSMMUG00000058307	0
ENSMMUG00000033135	50
ENSMMUG00000032735	10
ENSMMUG00000006330	0
ENSMMUG00000060562	53
ENSMMUG00000020573	3
ENSMMUG00000061737	0
ENSMMUG00000045126	0
ENSMMUG00000005096	8
ENSMMUG00000017830	0
ENSMMUG00000064867	0
ENSMMUG00000001278	0
ENSMMUG00000059332	0
ENSMMUG00000008397	0
ENSMMUG00000059454	0
ENSMMUG00000012864	0
ENSMMUG00000017683	3
ENSMMUG00000048540	0
ENSMMUG00000052762	0
ENSMMUG00000008396	0
ENSMMUG00000010864	18
ENSMMUG00000038088	0
ENSMMUG00000052504	0
ENSMMUG00000002096	13
ENSMMUG00000063281	0
ENSMMUG00000058857	0
ENSMMUG00000053867	0
ENSMMUG00000023943	0
ENSMMUG00000036611	0
ENSMMUG00000021067	0
ENSMMUG00000010320	453
ENSMMUG00000035634	0
ENSMMUG00000002093	2
ENSMMUG00000035968	0
ENSMMUG00000000572	4
ENSMMUG00000060844	0
ENSMMUG00000054115	0
ENSMMUG00000062411	0
ENSMMUG00000021066	3
ENSMMUG00000064168	0
ENSMMUG00000049720	0
ENSMMUG00000008097	31
ENSMMUG00000055276	0
ENSMMUG00000020739	2
ENSMMUG00000013963	11
ENSMMUG00000010066	0
ENSMMUG00000061050	0
ENSMMUG00000041555	0
ENSMMUG00000018017	0
ENSMMUG00000021990	0
ENSMMUG00000056414	0
ENSMMUG00000020737	0
ENSMMUG00000048261	9
ENSMMUG00000014244	0
ENSMMUG00000018947	0
ENSMMUG00000036621	0
ENSMMUG00000055845	5
ENSMMUG00000045434	0
ENSMMUG00000010671	1
ENSMMUG00000018946	32
ENSMMUG00000052591	0
ENSMMUG00000009174	0
ENSMMUG00000041264	0
ENSMMUG00000041775	0
ENSMMUG00000016533	7
ENSMMUG00000061943	0
ENSMMUG00000002090	3
ENSMMUG00000030864	0
ENSMMUG00000002231	5
ENSMMUG00000011025	12
ENSMMUG00000062725	0
ENSMMUG00000049123	0
ENSMMUG00000061424	0
ENSMMUG00000009238	0
ENSMMUG00000059700	0
ENSMMUG00000020855	0
ENSMMUG00000014242	0
ENSMMUG00000015055	1
ENSMMUG00000020854	0
ENSMMUG00000009244	0
ENSMMUG00000015052	11
ENSMMUG00000020852	0
ENSMMUG00000010592	0
ENSMMUG00000005687	0
ENSMMUG00000009246	0
ENSMMUG00000026483	0
ENSMMUG00000005095	0
ENSMMUG00000053475	0
ENSMMUG00000061304	1
ENSMMUG00000062828	0
ENSMMUG00000027897	0
ENSMMUG00000004164	4
ENSMMUG00000060534	0
ENSMMUG00000005091	1
ENSMMUG00000063951	0
ENSMMUG00000052940	0
ENSMMUG00000053593	5
ENSMMUG00000063699	0
ENSMMUG00000010591	0
ENSMMUG00000061496	0
ENSMMUG00000010462	0
ENSMMUG00000061838	0
ENSMMUG00000062556	0
ENSMMUG00000058007	0
ENSMMUG00000045520	18
ENSMMUG00000008248	18
ENSMMUG00000004165	53
ENSMMUG00000044163	0
ENSMMUG00000050582	0
ENSMMUG00000002338	2
ENSMMUG00000038170	0
ENSMMUG00000015515	23
ENSMMUG00000049996	309
ENSMMUG00000064078	0
ENSMMUG00000060882	0
ENSMMUG00000011482	137
ENSMMUG00000016430	0
ENSMMUG00000043149	0
ENSMMUG00000052056	0
ENSMMUG00000059856	0
ENSMMUG00000008293	2
ENSMMUG00000007552	0
ENSMMUG00000004169	0
ENSMMUG00000021436	0
ENSMMUG00000056411	3
ENSMMUG00000008288	35
ENSMMUG00000053501	0
ENSMMUG00000053295	0
ENSMMUG00000060845	0
ENSMMUG00000009468	13
ENSMMUG00000050800	0
ENSMMUG00000061696	0
ENSMMUG00000061565	1
ENSMMUG00000009195	0
ENSMMUG00000058615	0
ENSMMUG00000051327	0
ENSMMUG00000008463	0
ENSMMUG00000056736	0
ENSMMUG00000060909	0
ENSMMUG00000060217	0
ENSMMUG00000058387	0
ENSMMUG00000049907	0
ENSMMUG00000046992	3
ENSMMUG00000061866	0
ENSMMUG00000024632	0
ENSMMUG00000008287	3
ENSMMUG00000046264	4
ENSMMUG00000064102	0
ENSMMUG00000062978	0
ENSMMUG00000063142	0
ENSMMUG00000058102	0
ENSMMUG00000025294	0
ENSMMUG00000057336	0
ENSMMUG00000054701	0
ENSMMUG00000027343	0
ENSMMUG00000061223	0
ENSMMUG00000019682	0
ENSMMUG00000017461	118
ENSMMUG00000013945	0
ENSMMUG00000013944	0
ENSMMUG00000058803	11
ENSMMUG00000022836	0
ENSMMUG00000017460	0
ENSMMUG00000015789	0
ENSMMUG00000053053	5
ENSMMUG00000062885	1
ENSMMUG00000017209	0
ENSMMUG00000007779	0
ENSMMUG00000004574	0
ENSMMUG00000058736	0
ENSMMUG00000054398	0
ENSMMUG00000062156	1
ENSMMUG00000052788	13
ENSMMUG00000055089	76
ENSMMUG00000064951	214
ENSMMUG00000053097	0
ENSMMUG00000050887	9
ENSMMUG00000017455	0
ENSMMUG00000049443	21
ENSMMUG00000015787	3
ENSMMUG00000038972	0
ENSMMUG00000062884	0
ENSMMUG00000050540	0
ENSMMUG00000058025	6
ENSMMUG00000011216	5
ENSMMUG00000050951	30
ENSMMUG00000021645	0
ENSMMUG00000019770	0
ENSMMUG00000016594	25
ENSMMUG00000019773	1
ENSMMUG00000052787	6
ENSMMUG00000030707	0
ENSMMUG00000061716	0
ENSMMUG00000040135	0
ENSMMUG00000063257	0
ENSMMUG00000053483	0
ENSMMUG00000059240	0
ENSMMUG00000057729	0
ENSMMUG00000055130	0
ENSMMUG00000060285	0
ENSMMUG00000053834	1
ENSMMUG00000056832	0
ENSMMUG00000005922	0
ENSMMUG00000055750	8
ENSMMUG00000063225	0
ENSMMUG00000052525	0
ENSMMUG00000050285	0
ENSMMUG00000009372	0
ENSMMUG00000036907	0
ENSMMUG00000046534	0
ENSMMUG00000055716	0
ENSMMUG00000062948	0
ENSMMUG00000000988	0
ENSMMUG00000044784	0
ENSMMUG00000053594	0
ENSMMUG00000060801	0
ENSMMUG00000055987	0
ENSMMUG00000060872	0
ENSMMUG00000009871	16
ENSMMUG00000064457	0
ENSMMUG00000061691	0
ENSMMUG00000061530	0
ENSMMUG00000057045	0
ENSMMUG00000013014	0
ENSMMUG00000009873	52
ENSMMUG00000009367	11
ENSMMUG00000002263	3
ENSMMUG00000055164	0
ENSMMUG00000062272	0
ENSMMUG00000032941	0
ENSMMUG00000033205	0
ENSMMUG00000016094	0
ENSMMUG00000021754	8
ENSMMUG00000030876	2
ENSMMUG00000050917	3
ENSMMUG00000021691	2
ENSMMUG00000014481	0
ENSMMUG00000003908	0
ENSMMUG00000058006	0
ENSMMUG00000055125	0
ENSMMUG00000036390	0
ENSMMUG00000038198	0
ENSMMUG00000053251	0
ENSMMUG00000065211	46
ENSMMUG00000002699	0
ENSMMUG00000055240	0
ENSMMUG00000050398	0
ENSMMUG00000060794	0
ENSMMUG00000002697	1
ENSMMUG00000055917	0
ENSMMUG00000049542	182
ENSMMUG00000019661	86
ENSMMUG00000008327	1
ENSMMUG00000031089	0
ENSMMUG00000053110	0
ENSMMUG00000006987	0
ENSMMUG00000019118	1
ENSMMUG00000018823	72
ENSMMUG00000052236	20
ENSMMUG00000012757	0
ENSMMUG00000021560	30
ENSMMUG00000008331	16
ENSMMUG00000015001	200
ENSMMUG00000014107	2
ENSMMUG00000014106	17
ENSMMUG00000022167	5
ENSMMUG00000031017	16
ENSMMUG00000008106	0
ENSMMUG00000046411	0
ENSMMUG00000014101	13
ENSMMUG00000059251	0
ENSMMUG00000017371	0
ENSMMUG00000062385	0
ENSMMUG00000020411	83
ENSMMUG00000050905	18
ENSMMUG00000063992	0
ENSMMUG00000039143	2
ENSMMUG00000008135	88
ENSMMUG00000022169	99
ENSMMUG00000019785	1
ENSMMUG00000020384	84
ENSMMUG00000055105	0
ENSMMUG00000057885	0
ENSMMUG00000056777	0
ENSMMUG00000063457	0
ENSMMUG00000052000	45
ENSMMUG00000005341	0
ENSMMUG00000034348	46
ENSMMUG00000060322	0
ENSMMUG00000059688	0
ENSMMUG00000062185	0
ENSMMUG00000050471	0
ENSMMUG00000020478	7
ENSMMUG00000022395	0
ENSMMUG00000015254	2
ENSMMUG00000037662	0
ENSMMUG00000053113	0
ENSMMUG00000021345	6
ENSMMUG00000015258	0
ENSMMUG00000014100	28
ENSMMUG00000004675	6
ENSMMUG00000048560	3
ENSMMUG00000050955	0
ENSMMUG00000049585	0
ENSMMUG00000059047	0
ENSMMUG00000061092	0
ENSMMUG00000006005	0
ENSMMUG00000005991	236
ENSMMUG00000051905	0
ENSMMUG00000014098	26
ENSMMUG00000056629	0
ENSMMUG00000061353	12
ENSMMUG00000000070	5
ENSMMUG00000042847	0
ENSMMUG00000051960	0
ENSMMUG00000003854	7
ENSMMUG00000064923	0
ENSMMUG00000049385	0
ENSMMUG00000056113	1
ENSMMUG00000038849	0
ENSMMUG00000014087	12
ENSMMUG00000000072	0
ENSMMUG00000052588	0
ENSMMUG00000017166	0
ENSMMUG00000000073	3
ENSMMUG00000053109	14
ENSMMUG00000011023	0
ENSMMUG00000062881	0
ENSMMUG00000009120	1
ENSMMUG00000003853	87
ENSMMUG00000000074	4
ENSMMUG00000004880	14
ENSMMUG00000005898	0
ENSMMUG00000031231	0
ENSMMUG00000004879	0
ENSMMUG00000009119	0
ENSMMUG00000004878	0
ENSMMUG00000063758	1
ENSMMUG00000059689	0
ENSMMUG00000020482	35
ENSMMUG00000062215	75
ENSMMUG00000002868	0
ENSMMUG00000046647	5
ENSMMUG00000054598	0
ENSMMUG00000052669	0
ENSMMUG00000000079	1
ENSMMUG00000009115	0
ENSMMUG00000054858	0
ENSMMUG00000057293	0
ENSMMUG00000060930	0
ENSMMUG00000003007	0
ENSMMUG00000045296	3
ENSMMUG00000009364	0
ENSMMUG00000055780	3
ENSMMUG00000053863	0
ENSMMUG00000020483	12
ENSMMUG00000059324	0
ENSMMUG00000028090	0
ENSMMUG00000004496	17
ENSMMUG00000037571	0
ENSMMUG00000064394	0
ENSMMUG00000063364	0
ENSMMUG00000063307	0
ENSMMUG00000020476	0
ENSMMUG00000003005	2
ENSMMUG00000052578	0
ENSMMUG00000058033	0
ENSMMUG00000052785	0
ENSMMUG00000064627	0
ENSMMUG00000012103	3
ENSMMUG00000063154	0
ENSMMUG00000018855	12
ENSMMUG00000058324	2
ENSMMUG00000060881	0
ENSMMUG00000062410	0
ENSMMUG00000059339	0
ENSMMUG00000011278	1
ENSMMUG00000056022	0
ENSMMUG00000051609	5
ENSMMUG00000052112	0
ENSMMUG00000062755	5
ENSMMUG00000061040	5
ENSMMUG00000004074	0
ENSMMUG00000049130	1
ENSMMUG00000056662	0
ENSMMUG00000063914	0
ENSMMUG00000012101	2
ENSMMUG00000062922	0
ENSMMUG00000023263	2
ENSMMUG00000048761	0
ENSMMUG00000032769	0
ENSMMUG00000018299	9
ENSMMUG00000011273	0
ENSMMUG00000052038	0
ENSMMUG00000064785	0
ENSMMUG00000063187	0
ENSMMUG00000050707	0
ENSMMUG00000010029	9
ENSMMUG00000018853	3
ENSMMUG00000044029	0
ENSMMUG00000045603	0
ENSMMUG00000017171	2
ENSMMUG00000000252	0
ENSMMUG00000005417	0
ENSMMUG00000064466	0
ENSMMUG00000064348	0
ENSMMUG00000018833	9
ENSMMUG00000057129	0
ENSMMUG00000011064	0
ENSMMUG00000008796	0
ENSMMUG00000023833	0
ENSMMUG00000063487	0
ENSMMUG00000000553	6
ENSMMUG00000033033	0
ENSMMUG00000033056	0
ENSMMUG00000019805	6
ENSMMUG00000063735	5
ENSMMUG00000002739	0
ENSMMUG00000019804	2
ENSMMUG00000000151	60
ENSMMUG00000022914	0
ENSMMUG00000041418	0
ENSMMUG00000007845	10
ENSMMUG00000026462	2
ENSMMUG00000024397	0
ENSMMUG00000037281	0
ENSMMUG00000031391	10
ENSMMUG00000019803	0
ENSMMUG00000056760	0
ENSMMUG00000053802	13
ENSMMUG00000050014	0
ENSMMUG00000055651	0
ENSMMUG00000062236	0
ENSMMUG00000050216	0
ENSMMUG00000005592	0
ENSMMUG00000063837	0
ENSMMUG00000000560	0
ENSMMUG00000016802	0
ENSMMUG00000059320	0
ENSMMUG00000001016	11
ENSMMUG00000005588	0
ENSMMUG00000000149	0
ENSMMUG00000041787	1
ENSMMUG00000017530	0
ENSMMUG00000059345	0
ENSMMUG00000061039	0
ENSMMUG00000055848	0
ENSMMUG00000011547	0
ENSMMUG00000022586	0
ENSMMUG00000050214	0
ENSMMUG00000054199	0
ENSMMUG00000048656	0
ENSMMUG00000017562	5
ENSMMUG00000039346	3
ENSMMUG00000040386	5
ENSMMUG00000063493	0
ENSMMUG00000058352	0
ENSMMUG00000052635	0
ENSMMUG00000032710	0
ENSMMUG00000022588	0
ENSMMUG00000058949	0
ENSMMUG00000055403	0
ENSMMUG00000012350	1
ENSMMUG00000056660	0
ENSMMUG00000058833	0
ENSMMUG00000063757	0
ENSMMUG00000061979	0
ENSMMUG00000022589	0
ENSMMUG00000016274	4
ENSMMUG00000020101	0
ENSMMUG00000042762	0
ENSMMUG00000053207	0
ENSMMUG00000017531	0
ENSMMUG00000012349	0
ENSMMUG00000061623	0
ENSMMUG00000014986	3
ENSMMUG00000056486	0
ENSMMUG00000064665	0
ENSMMUG00000057227	0
ENSMMUG00000055081	0
ENSMMUG00000064486	0
ENSMMUG00000051394	0
ENSMMUG00000019946	0
ENSMMUG00000062378	0
ENSMMUG00000015923	0
ENSMMUG00000012351	46
ENSMMUG00000043908	0
ENSMMUG00000058479	0
ENSMMUG00000038080	0
ENSMMUG00000055181	0
ENSMMUG00000046141	0
ENSMMUG00000050229	0
ENSMMUG00000051897	0
ENSMMUG00000050241	0
ENSMMUG00000020100	38
ENSMMUG00000003275	0
ENSMMUG00000052265	0
ENSMMUG00000057498	0
ENSMMUG00000008160	7
ENSMMUG00000064009	0
ENSMMUG00000053183	0
ENSMMUG00000059395	0
ENSMMUG00000005806	0
ENSMMUG00000064454	0
ENSMMUG00000055259	0
ENSMMUG00000052343	0
ENSMMUG00000003276	0
ENSMMUG00000033530	0
ENSMMUG00000020099	17
ENSMMUG00000003121	6
ENSMMUG00000046054	0
ENSMMUG00000055820	0
ENSMMUG00000008778	0
ENSMMUG00000019374	0
ENSMMUG00000008775	0
ENSMMUG00000004017	0
ENSMMUG00000064921	0
ENSMMUG00000005116	0
ENSMMUG00000063549	3
ENSMMUG00000020098	4
ENSMMUG00000004015	0
ENSMMUG00000060260	0
ENSMMUG00000001012	0
ENSMMUG00000058930	2
ENSMMUG00000031026	4
ENSMMUG00000062743	0
ENSMMUG00000039452	38
ENSMMUG00000042504	0
ENSMMUG00000057174	0
ENSMMUG00000012754	1
ENSMMUG00000013404	12
ENSMMUG00000050004	0
ENSMMUG00000001764	126
ENSMMUG00000012751	2
ENSMMUG00000051820	0
ENSMMUG00000048395	2
ENSMMUG00000060017	0
ENSMMUG00000031300	0
ENSMMUG00000007215	21
ENSMMUG00000004869	0
ENSMMUG00000064097	0
ENSMMUG00000001763	229
ENSMMUG00000004868	0
ENSMMUG00000053198	21
ENSMMUG00000020489	1
ENSMMUG00000007284	158
ENSMMUG00000033642	0
ENSMMUG00000020486	0
ENSMMUG00000036036	0
ENSMMUG00000006101	179
ENSMMUG00000041635	0
ENSMMUG00000058583	0
ENSMMUG00000042819	9
ENSMMUG00000020233	2
ENSMMUG00000017089	1
ENSMMUG00000001058	39
ENSMMUG00000030970	0
ENSMMUG00000026849	0
ENSMMUG00000005547	0
ENSMMUG00000009088	13
ENSMMUG00000017153	9
ENSMMUG00000014494	0
ENSMMUG00000062822	0
ENSMMUG00000055008	0
ENSMMUG00000054068	27
ENSMMUG00000005553	9
ENSMMUG00000049221	0
ENSMMUG00000042122	0
ENSMMUG00000058986	0
ENSMMUG00000004313	3
ENSMMUG00000014534	0
ENSMMUG00000007277	149
ENSMMUG00000009082	27
ENSMMUG00000017147	8
ENSMMUG00000019636	1
ENSMMUG00000005545	14
ENSMMUG00000021083	3
ENSMMUG00000052529	3
ENSMMUG00000048630	0
ENSMMUG00000000364	3
ENSMMUG00000056942	0
ENSMMUG00000061986	7
ENSMMUG00000058839	0
ENSMMUG00000004713	0
ENSMMUG00000017680	4
ENSMMUG00000055231	11
ENSMMUG00000033280	0
ENSMMUG00000031171	0
ENSMMUG00000050013	0
ENSMMUG00000056865	5
ENSMMUG00000061206	5
ENSMMUG00000046067	0
ENSMMUG00000012467	0
ENSMMUG00000057972	0
ENSMMUG00000017144	0
ENSMMUG00000060967	1
ENSMMUG00000065246	0
ENSMMUG00000001537	0
ENSMMUG00000023451	0
ENSMMUG00000022236	9
ENSMMUG00000052444	0
ENSMMUG00000061118	0
ENSMMUG00000023452	13
ENSMMUG00000049788	0
ENSMMUG00000017140	0
ENSMMUG00000020016	0
ENSMMUG00000061365	0
ENSMMUG00000045829	0
ENSMMUG00000004304	11
ENSMMUG00000050383	0
ENSMMUG00000023450	2
ENSMMUG00000062460	0
ENSMMUG00000051991	0
ENSMMUG00000017134	1
ENSMMUG00000063873	0
ENSMMUG00000052305	38
ENSMMUG00000050749	8
ENSMMUG00000065218	55
ENSMMUG00000021137	0
ENSMMUG00000001675	9
ENSMMUG00000059890	0
ENSMMUG00000004303	127
ENSMMUG00000040434	0
ENSMMUG00000023446	77
ENSMMUG00000014010	16
ENSMMUG00000047481	1
ENSMMUG00000064911	0
ENSMMUG00000024576	1
ENSMMUG00000009192	0
ENSMMUG00000056504	0
ENSMMUG00000040628	0
ENSMMUG00000064854	0
ENSMMUG00000042402	0
ENSMMUG00000060253	1
ENSMMUG00000060434	2
ENSMMUG00000057193	0
ENSMMUG00000010122	0
ENSMMUG00000040034	31
ENSMMUG00000055897	0
ENSMMUG00000057016	2
ENSMMUG00000021904	0
ENSMMUG00000057687	0
ENSMMUG00000061754	0
ENSMMUG00000064170	0
ENSMMUG00000063220	0
ENSMMUG00000010311	7
ENSMMUG00000027428	0
ENSMMUG00000062102	0
ENSMMUG00000050897	0
ENSMMUG00000060133	0
ENSMMUG00000013749	0
ENSMMUG00000002302	3
ENSMMUG00000058776	0
ENSMMUG00000051791	0
ENSMMUG00000023443	56
ENSMMUG00000009658	3
ENSMMUG00000002701	1
ENSMMUG00000045556	1
ENSMMUG00000009075	18
ENSMMUG00000023442	2
ENSMMUG00000064554	0
ENSMMUG00000043169	0
ENSMMUG00000013740	5
ENSMMUG00000045506	4
ENSMMUG00000005119	0
ENSMMUG00000023552	3
ENSMMUG00000023441	3
ENSMMUG00000054384	0
ENSMMUG00000048463	1
ENSMMUG00000047203	11
ENSMMUG00000001050	2
ENSMMUG00000016052	0
ENSMMUG00000005034	0
ENSMMUG00000061659	0
ENSMMUG00000005451	4
ENSMMUG00000062795	0
ENSMMUG00000046249	0
ENSMMUG00000011863	0
ENSMMUG00000023621	66
ENSMMUG00000049955	0
ENSMMUG00000031106	22
ENSMMUG00000044346	0
ENSMMUG00000058871	7
ENSMMUG00000021380	24
ENSMMUG00000023623	58
ENSMMUG00000009650	9
ENSMMUG00000012314	0
ENSMMUG00000050078	0
ENSMMUG00000064842	0
ENSMMUG00000056722	1
ENSMMUG00000002839	20
ENSMMUG00000008696	1
ENSMMUG00000059179	0
ENSMMUG00000036707	0
ENSMMUG00000050937	1
ENSMMUG00000049175	0
ENSMMUG00000043649	0
ENSMMUG00000059818	0
ENSMMUG00000013728	0
ENSMMUG00000029871	1
ENSMMUG00000062250	0
ENSMMUG00000021376	124
ENSMMUG00000052567	58
ENSMMUG00000022215	0
ENSMMUG00000014084	76
ENSMMUG00000061760	0
ENSMMUG00000063561	5
ENSMMUG00000055916	0
ENSMMUG00000052032	0
ENSMMUG00000051254	0
ENSMMUG00000026734	0
ENSMMUG00000013722	0
ENSMMUG00000002916	3
ENSMMUG00000021374	38
ENSMMUG00000018354	25
ENSMMUG00000002202	0
ENSMMUG00000052283	0
ENSMMUG00000052081	0
ENSMMUG00000063269	67
ENSMMUG00000026269	0
ENSMMUG00000058919	11
ENSMMUG00000003334	0
ENSMMUG00000056093	0
ENSMMUG00000033176	0
ENSMMUG00000012606	1
ENSMMUG00000034323	0
ENSMMUG00000033035	0
ENSMMUG00000052391	86
ENSMMUG00000006442	2
ENSMMUG00000038376	0
ENSMMUG00000022345	0
ENSMMUG00000026172	4
ENSMMUG00000021692	0
ENSMMUG00000050080	0
ENSMMUG00000064391	0
ENSMMUG00000021373	0
ENSMMUG00000001809	18
ENSMMUG00000002124	0
ENSMMUG00000012607	1
ENSMMUG00000023790	0
ENSMMUG00000032685	0
ENSMMUG00000065331	0
ENSMMUG00000006464	0
ENSMMUG00000047437	0
ENSMMUG00000021372	1
ENSMMUG00000051598	0
ENSMMUG00000012354	0
ENSMMUG00000013968	37
ENSMMUG00000034916	0
ENSMMUG00000064271	202
ENSMMUG00000013969	11
ENSMMUG00000050324	0
ENSMMUG00000002715	19
ENSMMUG00000064511	0
ENSMMUG00000052101	0
ENSMMUG00000052708	0
ENSMMUG00000065232	0
ENSMMUG00000021370	0
ENSMMUG00000062485	0
ENSMMUG00000020325	0
ENSMMUG00000054622	0
ENSMMUG00000012623	20
ENSMMUG00000051546	0
ENSMMUG00000048521	12
ENSMMUG00000058170	0
ENSMMUG00000028471	1
ENSMMUG00000063590	0
ENSMMUG00000021369	0
ENSMMUG00000000740	15
ENSMMUG00000010603	35
ENSMMUG00000025944	0
ENSMMUG00000040706	13
ENSMMUG00000063518	0
ENSMMUG00000000025	0
ENSMMUG00000000757	6
ENSMMUG00000061501	0
ENSMMUG00000059766	36
ENSMMUG00000036877	0
ENSMMUG00000006519	1
ENSMMUG00000045256	0
ENSMMUG00000065129	13
ENSMMUG00000027985	0
ENSMMUG00000005432	0
ENSMMUG00000063295	0
ENSMMUG00000063997	0
ENSMMUG00000053856	5
ENSMMUG00000054371	0
ENSMMUG00000015939	26
ENSMMUG00000050253	0
ENSMMUG00000064059	1
ENSMMUG00000010839	0
ENSMMUG00000012228	8
ENSMMUG00000057497	0
ENSMMUG00000000089	2
ENSMMUG00000013206	9
ENSMMUG00000055046	0
ENSMMUG00000028447	0
ENSMMUG00000031048	0
ENSMMUG00000020690	0
ENSMMUG00000058148	0
ENSMMUG00000013209	22
ENSMMUG00000053792	0
ENSMMUG00000059228	3
ENSMMUG00000062967	0
ENSMMUG00000045219	0
ENSMMUG00000052561	0
ENSMMUG00000049698	1
ENSMMUG00000057059	0
ENSMMUG00000052310	0
ENSMMUG00000053991	0
ENSMMUG00000013211	14
ENSMMUG00000037665	0
ENSMMUG00000038882	0
ENSMMUG00000007878	5
ENSMMUG00000004403	0
ENSMMUG00000061931	0
ENSMMUG00000050010	0
ENSMMUG00000036563	0
ENSMMUG00000050439	0
ENSMMUG00000031416	3
ENSMMUG00000049395	0
ENSMMUG00000005431	6
ENSMMUG00000013212	8
ENSMMUG00000059637	0
ENSMMUG00000061430	0
ENSMMUG00000044401	8
ENSMMUG00000063724	0
ENSMMUG00000007883	46
ENSMMUG00000018116	40
ENSMMUG00000020988	0
ENSMMUG00000017384	1
ENSMMUG00000060337	0
ENSMMUG00000052749	1
ENSMMUG00000013214	4
ENSMMUG00000064108	0
ENSMMUG00000013216	0
ENSMMUG00000060124	0
ENSMMUG00000012127	6
ENSMMUG00000013217	0
ENSMMUG00000020691	1
ENSMMUG00000063099	0
ENSMMUG00000050957	0
ENSMMUG00000052281	0
ENSMMUG00000036189	0
ENSMMUG00000005006	2
ENSMMUG00000056554	0
ENSMMUG00000017385	17
ENSMMUG00000016448	11
ENSMMUG00000062738	0
ENSMMUG00000017560	0
ENSMMUG00000005011	1
ENSMMUG00000063049	0
ENSMMUG00000062321	5
ENSMMUG00000063866	0
ENSMMUG00000050091	0
ENSMMUG00000019925	14
ENSMMUG00000002761	27
ENSMMUG00000003402	0
ENSMMUG00000020933	4
ENSMMUG00000002759	2
ENSMMUG00000018114	0
ENSMMUG00000052966	9
ENSMMUG00000059897	9
ENSMMUG00000017584	0
ENSMMUG00000031166	0
ENSMMUG00000002758	0
ENSMMUG00000008195	45
ENSMMUG00000024451	40
ENSMMUG00000000683	0
ENSMMUG00000062702	458
ENSMMUG00000051422	0
ENSMMUG00000064939	0
ENSMMUG00000050993	3
ENSMMUG00000061699	0
ENSMMUG00000049520	0
ENSMMUG00000003404	0
ENSMMUG00000026864	0
ENSMMUG00000027206	0
ENSMMUG00000016848	0
ENSMMUG00000056945	47
ENSMMUG00000048424	0
ENSMMUG00000008200	32
ENSMMUG00000016851	1
ENSMMUG00000016854	0
ENSMMUG00000060325	5
ENSMMUG00000060486	2
ENSMMUG00000046848	2
ENSMMUG00000056860	2
ENSMMUG00000063632	0
ENSMMUG00000016856	3
ENSMMUG00000005985	19
ENSMMUG00000003409	2
ENSMMUG00000058382	71
ENSMMUG00000003408	55
ENSMMUG00000008201	2
ENSMMUG00000016859	0
ENSMMUG00000003410	0
ENSMMUG00000003272	0
ENSMMUG00000042478	0
ENSMMUG00000002751	0
ENSMMUG00000051133	0
ENSMMUG00000039638	0
ENSMMUG00000013574	12
ENSMMUG00000050774	0
ENSMMUG00000050748	0
ENSMMUG00000003809	0
ENSMMUG00000014140	3
ENSMMUG00000003806	0
ENSMMUG00000005576	0
ENSMMUG00000054508	0
ENSMMUG00000058052	0
ENSMMUG00000008229	0
ENSMMUG00000062895	0
ENSMMUG00000057269	0
ENSMMUG00000027202	0
ENSMMUG00000057403	6
ENSMMUG00000062371	0
ENSMMUG00000019310	12
ENSMMUG00000003803	0
ENSMMUG00000060335	0
ENSMMUG00000020801	0
ENSMMUG00000063720	0
ENSMMUG00000059606	0
ENSMMUG00000053555	0
ENSMMUG00000055357	0
ENSMMUG00000062547	149
ENSMMUG00000018248	0
ENSMMUG00000005579	0
ENSMMUG00000021025	0
ENSMMUG00000023622	3
ENSMMUG00000000966	0
ENSMMUG00000033538	0
ENSMMUG00000021022	0
ENSMMUG00000050053	0
ENSMMUG00000005713	0
ENSMMUG00000019944	7
ENSMMUG00000059609	0
ENSMMUG00000052867	4
ENSMMUG00000021023	0
ENSMMUG00000037896	0
ENSMMUG00000060407	13
ENSMMUG00000050650	0
ENSMMUG00000060828	0
ENSMMUG00000042904	0
ENSMMUG00000023515	112
ENSMMUG00000009227	0
ENSMMUG00000065090	0
ENSMMUG00000002089	62
ENSMMUG00000047795	32
ENSMMUG00000015551	1375
ENSMMUG00000024849	0
ENSMMUG00000012510	4
ENSMMUG00000015204	0
ENSMMUG00000038287	0
ENSMMUG00000000125	1
ENSMMUG00000009229	0
ENSMMUG00000051682	0
ENSMMUG00000002091	2
ENSMMUG00000009231	0
ENSMMUG00000051201	0
ENSMMUG00000039351	0
ENSMMUG00000045871	0
ENSMMUG00000042855	16
ENSMMUG00000001776	1
ENSMMUG00000009957	1
ENSMMUG00000058326	11
ENSMMUG00000060698	0
ENSMMUG00000063760	0
ENSMMUG00000059092	0
ENSMMUG00000015911	1
ENSMMUG00000014641	0
ENSMMUG00000003933	0
ENSMMUG00000045312	0
ENSMMUG00000009960	80
ENSMMUG00000063629	0
ENSMMUG00000020092	0
ENSMMUG00000050726	0
ENSMMUG00000058253	40
ENSMMUG00000044861	1
ENSMMUG00000050596	0
ENSMMUG00000049845	27
ENSMMUG00000060153	0
ENSMMUG00000046980	0
ENSMMUG00000020799	12
ENSMMUG00000054220	0
ENSMMUG00000015528	4
ENSMMUG00000053432	0
ENSMMUG00000021476	129
ENSMMUG00000004535	2
ENSMMUG00000039259	0
ENSMMUG00000054655	0
ENSMMUG00000063687	0
ENSMMUG00000052914	0
ENSMMUG00000058581	17
ENSMMUG00000059402	0
ENSMMUG00000053176	0
ENSMMUG00000016489	0
ENSMMUG00000001833	0
ENSMMUG00000058916	6
ENSMMUG00000016490	0
ENSMMUG00000021477	0
ENSMMUG00000056901	0
ENSMMUG00000048539	0
ENSMMUG00000049290	0
ENSMMUG00000022393	0
ENSMMUG00000060741	4
ENSMMUG00000014376	1
ENSMMUG00000051343	7
ENSMMUG00000009963	282
ENSMMUG00000055975	0
ENSMMUG00000031121	91
ENSMMUG00000022388	0
ENSMMUG00000063007	0
ENSMMUG00000062004	0
ENSMMUG00000060621	0
ENSMMUG00000049964	0
ENSMMUG00000000968	0
ENSMMUG00000015556	0
ENSMMUG00000013697	65
ENSMMUG00000014380	50
ENSMMUG00000063695	1
ENSMMUG00000053291	0
ENSMMUG00000022387	5
ENSMMUG00000010657	0
ENSMMUG00000006731	0
ENSMMUG00000014309	0
ENSMMUG00000008017	0
ENSMMUG00000047452	0
ENSMMUG00000011397	0
ENSMMUG00000022386	0
ENSMMUG00000056950	2
ENSMMUG00000053310	0
ENSMMUG00000051057	0
ENSMMUG00000010006	0
ENSMMUG00000041913	0
ENSMMUG00000053965	0
ENSMMUG00000000969	0
ENSMMUG00000063240	0
ENSMMUG00000057788	0
ENSMMUG00000059302	0
ENSMMUG00000050571	1
ENSMMUG00000016813	1
ENSMMUG00000002529	2
ENSMMUG00000016814	0
ENSMMUG00000013702	143
ENSMMUG00000015912	0
ENSMMUG00000054794	1
ENSMMUG00000016815	5
ENSMMUG00000064679	0
ENSMMUG00000015558	3
ENSMMUG00000057461	0
ENSMMUG00000010410	0
ENSMMUG00000010363	0
ENSMMUG00000027027	0
ENSMMUG00000033345	0
ENSMMUG00000000970	0
ENSMMUG00000052739	0
ENSMMUG00000055986	0
ENSMMUG00000056048	0
ENSMMUG00000061925	0
ENSMMUG00000010266	26
ENSMMUG00000039205	0
ENSMMUG00000060270	0
ENSMMUG00000063526	0
ENSMMUG00000051222	0
ENSMMUG00000041551	0
ENSMMUG00000056513	0
ENSMMUG00000055136	0
ENSMMUG00000040017	0
ENSMMUG00000031124	0
ENSMMUG00000019409	0
ENSMMUG00000051511	0
ENSMMUG00000050116	0
ENSMMUG00000055191	0
ENSMMUG00000053084	0
ENSMMUG00000022223	0
ENSMMUG00000022222	10
ENSMMUG00000047978	17
ENSMMUG00000050871	0
ENSMMUG00000047492	0
ENSMMUG00000015390	1271
ENSMMUG00000053049	0
ENSMMUG00000015916	0
ENSMMUG00000062959	0
ENSMMUG00000056728	2
ENSMMUG00000018878	51
ENSMMUG00000059007	0
ENSMMUG00000015918	0
ENSMMUG00000011409	0
ENSMMUG00000015391	9
ENSMMUG00000058917	0
ENSMMUG00000011405	0
ENSMMUG00000063260	12
ENSMMUG00000058704	11
ENSMMUG00000061137	0
ENSMMUG00000012164	41
ENSMMUG00000012602	0
ENSMMUG00000031295	5
ENSMMUG00000044024	0
ENSMMUG00000053623	4
ENSMMUG00000018876	0
ENSMMUG00000016549	17
ENSMMUG00000000971	31
ENSMMUG00000043739	0
ENSMMUG00000059018	0
ENSMMUG00000007560	0
ENSMMUG00000012536	0
ENSMMUG00000050326	0
ENSMMUG00000055922	0
ENSMMUG00000058268	0
ENSMMUG00000062427	0
ENSMMUG00000046815	0
ENSMMUG00000023536	2
ENSMMUG00000020745	3
ENSMMUG00000031084	7
ENSMMUG00000002315	0
ENSMMUG00000020131	0
ENSMMUG00000023535	0
ENSMMUG00000059557	0
ENSMMUG00000047015	55
ENSMMUG00000055899	0
ENSMMUG00000058035	0
ENSMMUG00000016553	3
ENSMMUG00000022526	0
ENSMMUG00000063563	0
ENSMMUG00000056493	0
ENSMMUG00000009815	0
ENSMMUG00000050052	0
ENSMMUG00000051752	0
ENSMMUG00000053067	0
ENSMMUG00000048418	1
ENSMMUG00000016131	0
ENSMMUG00000054191	0
ENSMMUG00000006065	0
ENSMMUG00000052222	0
ENSMMUG00000061570	0
ENSMMUG00000050161	0
ENSMMUG00000050750	0
ENSMMUG00000063022	0
ENSMMUG00000061433	0
ENSMMUG00000060588	0
ENSMMUG00000050378	0
ENSMMUG00000022977	0
ENSMMUG00000016292	2
ENSMMUG00000006069	12
ENSMMUG00000052050	6
ENSMMUG00000002060	0
ENSMMUG00000023195	0
ENSMMUG00000006070	7
ENSMMUG00000061190	0
ENSMMUG00000044552	4
ENSMMUG00000014487	1
ENSMMUG00000051112	7
ENSMMUG00000036210	0
ENSMMUG00000019174	34
ENSMMUG00000016294	0
ENSMMUG00000002316	0
ENSMMUG00000017224	0
ENSMMUG00000049410	0
ENSMMUG00000039256	5
ENSMMUG00000017230	1
ENSMMUG00000061404	0
ENSMMUG00000055725	2
ENSMMUG00000018923	0
ENSMMUG00000058868	17
ENSMMUG00000064039	0
ENSMMUG00000055776	0
ENSMMUG00000052191	0
ENSMMUG00000057303	18
ENSMMUG00000038141	0
ENSMMUG00000039327	0
ENSMMUG00000054899	0
ENSMMUG00000019469	0
ENSMMUG00000018924	5
ENSMMUG00000008123	0
ENSMMUG00000000167	48
ENSMMUG00000031238	0
ENSMMUG00000018925	10
ENSMMUG00000050443	0
ENSMMUG00000050928	0
ENSMMUG00000062049	0
ENSMMUG00000040622	0
ENSMMUG00000055189	0
ENSMMUG00000052443	0
ENSMMUG00000058810	0
ENSMMUG00000052027	0
ENSMMUG00000020172	0
ENSMMUG00000058717	0
ENSMMUG00000006668	0
ENSMMUG00000016555	8
ENSMMUG00000031049	1
ENSMMUG00000021328	551
ENSMMUG00000005527	10
ENSMMUG00000062911	0
ENSMMUG00000020173	0
ENSMMUG00000018371	5
ENSMMUG00000000117	16
ENSMMUG00000063765	0
ENSMMUG00000061199	0
ENSMMUG00000012524	3
ENSMMUG00000007563	0
ENSMMUG00000006852	0
ENSMMUG00000058811	0
ENSMMUG00000013261	3
ENSMMUG00000006853	0
ENSMMUG00000018798	20
ENSMMUG00000013888	153
ENSMMUG00000013259	0
ENSMMUG00000050030	41
ENSMMUG00000045470	65
ENSMMUG00000054324	1
ENSMMUG00000052464	0
ENSMMUG00000051997	0
ENSMMUG00000032816	0
ENSMMUG00000059968	0
ENSMMUG00000064215	0
ENSMMUG00000003683	0
ENSMMUG00000023887	0
ENSMMUG00000013258	0
ENSMMUG00000053095	0
ENSMMUG00000000169	125
ENSMMUG00000000066	0
ENSMMUG00000063114	0
ENSMMUG00000063871	0
ENSMMUG00000054724	0
ENSMMUG00000049841	0
ENSMMUG00000017350	1
ENSMMUG00000064542	0
ENSMMUG00000052657	0
ENSMMUG00000061331	0
ENSMMUG00000018071	4
ENSMMUG00000024365	0
ENSMMUG00000059220	24
ENSMMUG00000061656	0
ENSMMUG00000032819	0
ENSMMUG00000054155	0
ENSMMUG00000064622	2
ENSMMUG00000018531	11
ENSMMUG00000026454	0
ENSMMUG00000045100	0
ENSMMUG00000039465	4
ENSMMUG00000051736	0
ENSMMUG00000013889	1
ENSMMUG00000020005	11
ENSMMUG00000056456	0
ENSMMUG00000044345	0
ENSMMUG00000004479	0
ENSMMUG00000025348	0
ENSMMUG00000063146	0
ENSMMUG00000061938	478
ENSMMUG00000031309	0
ENSMMUG00000010054	0
ENSMMUG00000017416	7
ENSMMUG00000002745	0
ENSMMUG00000062763	4
ENSMMUG00000020004	11
ENSMMUG00000000171	0
ENSMMUG00000010050	2
ENSMMUG00000003376	0
ENSMMUG00000060944	0
ENSMMUG00000049517	0
ENSMMUG00000061621	0
ENSMMUG00000051565	0
ENSMMUG00000061435	0
ENSMMUG00000007341	0
ENSMMUG00000051480	0
ENSMMUG00000003378	0
ENSMMUG00000062847	0
ENSMMUG00000061642	0
ENSMMUG00000032938	0
ENSMMUG00000065112	0
ENSMMUG00000015064	4
ENSMMUG00000033133	0
ENSMMUG00000019949	235
ENSMMUG00000031051	0
ENSMMUG00000018799	0
ENSMMUG00000061929	0
ENSMMUG00000052724	0
ENSMMUG00000018996	0
ENSMMUG00000050212	0
ENSMMUG00000052559	1
ENSMMUG00000051209	0
ENSMMUG00000053259	0
ENSMMUG00000020711	11
ENSMMUG00000043701	3
ENSMMUG00000018994	11
ENSMMUG00000020912	15
ENSMMUG00000024372	0
ENSMMUG00000052957	0
ENSMMUG00000063469	0
ENSMMUG00000020712	22
ENSMMUG00000016353	0
ENSMMUG00000035641	0
ENSMMUG00000057990	0
ENSMMUG00000039275	0
ENSMMUG00000050943	7
ENSMMUG00000011854	37
ENSMMUG00000057929	47
ENSMMUG00000007819	0
ENSMMUG00000003385	0
ENSMMUG00000039294	0
ENSMMUG00000004703	18
ENSMMUG00000042668	0
ENSMMUG00000042458	11
ENSMMUG00000021054	1
ENSMMUG00000061641	3015
ENSMMUG00000019956	16
ENSMMUG00000023541	6
ENSMMUG00000027011	1
ENSMMUG00000062308	1
ENSMMUG00000051560	3
ENSMMUG00000017150	88
ENSMMUG00000007709	0
ENSMMUG00000004305	1
ENSMMUG00000000118	0
ENSMMUG00000054965	0
ENSMMUG00000009984	0
ENSMMUG00000049349	0
ENSMMUG00000037559	0
ENSMMUG00000053622	0
ENSMMUG00000007221	16
ENSMMUG00000052922	0
ENSMMUG00000005623	7
ENSMMUG00000018474	13
ENSMMUG00000051988	0
ENSMMUG00000049331	14
ENSMMUG00000005624	0
ENSMMUG00000007317	0
ENSMMUG00000057292	0
ENSMMUG00000004232	0
ENSMMUG00000013383	3
ENSMMUG00000009097	0
ENSMMUG00000016923	0
ENSMMUG00000008979	0
ENSMMUG00000051763	0
ENSMMUG00000018922	22
ENSMMUG00000007708	27
ENSMMUG00000016924	0
ENSMMUG00000012657	0
ENSMMUG00000009098	10
ENSMMUG00000024318	0
ENSMMUG00000063982	19
ENSMMUG00000052335	0
ENSMMUG00000023543	0
ENSMMUG00000058520	0
ENSMMUG00000065262	0
ENSMMUG00000023548	0
ENSMMUG00000010114	0
ENSMMUG00000015446	0
ENSMMUG00000023550	1
ENSMMUG00000000918	0
ENSMMUG00000064963	0
ENSMMUG00000023551	0
ENSMMUG00000012897	0
ENSMMUG00000021492	23
ENSMMUG00000009101	69
ENSMMUG00000053762	0
ENSMMUG00000008084	24
ENSMMUG00000004148	2
ENSMMUG00000016927	0
ENSMMUG00000035295	0
ENSMMUG00000009106	0
ENSMMUG00000018921	0
ENSMMUG00000060811	0
ENSMMUG00000065008	0
ENSMMUG00000060022	0
ENSMMUG00000010769	0
ENSMMUG00000018093	9
ENSMMUG00000055263	0
ENSMMUG00000051910	0
ENSMMUG00000051129	0
ENSMMUG00000022079	6
ENSMMUG00000058128	148
ENSMMUG00000049477	3
ENSMMUG00000054656	0
ENSMMUG00000049392	0
ENSMMUG00000002321	0
ENSMMUG00000062541	0
ENSMMUG00000062225	0
ENSMMUG00000056774	0
ENSMMUG00000042381	0
ENSMMUG00000018473	4
ENSMMUG00000016698	3
ENSMMUG00000022077	110
ENSMMUG00000012011	0
ENSMMUG00000015710	1
ENSMMUG00000064947	0
ENSMMUG00000037684	10
ENSMMUG00000002020	0
ENSMMUG00000062664	0
ENSMMUG00000050690	0
ENSMMUG00000064449	0
ENSMMUG00000054559	0
ENSMMUG00000059376	0
ENSMMUG00000012880	0
ENSMMUG00000063926	0
ENSMMUG00000022070	1
ENSMMUG00000062936	0
ENSMMUG00000064070	0
ENSMMUG00000003870	0
ENSMMUG00000048074	0
ENSMMUG00000005252	0
ENSMMUG00000061976	0
ENSMMUG00000056534	18
ENSMMUG00000004552	0
ENSMMUG00000037340	0
ENSMMUG00000018095	184
ENSMMUG00000036518	0
ENSMMUG00000051582	0
ENSMMUG00000052102	0
ENSMMUG00000033633	4
ENSMMUG00000038796	0
ENSMMUG00000015993	3
ENSMMUG00000007117	17
ENSMMUG00000022076	0
ENSMMUG00000049580	0
ENSMMUG00000012878	0
ENSMMUG00000060666	0
ENSMMUG00000023053	5
ENSMMUG00000015994	22
ENSMMUG00000018846	0
ENSMMUG00000005769	0
ENSMMUG00000053799	6
ENSMMUG00000003764	6
ENSMMUG00000061326	0
ENSMMUG00000058842	0
ENSMMUG00000006483	0
ENSMMUG00000004556	0
ENSMMUG00000056046	0
ENSMMUG00000041982	0
ENSMMUG00000056010	0
ENSMMUG00000022283	0
ENSMMUG00000061171	3
ENSMMUG00000059824	0
ENSMMUG00000022590	0
ENSMMUG00000053407	0
ENSMMUG00000053222	0
ENSMMUG00000016306	0
ENSMMUG00000011112	3
ENSMMUG00000015996	40
ENSMMUG00000020992	13
ENSMMUG00000012113	0
ENSMMUG00000050197	0
ENSMMUG00000051352	0
ENSMMUG00000018165	3
ENSMMUG00000064689	0
ENSMMUG00000058503	22
ENSMMUG00000013035	0
ENSMMUG00000012912	3
ENSMMUG00000058436	0
ENSMMUG00000056186	4
ENSMMUG00000064904	0
ENSMMUG00000023919	0
ENSMMUG00000020950	18
ENSMMUG00000052012	4
ENSMMUG00000061398	0
ENSMMUG00000018159	0
ENSMMUG00000006061	0
ENSMMUG00000055391	0
ENSMMUG00000018358	8
ENSMMUG00000052241	0
ENSMMUG00000064099	0
ENSMMUG00000005905	26
ENSMMUG00000031128	0
ENSMMUG00000056236	0
ENSMMUG00000058970	0
ENSMMUG00000060035	0
ENSMMUG00000062129	0
ENSMMUG00000063826	0
ENSMMUG00000024508	11
ENSMMUG00000059329	5
ENSMMUG00000050280	0
ENSMMUG00000027232	0
ENSMMUG00000057302	0
ENSMMUG00000052326	0
ENSMMUG00000049576	0
ENSMMUG00000044161	0
ENSMMUG00000065138	0
ENSMMUG00000007121	7
ENSMMUG00000051667	0
ENSMMUG00000031253	5
ENSMMUG00000063409	0
ENSMMUG00000062074	24
ENSMMUG00000058093	0
ENSMMUG00000064422	0
ENSMMUG00000004711	1
ENSMMUG00000045825	16
ENSMMUG00000057323	0
ENSMMUG00000004146	0
ENSMMUG00000060906	0
ENSMMUG00000043345	3
ENSMMUG00000004709	1
ENSMMUG00000063562	1
ENSMMUG00000050715	0
ENSMMUG00000006059	0
ENSMMUG00000026013	3
ENSMMUG00000020949	62
ENSMMUG00000020082	7
ENSMMUG00000004143	14
ENSMMUG00000012020	62
ENSMMUG00000063752	8
ENSMMUG00000055449	22
ENSMMUG00000006058	0
ENSMMUG00000004139	0
ENSMMUG00000010715	3
ENSMMUG00000031223	0
ENSMMUG00000004740	17
ENSMMUG00000043406	0
ENSMMUG00000060961	0
ENSMMUG00000000270	13
ENSMMUG00000054691	2
ENSMMUG00000063041	0
ENSMMUG00000062246	0
ENSMMUG00000057131	3
ENSMMUG00000017467	0
ENSMMUG00000047879	0
ENSMMUG00000057931	0
ENSMMUG00000060385	39
ENSMMUG00000008728	0
ENSMMUG00000006732	49
ENSMMUG00000063404	25
ENSMMUG00000021670	0
ENSMMUG00000062825	0
ENSMMUG00000062279	0
ENSMMUG00000049433	0
ENSMMUG00000049339	0
ENSMMUG00000050235	0
ENSMMUG00000063887	0
ENSMMUG00000047391	0
ENSMMUG00000005904	1
ENSMMUG00000002229	17
ENSMMUG00000061217	0
ENSMMUG00000056701	0
ENSMMUG00000056387	0
ENSMMUG00000052104	0
ENSMMUG00000036012	0
ENSMMUG00000012029	274
ENSMMUG00000006728	5
ENSMMUG00000022721	0
ENSMMUG00000059405	3
ENSMMUG00000031224	1
ENSMMUG00000017931	0
ENSMMUG00000044359	0
ENSMMUG00000052044	0
ENSMMUG00000060416	0
ENSMMUG00000050353	0
ENSMMUG00000034538	0
ENSMMUG00000014860	0
ENSMMUG00000046102	0
ENSMMUG00000014453	0
ENSMMUG00000052312	6
ENSMMUG00000053880	0
ENSMMUG00000004251	0
ENSMMUG00000004461	17
ENSMMUG00000060071	0
ENSMMUG00000034623	0
ENSMMUG00000060219	0
ENSMMUG00000038165	0
ENSMMUG00000049658	0
ENSMMUG00000049809	0
ENSMMUG00000023140	0
ENSMMUG00000017300	0
ENSMMUG00000017932	0
ENSMMUG00000062719	0
ENSMMUG00000060981	0
ENSMMUG00000026836	0
ENSMMUG00000049694	0
ENSMMUG00000050901	0
ENSMMUG00000007090	0
ENSMMUG00000032883	1
ENSMMUG00000012601	11
ENSMMUG00000065069	1
ENSMMUG00000063747	0
ENSMMUG00000061113	0
ENSMMUG00000020458	1
ENSMMUG00000057576	0
ENSMMUG00000063470	0
ENSMMUG00000010198	3
ENSMMUG00000001813	0
ENSMMUG00000003633	0
ENSMMUG00000061755	0
ENSMMUG00000063936	0
ENSMMUG00000020859	0
ENSMMUG00000053508	0
ENSMMUG00000056122	0
ENSMMUG00000024114	0
ENSMMUG00000006726	47
ENSMMUG00000020858	0
ENSMMUG00000010194	0
ENSMMUG00000054042	0
ENSMMUG00000025523	0
ENSMMUG00000065032	0
ENSMMUG00000062228	0
ENSMMUG00000009953	4
ENSMMUG00000047046	10
ENSMMUG00000061481	4
ENSMMUG00000006720	0
ENSMMUG00000053772	0
ENSMMUG00000036571	0
ENSMMUG00000053412	0
ENSMMUG00000063520	38
ENSMMUG00000057191	0
ENSMMUG00000062730	0
ENSMMUG00000011479	0
ENSMMUG00000057208	0
ENSMMUG00000050305	0
ENSMMUG00000049928	29
ENSMMUG00000010028	0
ENSMMUG00000054746	0
ENSMMUG00000037294	0
ENSMMUG00000002397	25
ENSMMUG00000060780	0
ENSMMUG00000055085	0
ENSMMUG00000051087	2
ENSMMUG00000019474	0
ENSMMUG00000060164	0
ENSMMUG00000038447	0
ENSMMUG00000011476	0
ENSMMUG00000055945	0
ENSMMUG00000051047	0
ENSMMUG00000058172	0
ENSMMUG00000009716	8
ENSMMUG00000057808	0
ENSMMUG00000055696	0
ENSMMUG00000043281	0
ENSMMUG00000059374	0
ENSMMUG00000059370	0
ENSMMUG00000049778	7
ENSMMUG00000009201	3
ENSMMUG00000052446	0
ENSMMUG00000012600	0
ENSMMUG00000002982	0
ENSMMUG00000050288	0
ENSMMUG00000015072	33
ENSMMUG00000049922	484
ENSMMUG00000054533	0
ENSMMUG00000017940	1
ENSMMUG00000063464	5
ENSMMUG00000012599	2
ENSMMUG00000054400	0
ENSMMUG00000050510	0
ENSMMUG00000064658	8
ENSMMUG00000052210	0
ENSMMUG00000039757	0
ENSMMUG00000051923	0
ENSMMUG00000027696	0
ENSMMUG00000056918	68
ENSMMUG00000020993	23
ENSMMUG00000024799	0
ENSMMUG00000000227	171
ENSMMUG00000010678	0
ENSMMUG00000033312	0
ENSMMUG00000052616	0
ENSMMUG00000058422	0
ENSMMUG00000053793	36
ENSMMUG00000056044	0
ENSMMUG00000038935	3
ENSMMUG00000063622	1
ENSMMUG00000017286	0
ENSMMUG00000002656	21
ENSMMUG00000021047	0
ENSMMUG00000001108	0
ENSMMUG00000032814	0
ENSMMUG00000023951	0
ENSMMUG00000051977	0
ENSMMUG00000054172	0
ENSMMUG00000053255	0
ENSMMUG00000005890	0
ENSMMUG00000060859	0
ENSMMUG00000016037	0
ENSMMUG00000005878	41
ENSMMUG00000060399	9
ENSMMUG00000051507	0
ENSMMUG00000009199	99
ENSMMUG00000050962	0
ENSMMUG00000013787	7
ENSMMUG00000063383	0
ENSMMUG00000013626	0
ENSMMUG00000000807	74
ENSMMUG00000013786	0
ENSMMUG00000008136	0
ENSMMUG00000057718	6
ENSMMUG00000043578	0
ENSMMUG00000002654	4
ENSMMUG00000058768	0
ENSMMUG00000000229	3
ENSMMUG00000021727	21
ENSMMUG00000017962	518
ENSMMUG00000057216	0
ENSMMUG00000059122	0
ENSMMUG00000014632	0
ENSMMUG00000016262	2
ENSMMUG00000014626	0
ENSMMUG00000013060	10
ENSMMUG00000052911	12
ENSMMUG00000061726	3
ENSMMUG00000013061	9
ENSMMUG00000010032	0
ENSMMUG00000060623	0
ENSMMUG00000058538	2
ENSMMUG00000040184	0
ENSMMUG00000035944	0
ENSMMUG00000013062	5
ENSMMUG00000060518	0
ENSMMUG00000023875	0
ENSMMUG00000057320	0
ENSMMUG00000053545	0
ENSMMUG00000000005	20
ENSMMUG00000006742	0
ENSMMUG00000060132	0
ENSMMUG00000062891	6
ENSMMUG00000016258	0
ENSMMUG00000024668	0
ENSMMUG00000052572	7
ENSMMUG00000052959	0
ENSMMUG00000031011	0
ENSMMUG00000058095	0
ENSMMUG00000006738	0
ENSMMUG00000060825	0
ENSMMUG00000024468	0
ENSMMUG00000062071	0
ENSMMUG00000015139	1
ENSMMUG00000057487	0
ENSMMUG00000052227	0
ENSMMUG00000063516	0
ENSMMUG00000026551	0
ENSMMUG00000028485	0
ENSMMUG00000063306	1
ENSMMUG00000020597	3
ENSMMUG00000055424	0
ENSMMUG00000033257	0
ENSMMUG00000055802	0
ENSMMUG00000027003	0
ENSMMUG00000057898	0
ENSMMUG00000061969	84
ENSMMUG00000018206	31
ENSMMUG00000063227	0
ENSMMUG00000062332	2
ENSMMUG00000053429	3
ENSMMUG00000000180	0
ENSMMUG00000018208	0
ENSMMUG00000007925	0
ENSMMUG00000061222	117
ENSMMUG00000018210	0
ENSMMUG00000008955	0
ENSMMUG00000010403	0
ENSMMUG00000000396	0
ENSMMUG00000064409	0
ENSMMUG00000064392	30
ENSMMUG00000003360	1
ENSMMUG00000055052	0
ENSMMUG00000062247	0
ENSMMUG00000059118	0
ENSMMUG00000052011	2
ENSMMUG00000015101	0
ENSMMUG00000002424	0
ENSMMUG00000003357	14
ENSMMUG00000037750	0
ENSMMUG00000061105	0
ENSMMUG00000058141	0
ENSMMUG00000023007	0
ENSMMUG00000064123	26
ENSMMUG00000005757	24
ENSMMUG00000057979	0
ENSMMUG00000031274	0
ENSMMUG00000049757	0
ENSMMUG00000049391	0
ENSMMUG00000061058	0
ENSMMUG00000064546	0
ENSMMUG00000015852	0
ENSMMUG00000023004	21
ENSMMUG00000005204	3
ENSMMUG00000058754	0
ENSMMUG00000007335	24
ENSMMUG00000039561	0
ENSMMUG00000019635	3
ENSMMUG00000011531	0
ENSMMUG00000063305	3
ENSMMUG00000063600	24
ENSMMUG00000052215	0
ENSMMUG00000056552	0
ENSMMUG00000031012	0
ENSMMUG00000018137	0
ENSMMUG00000044283	0
ENSMMUG00000045479	0
ENSMMUG00000020746	0
ENSMMUG00000061376	0
ENSMMUG00000033825	0
ENSMMUG00000007290	0
ENSMMUG00000063001	0
ENSMMUG00000042546	0
ENSMMUG00000057469	3
ENSMMUG00000001856	8
ENSMMUG00000031325	0
ENSMMUG00000058807	0
ENSMMUG00000027337	0
ENSMMUG00000064200	0
ENSMMUG00000002810	0
ENSMMUG00000023003	1
ENSMMUG00000002182	49
ENSMMUG00000057572	5
ENSMMUG00000050219	1
ENSMMUG00000005980	4
ENSMMUG00000040744	0
ENSMMUG00000001853	0
ENSMMUG00000022865	0
ENSMMUG00000002838	11
ENSMMUG00000005200	63
ENSMMUG00000021900	0
ENSMMUG00000062477	18
ENSMMUG00000002181	126
ENSMMUG00000063772	0
ENSMMUG00000009331	0
ENSMMUG00000004131	7
ENSMMUG00000021332	0
ENSMMUG00000001454	67
ENSMMUG00000020994	0
ENSMMUG00000002288	0
ENSMMUG00000064862	0
ENSMMUG00000021331	0
ENSMMUG00000054772	0
ENSMMUG00000046729	1
ENSMMUG00000004132	1
ENSMMUG00000043974	73
ENSMMUG00000001459	33
ENSMMUG00000062535	0
ENSMMUG00000047396	0
ENSMMUG00000064910	0
ENSMMUG00000054345	0
ENSMMUG00000065330	17
ENSMMUG00000001580	0
ENSMMUG00000044782	4
ENSMMUG00000009414	0
ENSMMUG00000020999	0
ENSMMUG00000002554	0
ENSMMUG00000005221	3
ENSMMUG00000010673	1
ENSMMUG00000052590	84
ENSMMUG00000038635	0
ENSMMUG00000055500	0
ENSMMUG00000058699	0
ENSMMUG00000000264	12
ENSMMUG00000059964	0
ENSMMUG00000005219	3
ENSMMUG00000031000	0
ENSMMUG00000058874	0
ENSMMUG00000065099	158
ENSMMUG00000000263	21
ENSMMUG00000065248	6
ENSMMUG00000031035	33
ENSMMUG00000049665	0
ENSMMUG00000062504	0
ENSMMUG00000051681	0
ENSMMUG00000064395	1
ENSMMUG00000061591	130
ENSMMUG00000014166	23
ENSMMUG00000019099	6
ENSMMUG00000000262	0
ENSMMUG00000061626	0
ENSMMUG00000053133	0
ENSMMUG00000013911	50
ENSMMUG00000049966	0
ENSMMUG00000051873	0
ENSMMUG00000051567	0
ENSMMUG00000014203	0
ENSMMUG00000014165	77
ENSMMUG00000064275	9
ENSMMUG00000007344	16
ENSMMUG00000008516	2
ENSMMUG00000058064	101
ENSMMUG00000014164	8
ENSMMUG00000023456	0
ENSMMUG00000020959	32
ENSMMUG00000061539	5
ENSMMUG00000015448	0
ENSMMUG00000020960	8
ENSMMUG00000020669	0
ENSMMUG00000000893	4
ENSMMUG00000056067	0
ENSMMUG00000018337	0
ENSMMUG00000064670	0
ENSMMUG00000051040	0
ENSMMUG00000036393	0
ENSMMUG00000010951	0
ENSMMUG00000053030	861
ENSMMUG00000031284	100
ENSMMUG00000020671	0
ENSMMUG00000049732	20
ENSMMUG00000060989	0
ENSMMUG00000036412	0
ENSMMUG00000010633	7
ENSMMUG00000060994	29
ENSMMUG00000026009	0
ENSMMUG00000023859	2
ENSMMUG00000009306	0
ENSMMUG00000009307	0
ENSMMUG00000020676	0
ENSMMUG00000034599	0
ENSMMUG00000040029	19
ENSMMUG00000034258	0
ENSMMUG00000058288	0
ENSMMUG00000047625	25
ENSMMUG00000004067	1
ENSMMUG00000059440	0
ENSMMUG00000042013	0
ENSMMUG00000008928	0
ENSMMUG00000008925	0
ENSMMUG00000062078	0
ENSMMUG00000065106	0
ENSMMUG00000008470	0
ENSMMUG00000012719	0
ENSMMUG00000050166	0
ENSMMUG00000062907	0
ENSMMUG00000047340	0
ENSMMUG00000060877	4
ENSMMUG00000016523	0
ENSMMUG00000021790	0
ENSMMUG00000055387	0
ENSMMUG00000050396	0
ENSMMUG00000038243	0
ENSMMUG00000051386	3
ENSMMUG00000016530	0
ENSMMUG00000060162	0
ENSMMUG00000053191	0
ENSMMUG00000009528	0
ENSMMUG00000049501	2
ENSMMUG00000011360	0
ENSMMUG00000054875	0
ENSMMUG00000018720	0
ENSMMUG00000007379	0
ENSMMUG00000053708	0
ENSMMUG00000016401	0
ENSMMUG00000016404	30
ENSMMUG00000059854	0
ENSMMUG00000032676	0
ENSMMUG00000013037	0
ENSMMUG00000002657	0
ENSMMUG00000053785	0
ENSMMUG00000062117	0
ENSMMUG00000040339	0
ENSMMUG00000046683	0
ENSMMUG00000049045	0
ENSMMUG00000024685	0
ENSMMUG00000056301	0
ENSMMUG00000053637	0
ENSMMUG00000050020	0
ENSMMUG00000058303	0
ENSMMUG00000051841	0
ENSMMUG00000015212	0
ENSMMUG00000064744	0
ENSMMUG00000000049	0
ENSMMUG00000022272	0
ENSMMUG00000005131	0
ENSMMUG00000037651	0
ENSMMUG00000062133	0
ENSMMUG00000058893	0
ENSMMUG00000059837	0
ENSMMUG00000039230	0
ENSMMUG00000052128	0
ENSMMUG00000024531	0
ENSMMUG00000062938	0
ENSMMUG00000050669	0
ENSMMUG00000030683	0
ENSMMUG00000011697	0
ENSMMUG00000055185	0
ENSMMUG00000054625	0
ENSMMUG00000059977	0
ENSMMUG00000054718	0
ENSMMUG00000007529	0
ENSMMUG00000051533	0
ENSMMUG00000053914	0
ENSMMUG00000060320	0
ENSMMUG00000049796	0
ENSMMUG00000059152	0
ENSMMUG00000062636	0
ENSMMUG00000018292	1
ENSMMUG00000009018	0
ENSMMUG00000053209	0
ENSMMUG00000054524	0
ENSMMUG00000035727	0
ENSMMUG00000060857	0
ENSMMUG00000058711	0
ENSMMUG00000050001	0
ENSMMUG00000062358	0
ENSMMUG00000059834	0
ENSMMUG00000059992	0
ENSMMUG00000050190	0
ENSMMUG00000036363	0
ENSMMUG00000059546	0
ENSMMUG00000057061	0
ENSMMUG00000016317	0
ENSMMUG00000059045	0
ENSMMUG00000063107	0
ENSMMUG00000057225	0
ENSMMUG00000007070	0
ENSMMUG00000062657	0
ENSMMUG00000048609	0
ENSMMUG00000013625	4
ENSMMUG00000050428	0
ENSMMUG00000052735	0
ENSMMUG00000016475	317
ENSMMUG00000050594	114
ENSMMUG00000063119	0
ENSMMUG00000049677	0
ENSMMUG00000054529	0
ENSMMUG00000063061	94
ENSMMUG00000048566	1
ENSMMUG00000064141	0
ENSMMUG00000064468	0
ENSMMUG00000049825	5
ENSMMUG00000055685	0
ENSMMUG00000053440	0
ENSMMUG00000025358	0
ENSMMUG00000058055	0
ENSMMUG00000007373	17
ENSMMUG00000011308	0
ENSMMUG00000062188	0
ENSMMUG00000051313	4
ENSMMUG00000052196	0
ENSMMUG00000044916	0
ENSMMUG00000003753	8
ENSMMUG00000056464	2
ENSMMUG00000057792	5
ENSMMUG00000058684	0
ENSMMUG00000002854	0
ENSMMUG00000064076	0
ENSMMUG00000058054	0
ENSMMUG00000053201	0
ENSMMUG00000064538	0
ENSMMUG00000011252	0
ENSMMUG00000063137	0
ENSMMUG00000050436	0
ENSMMUG00000017988	1
ENSMMUG00000054998	0
ENSMMUG00000055057	0
ENSMMUG00000060716	0
ENSMMUG00000051871	0
ENSMMUG00000059851	0
ENSMMUG00000016609	0
ENSMMUG00000007888	22
ENSMMUG00000064688	0
ENSMMUG00000051764	0
ENSMMUG00000045859	0
ENSMMUG00000050040	7
ENSMMUG00000000345	0
ENSMMUG00000016612	0
ENSMMUG00000022280	0
ENSMMUG00000055864	0
ENSMMUG00000054319	68
ENSMMUG00000040027	0
ENSMMUG00000007891	14
ENSMMUG00000050340	0
ENSMMUG00000051250	0
ENSMMUG00000062575	0
ENSMMUG00000052642	0
ENSMMUG00000058451	0
ENSMMUG00000050217	2
ENSMMUG00000024190	0
ENSMMUG00000012636	15
ENSMMUG00000022744	23
ENSMMUG00000009912	0
ENSMMUG00000049780	0
ENSMMUG00000065210	0
ENSMMUG00000001036	0
ENSMMUG00000050127	0
ENSMMUG00000049075	0
ENSMMUG00000054186	0
ENSMMUG00000037428	0
ENSMMUG00000022979	183
ENSMMUG00000000350	5
ENSMMUG00000003771	0
ENSMMUG00000008520	0
ENSMMUG00000051235	0
ENSMMUG00000062382	0
ENSMMUG00000062318	3
ENSMMUG00000001038	19
ENSMMUG00000064356	0
ENSMMUG00000004485	0
ENSMMUG00000061420	0
ENSMMUG00000056962	1
ENSMMUG00000058408	0
ENSMMUG00000049362	0
ENSMMUG00000062882	0
ENSMMUG00000054254	0
ENSMMUG00000055700	0
ENSMMUG00000055365	0
ENSMMUG00000047075	0
ENSMMUG00000059858	0
ENSMMUG00000061779	0
ENSMMUG00000056656	0
ENSMMUG00000057596	0
ENSMMUG00000013531	1
ENSMMUG00000028480	0
ENSMMUG00000026686	0
ENSMMUG00000050015	0
ENSMMUG00000001291	1
ENSMMUG00000037790	16
ENSMMUG00000004922	0
ENSMMUG00000050999	0
ENSMMUG00000017688	17
ENSMMUG00000009890	357
ENSMMUG00000001039	59
ENSMMUG00000018409	0
ENSMMUG00000034635	0
ENSMMUG00000022282	4
ENSMMUG00000040520	0
ENSMMUG00000062341	0
ENSMMUG00000001292	1
ENSMMUG00000044896	0
ENSMMUG00000013900	0
ENSMMUG00000001041	0
ENSMMUG00000011986	0
ENSMMUG00000014841	0
ENSMMUG00000055269	0
ENSMMUG00000036308	0
ENSMMUG00000037921	0
ENSMMUG00000041756	0
ENSMMUG00000049834	0
ENSMMUG00000000353	0
ENSMMUG00000050857	0
ENSMMUG00000008940	0
ENSMMUG00000053838	0
ENSMMUG00000007664	0
ENSMMUG00000058466	0
ENSMMUG00000017025	16
ENSMMUG00000063377	0
ENSMMUG00000046615	0
ENSMMUG00000063973	0
ENSMMUG00000004486	5
ENSMMUG00000049397	0
ENSMMUG00000062735	16
ENSMMUG00000055774	0
ENSMMUG00000060590	191
ENSMMUG00000059939	18
ENSMMUG00000064408	0
ENSMMUG00000004237	2
ENSMMUG00000063876	0
ENSMMUG00000054008	0
ENSMMUG00000027955	0
ENSMMUG00000060359	0
ENSMMUG00000023756	114
ENSMMUG00000060475	0
ENSMMUG00000049503	0
ENSMMUG00000064790	0
ENSMMUG00000040792	0
ENSMMUG00000057814	0
ENSMMUG00000054368	0
ENSMMUG00000037206	0
ENSMMUG00000055628	0
ENSMMUG00000019297	5
ENSMMUG00000009173	3
ENSMMUG00000056595	0
ENSMMUG00000057852	0
ENSMMUG00000051821	0
ENSMMUG00000005055	0
ENSMMUG00000057725	0
ENSMMUG00000052770	0
ENSMMUG00000053245	0
ENSMMUG00000064467	0
ENSMMUG00000049533	0
ENSMMUG00000007597	0
ENSMMUG00000025305	0
ENSMMUG00000006942	0
ENSMMUG00000059052	0
ENSMMUG00000061912	0
ENSMMUG00000052174	0
ENSMMUG00000049528	0
ENSMMUG00000043004	0
ENSMMUG00000058677	0
ENSMMUG00000049441	0
ENSMMUG00000009892	0
ENSMMUG00000001402	0
ENSMMUG00000009790	20
ENSMMUG00000013234	6
ENSMMUG00000051102	8
ENSMMUG00000017033	3
ENSMMUG00000060819	0
ENSMMUG00000058994	0
ENSMMUG00000050593	0
ENSMMUG00000057481	0
ENSMMUG00000005572	5
ENSMMUG00000058397	0
ENSMMUG00000050226	0
ENSMMUG00000065195	0
ENSMMUG00000021425	0
ENSMMUG00000050847	0
ENSMMUG00000054314	0
ENSMMUG00000061886	0
ENSMMUG00000030627	0
ENSMMUG00000049741	0
ENSMMUG00000053993	8
ENSMMUG00000026595	0
ENSMMUG00000045035	0
ENSMMUG00000026970	0
ENSMMUG00000026887	0
ENSMMUG00000054994	0
ENSMMUG00000009791	71
ENSMMUG00000059803	0
ENSMMUG00000026846	0
ENSMMUG00000064791	0
ENSMMUG00000013346	0
ENSMMUG00000019831	0
ENSMMUG00000027060	0
ENSMMUG00000057851	0
ENSMMUG00000008874	2
ENSMMUG00000048368	0
ENSMMUG00000058755	2
ENSMMUG00000018657	2
ENSMMUG00000042902	0
ENSMMUG00000019461	2
ENSMMUG00000016740	1
ENSMMUG00000008039	0
ENSMMUG00000033223	0
ENSMMUG00000026639	0
ENSMMUG00000049650	0
ENSMMUG00000008040	0
ENSMMUG00000062314	4
ENSMMUG00000054665	0
ENSMMUG00000051317	0
ENSMMUG00000053448	0
ENSMMUG00000035691	0
ENSMMUG00000043730	0
ENSMMUG00000026501	0
ENSMMUG00000061970	0
ENSMMUG00000009029	70
ENSMMUG00000055317	0
ENSMMUG00000052676	0
ENSMMUG00000022610	7
ENSMMUG00000013707	5
ENSMMUG00000050501	14
ENSMMUG00000058676	0
ENSMMUG00000027658	0
ENSMMUG00000063566	35
ENSMMUG00000054803	0
ENSMMUG00000009030	167
ENSMMUG00000064127	171
ENSMMUG00000052690	17
ENSMMUG00000030780	4
ENSMMUG00000056827	11
ENSMMUG00000055924	3
ENSMMUG00000055156	13
ENSMMUG00000052756	0
ENSMMUG00000035561	0
ENSMMUG00000025901	0
ENSMMUG00000021231	0
ENSMMUG00000059867	7
ENSMMUG00000062551	0
ENSMMUG00000053910	0
ENSMMUG00000053811	0
ENSMMUG00000058608	0
ENSMMUG00000001899	0
ENSMMUG00000054545	26
ENSMMUG00000013470	0
ENSMMUG00000058786	0
ENSMMUG00000038504	0
ENSMMUG00000009860	2
ENSMMUG00000064494	0
ENSMMUG00000024011	0
ENSMMUG00000016791	0
ENSMMUG00000040562	2
ENSMMUG00000062389	0
ENSMMUG00000060668	310
ENSMMUG00000013472	5
ENSMMUG00000009862	42
ENSMMUG00000053285	1
ENSMMUG00000020386	0
ENSMMUG00000024429	0
ENSMMUG00000057776	0
ENSMMUG00000045155	0
ENSMMUG00000013473	2
ENSMMUG00000039150	0
ENSMMUG00000061678	0
ENSMMUG00000052425	0
ENSMMUG00000004507	0
ENSMMUG00000063249	2
ENSMMUG00000007880	7
ENSMMUG00000059863	0
ENSMMUG00000064615	0
ENSMMUG00000052049	0
ENSMMUG00000034854	0
ENSMMUG00000052070	0
ENSMMUG00000016293	0
ENSMMUG00000016138	0
ENSMMUG00000006945	0
ENSMMUG00000007881	0
ENSMMUG00000016139	0
ENSMMUG00000050653	5
ENSMMUG00000022608	0
ENSMMUG00000007423	4
ENSMMUG00000004209	8
ENSMMUG00000038337	2
ENSMMUG00000022522	2
ENSMMUG00000053497	0
ENSMMUG00000013780	0
ENSMMUG00000057755	8
ENSMMUG00000004799	3
ENSMMUG00000013713	0
ENSMMUG00000017978	11
ENSMMUG00000013476	71
ENSMMUG00000004210	0
ENSMMUG00000054224	0
ENSMMUG00000063358	0
ENSMMUG00000061026	3
ENSMMUG00000060508	0
ENSMMUG00000011590	0
ENSMMUG00000061209	1
ENSMMUG00000040514	0
ENSMMUG00000065094	0
ENSMMUG00000024959	0
ENSMMUG00000059778	0
ENSMMUG00000012663	38
ENSMMUG00000007427	0
ENSMMUG00000048168	0
ENSMMUG00000007539	0
ENSMMUG00000007169	0
ENSMMUG00000051409	0
ENSMMUG00000049878	0
ENSMMUG00000051400	0
ENSMMUG00000050639	2
ENSMMUG00000055861	0
ENSMMUG00000060579	0
ENSMMUG00000001172	0
ENSMMUG00000027513	0
ENSMMUG00000059600	0
ENSMMUG00000063646	0
ENSMMUG00000014610	0
ENSMMUG00000056858	0
ENSMMUG00000055644	14
ENSMMUG00000021029	0
ENSMMUG00000021538	0
ENSMMUG00000011376	0
ENSMMUG00000007428	0
ENSMMUG00000049340	0
ENSMMUG00000053214	0
ENSMMUG00000012666	29
ENSMMUG00000001176	1
ENSMMUG00000011766	4
ENSMMUG00000014611	0
ENSMMUG00000020571	3
ENSMMUG00000054269	1
ENSMMUG00000036954	0
ENSMMUG00000003898	9
ENSMMUG00000062690	0
ENSMMUG00000059084	0
ENSMMUG00000062988	0
ENSMMUG00000050206	0
ENSMMUG00000020572	3
ENSMMUG00000062954	0
ENSMMUG00000054800	0
ENSMMUG00000000784	7
ENSMMUG00000000787	4
ENSMMUG00000007434	27
ENSMMUG00000001178	0
ENSMMUG00000022818	1
ENSMMUG00000064401	0
ENSMMUG00000018929	0
ENSMMUG00000064828	0
ENSMMUG00000000529	0
ENSMMUG00000057607	0
ENSMMUG00000021817	0
ENSMMUG00000063587	0
ENSMMUG00000009913	0
ENSMMUG00000058531	2
ENSMMUG00000057406	54
ENSMMUG00000054711	0
ENSMMUG00000063723	14
ENSMMUG00000009914	12
ENSMMUG00000013063	0
ENSMMUG00000063649	0
ENSMMUG00000030801	0
ENSMMUG00000051845	0
ENSMMUG00000020835	0
ENSMMUG00000002533	0
ENSMMUG00000065051	0
ENSMMUG00000053890	0
ENSMMUG00000058998	0
ENSMMUG00000027429	0
ENSMMUG00000051518	0
ENSMMUG00000057493	0
ENSMMUG00000020837	0
ENSMMUG00000056311	0
ENSMMUG00000013059	0
ENSMMUG00000050240	48
ENSMMUG00000053410	0
ENSMMUG00000056947	0
ENSMMUG00000059303	4
ENSMMUG00000003585	0
ENSMMUG00000011593	0
ENSMMUG00000013721	1
ENSMMUG00000053482	0
ENSMMUG00000018419	20
ENSMMUG00000013138	10
ENSMMUG00000055127	0
ENSMMUG00000046362	0
ENSMMUG00000026407	0
ENSMMUG00000060406	0
ENSMMUG00000054657	0
ENSMMUG00000057921	0
ENSMMUG00000054912	0
ENSMMUG00000036262	0
ENSMMUG00000008658	0
ENSMMUG00000054228	0
ENSMMUG00000009579	0
ENSMMUG00000007192	7
ENSMMUG00000030700	0
ENSMMUG00000028204	0
ENSMMUG00000021807	0
ENSMMUG00000040627	0
ENSMMUG00000007439	0
ENSMMUG00000057281	0
ENSMMUG00000048209	0
ENSMMUG00000056256	0
ENSMMUG00000005620	0
ENSMMUG00000003588	25
ENSMMUG00000011594	2
ENSMMUG00000010898	71
ENSMMUG00000056958	0
ENSMMUG00000010899	64
ENSMMUG00000057044	0
ENSMMUG00000026978	0
ENSMMUG00000052103	0
ENSMMUG00000008661	0
ENSMMUG00000027073	0
ENSMMUG00000059037	0
ENSMMUG00000057079	0
ENSMMUG00000003590	5
ENSMMUG00000055718	150
ENSMMUG00000025682	0
ENSMMUG00000056434	0
ENSMMUG00000062953	0
ENSMMUG00000018420	2
ENSMMUG00000037305	0
ENSMMUG00000054659	0
ENSMMUG00000050438	0
ENSMMUG00000058884	0
ENSMMUG00000027881	0
ENSMMUG00000052173	0
ENSMMUG00000043888	0
ENSMMUG00000064642	0
ENSMMUG00000061783	0
ENSMMUG00000026252	0
ENSMMUG00000021744	0
ENSMMUG00000019967	0
ENSMMUG00000059178	7
ENSMMUG00000054675	0
ENSMMUG00000065060	0
ENSMMUG00000021746	0
ENSMMUG00000007449	0
ENSMMUG00000019097	2
ENSMMUG00000052353	0
ENSMMUG00000028060	1
ENSMMUG00000061056	0
ENSMMUG00000023599	0
ENSMMUG00000059408	0
ENSMMUG00000064524	0
ENSMMUG00000060477	0
ENSMMUG00000064811	0
ENSMMUG00000061524	0
ENSMMUG00000028238	0
ENSMMUG00000038997	3
ENSMMUG00000058366	0
ENSMMUG00000021197	0
ENSMMUG00000050470	0
ENSMMUG00000059350	1
ENSMMUG00000054118	0
ENSMMUG00000056287	0
ENSMMUG00000007197	7
ENSMMUG00000057127	0
ENSMMUG00000056306	0
ENSMMUG00000001480	6
ENSMMUG00000063536	0
ENSMMUG00000063835	0
ENSMMUG00000054240	3
ENSMMUG00000005012	0
ENSMMUG00000062099	0
ENSMMUG00000055953	0
ENSMMUG00000065121	0
ENSMMUG00000056946	0
ENSMMUG00000054221	0
ENSMMUG00000009721	0
ENSMMUG00000059002	0
ENSMMUG00000056253	0
ENSMMUG00000050969	1
ENSMMUG00000012307	0
ENSMMUG00000063903	0
ENSMMUG00000007198	0
ENSMMUG00000032890	0
ENSMMUG00000013190	530
ENSMMUG00000051085	0
ENSMMUG00000039047	10
ENSMMUG00000056576	0
ENSMMUG00000021199	0
ENSMMUG00000056759	0
ENSMMUG00000055246	0
ENSMMUG00000060910	0
ENSMMUG00000051119	0
ENSMMUG00000013191	2
ENSMMUG00000005839	0
ENSMMUG00000013615	0
ENSMMUG00000003560	1
ENSMMUG00000052681	0
ENSMMUG00000013617	2
ENSMMUG00000033007	0
ENSMMUG00000007200	0
ENSMMUG00000059409	0
ENSMMUG00000001311	0
ENSMMUG00000001312	0
ENSMMUG00000049600	0
ENSMMUG00000055811	0
ENSMMUG00000056205	0
ENSMMUG00000009421	88
ENSMMUG00000016560	0
ENSMMUG00000007201	0
ENSMMUG00000045840	0
ENSMMUG00000038826	0
ENSMMUG00000024638	52
ENSMMUG00000048138	8
ENSMMUG00000009420	14
ENSMMUG00000062619	5
ENSMMUG00000004543	0
ENSMMUG00000042628	0
ENSMMUG00000055667	0
ENSMMUG00000053847	2
ENSMMUG00000059225	2
ENSMMUG00000016520	0
ENSMMUG00000010416	5
ENSMMUG00000012332	1
ENSMMUG00000030786	0
ENSMMUG00000016517	2
ENSMMUG00000036552	0
ENSMMUG00000060781	466
ENSMMUG00000062570	0
ENSMMUG00000012338	157
ENSMMUG00000058145	0
ENSMMUG00000019556	0
ENSMMUG00000039821	0
ENSMMUG00000002702	0
ENSMMUG00000019006	0
ENSMMUG00000027837	0
ENSMMUG00000050071	1
ENSMMUG00000040500	0
ENSMMUG00000026546	2
ENSMMUG00000057133	0
ENSMMUG00000003558	1
ENSMMUG00000036271	0
ENSMMUG00000064318	0
ENSMMUG00000024072	1
ENSMMUG00000013371	0
ENSMMUG00000054654	4
ENSMMUG00000061339	0
ENSMMUG00000005842	2
ENSMMUG00000002113	5
ENSMMUG00000014821	0
ENSMMUG00000063961	0
ENSMMUG00000014822	0
ENSMMUG00000004493	59
ENSMMUG00000057201	0
ENSMMUG00000046375	0
ENSMMUG00000061846	0
ENSMMUG00000059231	0
ENSMMUG00000051187	0
ENSMMUG00000056466	0
ENSMMUG00000060210	9
ENSMMUG00000002107	0
ENSMMUG00000060734	30
ENSMMUG00000053055	0
ENSMMUG00000053142	41
ENSMMUG00000043964	2
ENSMMUG00000002109	0
ENSMMUG00000060583	3
ENSMMUG00000055578	0
ENSMMUG00000055161	0
ENSMMUG00000055076	0
ENSMMUG00000062428	5
ENSMMUG00000050578	0
ENSMMUG00000021458	11
ENSMMUG00000065263	3
ENSMMUG00000061728	0
ENSMMUG00000004494	49
ENSMMUG00000000481	0
ENSMMUG00000023076	0
ENSMMUG00000056029	0
ENSMMUG00000062740	0
ENSMMUG00000064411	0
ENSMMUG00000015856	0
ENSMMUG00000013370	0
ENSMMUG00000021459	17
ENSMMUG00000005847	0
ENSMMUG00000041159	0
ENSMMUG00000050273	0
ENSMMUG00000002873	0
ENSMMUG00000055887	43
ENSMMUG00000002875	0
ENSMMUG00000023083	3
ENSMMUG00000053701	0
ENSMMUG00000024662	0
ENSMMUG00000058223	0
ENSMMUG00000060688	0
ENSMMUG00000007247	1
ENSMMUG00000025050	22
ENSMMUG00000051911	0
ENSMMUG00000054971	0
ENSMMUG00000058110	0
ENSMMUG00000017048	0
ENSMMUG00000063615	2
ENSMMUG00000061960	0
ENSMMUG00000017876	0
ENSMMUG00000017052	0
ENSMMUG00000014925	108
ENSMMUG00000014926	2
ENSMMUG00000004560	2
ENSMMUG00000064090	0
ENSMMUG00000056651	0
ENSMMUG00000051269	0
ENSMMUG00000052269	0
ENSMMUG00000003371	0
ENSMMUG00000055203	48
ENSMMUG00000037043	3
ENSMMUG00000002330	3
ENSMMUG00000055592	0
ENSMMUG00000060747	0
ENSMMUG00000061727	19
ENSMMUG00000021460	23
ENSMMUG00000049768	0
ENSMMUG00000030685	0
ENSMMUG00000064270	0
ENSMMUG00000000048	0
ENSMMUG00000025642	0
ENSMMUG00000039479	0
ENSMMUG00000013367	0
ENSMMUG00000056835	1
ENSMMUG00000053503	0
ENSMMUG00000023295	0
ENSMMUG00000010522	0
ENSMMUG00000058859	0
ENSMMUG00000052705	0
ENSMMUG00000030812	1
ENSMMUG00000056489	0
ENSMMUG00000060976	0
ENSMMUG00000001920	0
ENSMMUG00000020262	0
ENSMMUG00000041171	0
ENSMMUG00000020261	183
ENSMMUG00000057724	0
ENSMMUG00000058525	0
ENSMMUG00000023316	34
ENSMMUG00000063397	0
ENSMMUG00000062416	3
ENSMMUG00000016268	0
ENSMMUG00000053904	0
ENSMMUG00000034787	0
ENSMMUG00000001347	0
ENSMMUG00000004896	16
ENSMMUG00000055158	0
ENSMMUG00000021176	0
ENSMMUG00000030296	3
ENSMMUG00000019667	4
ENSMMUG00000033948	0
ENSMMUG00000021177	0
ENSMMUG00000001348	143
ENSMMUG00000002523	42
ENSMMUG00000040495	0
ENSMMUG00000050742	3
ENSMMUG00000003247	0
ENSMMUG00000057447	83
ENSMMUG00000035496	7
ENSMMUG00000024213	1
ENSMMUG00000019670	33
ENSMMUG00000003866	74
ENSMMUG00000045526	12
ENSMMUG00000046794	0
ENSMMUG00000010536	0
ENSMMUG00000057192	3
ENSMMUG00000008949	61
ENSMMUG00000052125	0
ENSMMUG00000014408	4
ENSMMUG00000030294	55
ENSMMUG00000020775	16
ENSMMUG00000061127	2
ENSMMUG00000049005	0
ENSMMUG00000055550	0
ENSMMUG00000054723	0
ENSMMUG00000017337	5
ENSMMUG00000063708	0
ENSMMUG00000052936	0
ENSMMUG00000059034	0
ENSMMUG00000064698	0
ENSMMUG00000053714	0
ENSMMUG00000014409	1
ENSMMUG00000050252	0
ENSMMUG00000050263	0
ENSMMUG00000064362	0
ENSMMUG00000005378	0
ENSMMUG00000057517	0
ENSMMUG00000020658	66
ENSMMUG00000059552	0
ENSMMUG00000017341	0
ENSMMUG00000014411	2
ENSMMUG00000004587	0
ENSMMUG00000010538	100
ENSMMUG00000059256	14
ENSMMUG00000013343	19
ENSMMUG00000019882	26
ENSMMUG00000057790	0
ENSMMUG00000058758	0
ENSMMUG00000004586	2
ENSMMUG00000028198	0
ENSMMUG00000064026	0
ENSMMUG00000014413	12
ENSMMUG00000030047	0
ENSMMUG00000053397	0
ENSMMUG00000021935	23
ENSMMUG00000064723	0
ENSMMUG00000032650	1
ENSMMUG00000052091	277
ENSMMUG00000010150	2
ENSMMUG00000020382	2
ENSMMUG00000063446	0
ENSMMUG00000021934	0
ENSMMUG00000010895	0
ENSMMUG00000002923	10
ENSMMUG00000027029	0
ENSMMUG00000002926	1
ENSMMUG00000049587	0
ENSMMUG00000027919	0
ENSMMUG00000035846	17
ENSMMUG00000056350	16
ENSMMUG00000053079	3
ENSMMUG00000004760	0
ENSMMUG00000012118	0
ENSMMUG00000037053	0
ENSMMUG00000002931	15
ENSMMUG00000012121	1
ENSMMUG00000002933	94
ENSMMUG00000026878	0
ENSMMUG00000010543	3
ENSMMUG00000003515	2
ENSMMUG00000010545	2
ENSMMUG00000017654	18
ENSMMUG00000022315	4
ENSMMUG00000010547	18
ENSMMUG00000061968	0
ENSMMUG00000001026	0
ENSMMUG00000000620	0
ENSMMUG00000061276	29
ENSMMUG00000045187	0
ENSMMUG00000010549	3
ENSMMUG00000035193	0
ENSMMUG00000050551	4
ENSMMUG00000056200	0
ENSMMUG00000003325	0
ENSMMUG00000010551	1
ENSMMUG00000055331	0
ENSMMUG00000028227	0
ENSMMUG00000056588	0
ENSMMUG00000012799	0
ENSMMUG00000060080	0
ENSMMUG00000022709	0
ENSMMUG00000051489	0
ENSMMUG00000037644	0
ENSMMUG00000015160	0
ENSMMUG00000040856	0
ENSMMUG00000004765	10
ENSMMUG00000013344	0
ENSMMUG00000022712	0
ENSMMUG00000013345	6
ENSMMUG00000006206	367
ENSMMUG00000004892	33
ENSMMUG00000057488	6
ENSMMUG00000056646	2
ENSMMUG00000053935	0
ENSMMUG00000023698	0
ENSMMUG00000061952	0
ENSMMUG00000004891	22
ENSMMUG00000004750	2
ENSMMUG00000043527	30
ENSMMUG00000021486	2
ENSMMUG00000004755	0
ENSMMUG00000004890	0
ENSMMUG00000006207	0
ENSMMUG00000061605	6
ENSMMUG00000021091	1
ENSMMUG00000012996	0
ENSMMUG00000050728	0
ENSMMUG00000051505	0
ENSMMUG00000012997	0
ENSMMUG00000019039	0
ENSMMUG00000012998	10
ENSMMUG00000038569	0
ENSMMUG00000063796	0
ENSMMUG00000000618	3
ENSMMUG00000012486	22
ENSMMUG00000057946	0
ENSMMUG00000049649	0
ENSMMUG00000061951	2
ENSMMUG00000058140	0
ENSMMUG00000062853	0
ENSMMUG00000054909	0
ENSMMUG00000005666	1
ENSMMUG00000006491	3
ENSMMUG00000041892	0
ENSMMUG00000012489	0
ENSMMUG00000006493	1
ENSMMUG00000008941	0
ENSMMUG00000006211	11
ENSMMUG00000006495	0
ENSMMUG00000020102	1
ENSMMUG00000025515	0
ENSMMUG00000063861	0
ENSMMUG00000060695	0
ENSMMUG00000019842	0
ENSMMUG00000062917	0
ENSMMUG00000051190	0
ENSMMUG00000063180	0
ENSMMUG00000039331	1
ENSMMUG00000053664	0
ENSMMUG00000053744	0
ENSMMUG00000043522	0
ENSMMUG00000063456	0
ENSMMUG00000034248	11
ENSMMUG00000054332	0
ENSMMUG00000006213	0
ENSMMUG00000049300	19
ENSMMUG00000058059	0
ENSMMUG00000032669	0
ENSMMUG00000057500	0
ENSMMUG00000049740	0
ENSMMUG00000007920	202
ENSMMUG00000009384	0
ENSMMUG00000055729	0
ENSMMUG00000060547	0
ENSMMUG00000055819	0
ENSMMUG00000015616	92
ENSMMUG00000023377	32
ENSMMUG00000056717	0
ENSMMUG00000013281	0
ENSMMUG00000009386	0
ENSMMUG00000015617	0
ENSMMUG00000023379	2
ENSMMUG00000051467	0
ENSMMUG00000023375	60
ENSMMUG00000049328	0
ENSMMUG00000050816	5
ENSMMUG00000002102	11
ENSMMUG00000059389	0
ENSMMUG00000020403	2
ENSMMUG00000022515	21
ENSMMUG00000002404	53
ENSMMUG00000015618	0
ENSMMUG00000004005	4
ENSMMUG00000061541	0
ENSMMUG00000057231	0
ENSMMUG00000007923	1
ENSMMUG00000055083	0
ENSMMUG00000032826	2
ENSMMUG00000007918	10
ENSMMUG00000053845	0
ENSMMUG00000019762	12
ENSMMUG00000015622	0
ENSMMUG00000007917	2
ENSMMUG00000015623	0
ENSMMUG00000003349	8
ENSMMUG00000064650	0
ENSMMUG00000004004	11
ENSMMUG00000008605	0
ENSMMUG00000009709	0
ENSMMUG00000064071	0
ENSMMUG00000005222	0
ENSMMUG00000061498	0
ENSMMUG00000012800	199
ENSMMUG00000019760	3
ENSMMUG00000017690	1
ENSMMUG00000023592	0
ENSMMUG00000017113	2
ENSMMUG00000057624	0
ENSMMUG00000038897	0
ENSMMUG00000001492	0
ENSMMUG00000023616	11
ENSMMUG00000001495	0
ENSMMUG00000023619	7
ENSMMUG00000023620	7
ENSMMUG00000053395	2
ENSMMUG00000013436	6
ENSMMUG00000001497	0
ENSMMUG00000058876	38
ENSMMUG00000001533	356
ENSMMUG00000060007	0
ENSMMUG00000050200	0
ENSMMUG00000054386	0
ENSMMUG00000001499	0
ENSMMUG00000006327	12
ENSMMUG00000005869	42
ENSMMUG00000001500	17
ENSMMUG00000014450	0
ENSMMUG00000060823	0
ENSMMUG00000002942	18
ENSMMUG00000052611	0
ENSMMUG00000043282	0
ENSMMUG00000001502	20
ENSMMUG00000003042	2
ENSMMUG00000064684	27
ENSMMUG00000026333	0
ENSMMUG00000001503	5
ENSMMUG00000003657	1
ENSMMUG00000021635	5
ENSMMUG00000001505	0
ENSMMUG00000005900	0
ENSMMUG00000019920	21
ENSMMUG00000001510	0
ENSMMUG00000001142	0
ENSMMUG00000012803	5
ENSMMUG00000063604	15
ENSMMUG00000021409	0
ENSMMUG00000019923	4
ENSMMUG00000061055	0
ENSMMUG00000021636	4
ENSMMUG00000049644	0
ENSMMUG00000020300	0
ENSMMUG00000030213	0
ENSMMUG00000020299	0
ENSMMUG00000020301	0
ENSMMUG00000053239	0
ENSMMUG00000062533	0
ENSMMUG00000020528	2
ENSMMUG00000050719	0
ENSMMUG00000045996	0
ENSMMUG00000055553	0
ENSMMUG00000059675	0
ENSMMUG00000061778	0
ENSMMUG00000038207	0
ENSMMUG00000060042	0
ENSMMUG00000062412	0
ENSMMUG00000063519	0
ENSMMUG00000055904	0
ENSMMUG00000008050	0
ENSMMUG00000020305	0
ENSMMUG00000001116	2
ENSMMUG00000059515	0
ENSMMUG00000019924	18
ENSMMUG00000020531	0
ENSMMUG00000020311	0
ENSMMUG00000063420	0
ENSMMUG00000006332	13
ENSMMUG00000063253	0
ENSMMUG00000052306	0
ENSMMUG00000009069	0
ENSMMUG00000057266	0
ENSMMUG00000045776	0
ENSMMUG00000018344	3
ENSMMUG00000016157	0
ENSMMUG00000065282	0
ENSMMUG00000015195	1
ENSMMUG00000055344	137
ENSMMUG00000056476	0
ENSMMUG00000010752	0
ENSMMUG00000065140	0
ENSMMUG00000062227	0
ENSMMUG00000030401	4
ENSMMUG00000051819	26
ENSMMUG00000061231	0
ENSMMUG00000056758	0
ENSMMUG00000050361	4
ENSMMUG00000050492	0
ENSMMUG00000053284	0
ENSMMUG00000011417	0
ENSMMUG00000040177	23
ENSMMUG00000050236	0
ENSMMUG00000021763	37
ENSMMUG00000006399	0
ENSMMUG00000013499	58
ENSMMUG00000063248	0
ENSMMUG00000017100	85
ENSMMUG00000059437	0
ENSMMUG00000033155	2
ENSMMUG00000054281	0
ENSMMUG00000037310	10
ENSMMUG00000049272	0
ENSMMUG00000023917	0
ENSMMUG00000062542	0
ENSMMUG00000013501	213
ENSMMUG00000002206	0
ENSMMUG00000053675	0
ENSMMUG00000039625	0
ENSMMUG00000051496	0
ENSMMUG00000060467	7
ENSMMUG00000048300	6
ENSMMUG00000052977	63
ENSMMUG00000006402	6
ENSMMUG00000036226	0
ENSMMUG00000018352	7
ENSMMUG00000054378	0
ENSMMUG00000016565	0
ENSMMUG00000002208	1
ENSMMUG00000004794	137
ENSMMUG00000052890	0
ENSMMUG00000013983	4339
ENSMMUG00000062362	0
ENSMMUG00000013503	0
ENSMMUG00000040305	0
ENSMMUG00000016566	0
ENSMMUG00000050172	0
ENSMMUG00000060821	8
ENSMMUG00000011425	0
ENSMMUG00000052534	0
ENSMMUG00000020020	7
ENSMMUG00000010754	0
ENSMMUG00000047241	0
ENSMMUG00000039702	0
ENSMMUG00000018353	950
ENSMMUG00000064317	0
ENSMMUG00000057228	7
ENSMMUG00000008130	145
ENSMMUG00000019203	4
ENSMMUG00000013510	10
ENSMMUG00000064315	0
ENSMMUG00000018643	0
ENSMMUG00000017944	34
ENSMMUG00000049452	0
ENSMMUG00000018049	0
ENSMMUG00000049208	0
ENSMMUG00000033076	0
ENSMMUG00000052827	21
ENSMMUG00000018644	0
ENSMMUG00000055380	0
ENSMMUG00000028044	2
ENSMMUG00000009077	0
ENSMMUG00000048626	0
ENSMMUG00000059217	2
ENSMMUG00000012811	26
ENSMMUG00000053216	0
ENSMMUG00000018645	0
ENSMMUG00000023751	18
ENSMMUG00000057920	0
ENSMMUG00000018646	0
ENSMMUG00000041006	6
ENSMMUG00000013511	0
ENSMMUG00000017197	0
ENSMMUG00000059862	0
ENSMMUG00000040413	0
ENSMMUG00000029840	0
ENSMMUG00000007967	9
ENSMMUG00000012659	8
ENSMMUG00000061829	6
ENSMMUG00000013513	0
ENSMMUG00000002353	0
ENSMMUG00000019200	1
ENSMMUG00000018222	0
ENSMMUG00000009895	0
ENSMMUG00000044486	0
ENSMMUG00000008639	0
ENSMMUG00000000750	19
ENSMMUG00000012658	5
ENSMMUG00000005041	0
ENSMMUG00000054196	0
ENSMMUG00000054769	3
ENSMMUG00000040887	0
ENSMMUG00000008637	0
ENSMMUG00000059319	7
ENSMMUG00000008129	42
ENSMMUG00000052098	0
ENSMMUG00000047910	0
ENSMMUG00000051629	1
ENSMMUG00000054450	37
ENSMMUG00000058498	0
ENSMMUG00000046656	0
ENSMMUG00000063406	0
ENSMMUG00000057873	0
ENSMMUG00000002354	0
ENSMMUG00000019378	3
ENSMMUG00000018355	96
ENSMMUG00000051933	0
ENSMMUG00000044689	0
ENSMMUG00000056108	0
ENSMMUG00000054463	0
ENSMMUG00000050821	25
ENSMMUG00000030298	0
ENSMMUG00000035552	1
ENSMMUG00000011038	0
ENSMMUG00000000744	0
ENSMMUG00000059205	1
ENSMMUG00000040390	0
ENSMMUG00000064290	0
ENSMMUG00000003158	0
ENSMMUG00000041485	0
ENSMMUG00000015047	17
ENSMMUG00000056053	0
ENSMMUG00000000751	0
ENSMMUG00000065336	0
ENSMMUG00000055211	0
ENSMMUG00000021765	0
ENSMMUG00000009133	0
ENSMMUG00000018653	0
ENSMMUG00000015049	0
ENSMMUG00000058639	0
ENSMMUG00000002371	5
ENSMMUG00000011407	0
ENSMMUG00000025271	0
ENSMMUG00000026152	0
ENSMMUG00000009027	0
ENSMMUG00000032376	0
ENSMMUG00000054531	5
ENSMMUG00000052524	0
ENSMMUG00000062526	0
ENSMMUG00000058431	1
ENSMMUG00000008543	0
ENSMMUG00000062563	0
ENSMMUG00000005456	0
ENSMMUG00000046572	0
ENSMMUG00000022379	0
ENSMMUG00000049371	0
ENSMMUG00000056787	0
ENSMMUG00000056079	0
ENSMMUG00000064360	0
ENSMMUG00000061824	8
ENSMMUG00000049151	4
ENSMMUG00000011776	0
ENSMMUG00000005170	2
ENSMMUG00000048204	0
ENSMMUG00000005275	0
ENSMMUG00000061160	0
ENSMMUG00000047032	0
ENSMMUG00000064441	0
ENSMMUG00000037615	0
ENSMMUG00000063004	0
ENSMMUG00000029927	8
ENSMMUG00000043865	0
ENSMMUG00000013646	43
ENSMMUG00000007242	0
ENSMMUG00000013048	0
ENSMMUG00000016723	1
ENSMMUG00000027410	0
ENSMMUG00000034509	0
ENSMMUG00000061166	0
ENSMMUG00000008166	0
ENSMMUG00000065117	4
ENSMMUG00000018359	5
ENSMMUG00000057210	0
ENSMMUG00000027249	0
ENSMMUG00000010082	6
ENSMMUG00000001268	27
ENSMMUG00000008423	2
ENSMMUG00000001269	0
ENSMMUG00000016875	0
ENSMMUG00000013533	0
ENSMMUG00000001271	29
ENSMMUG00000037555	6
ENSMMUG00000018148	0
ENSMMUG00000050676	28
ENSMMUG00000050720	5
ENSMMUG00000050097	0
ENSMMUG00000059502	0
ENSMMUG00000013051	0
ENSMMUG00000002373	9
ENSMMUG00000057308	8
ENSMMUG00000005458	0
ENSMMUG00000032815	0
ENSMMUG00000025672	0
ENSMMUG00000019970	1
ENSMMUG00000026295	0
ENSMMUG00000002822	16
ENSMMUG00000054498	46
ENSMMUG00000005550	0
ENSMMUG00000015614	8
ENSMMUG00000060439	0
ENSMMUG00000013054	25
ENSMMUG00000013118	0
ENSMMUG00000061245	12
ENSMMUG00000025886	0
ENSMMUG00000061933	0
ENSMMUG00000055108	0
ENSMMUG00000013378	0
ENSMMUG00000009381	10
ENSMMUG00000013535	1
ENSMMUG00000062650	1003
ENSMMUG00000048316	32
ENSMMUG00000002637	8
ENSMMUG00000013117	0
ENSMMUG00000055241	7
ENSMMUG00000023750	3
ENSMMUG00000057884	0
ENSMMUG00000031736	1
ENSMMUG00000063283	0
ENSMMUG00000058723	0
ENSMMUG00000026432	0
ENSMMUG00000046171	7
ENSMMUG00000049849	0
ENSMMUG00000056257	0
ENSMMUG00000006047	0
ENSMMUG00000013116	0
ENSMMUG00000008173	16
ENSMMUG00000040268	0
ENSMMUG00000013115	2
ENSMMUG00000052545	0
ENSMMUG00000058305	0
ENSMMUG00000006048	4
ENSMMUG00000013056	0
ENSMMUG00000008176	6
ENSMMUG00000050744	0
ENSMMUG00000059195	4
ENSMMUG00000018962	3
ENSMMUG00000009377	0
ENSMMUG00000008178	3
ENSMMUG00000063668	26
ENSMMUG00000016774	0
ENSMMUG00000009548	0
ENSMMUG00000017561	36
ENSMMUG00000040816	3
ENSMMUG00000014689	0
ENSMMUG00000013113	3
ENSMMUG00000004184	0
ENSMMUG00000022221	21
ENSMMUG00000064703	0
ENSMMUG00000051944	8
ENSMMUG00000052879	58
ENSMMUG00000016775	2
ENSMMUG00000012818	2
ENSMMUG00000041043	0
ENSMMUG00000060864	0
ENSMMUG00000007004	9
ENSMMUG00000005323	4
ENSMMUG00000005961	18
ENSMMUG00000011009	0
ENSMMUG00000040655	6
ENSMMUG00000005962	0
ENSMMUG00000057414	0
ENSMMUG00000061561	0
ENSMMUG00000002409	370
ENSMMUG00000055633	0
ENSMMUG00000018931	0
ENSMMUG00000062273	0
ENSMMUG00000049948	0
ENSMMUG00000051529	0
ENSMMUG00000012363	51
ENSMMUG00000064603	6
ENSMMUG00000064463	0
ENSMMUG00000058144	0
ENSMMUG00000064154	0
ENSMMUG00000043239	0
ENSMMUG00000059292	0
ENSMMUG00000026982	6
ENSMMUG00000010699	4
ENSMMUG00000002999	50
ENSMMUG00000014172	15
ENSMMUG00000050544	0
ENSMMUG00000027367	0
ENSMMUG00000062704	0
ENSMMUG00000049997	0
ENSMMUG00000002997	0
ENSMMUG00000056602	0
ENSMMUG00000037010	1
ENSMMUG00000057789	0
ENSMMUG00000054931	0
ENSMMUG00000018087	5
ENSMMUG00000054303	0
ENSMMUG00000022356	0
ENSMMUG00000063212	0
ENSMMUG00000002849	4
ENSMMUG00000052187	0
ENSMMUG00000061416	5
ENSMMUG00000012365	9
ENSMMUG00000013586	1
ENSMMUG00000005325	183
ENSMMUG00000001467	0
ENSMMUG00000049403	0
ENSMMUG00000010546	0
ENSMMUG00000020582	1
ENSMMUG00000059199	0
ENSMMUG00000013143	0
ENSMMUG00000002763	20
ENSMMUG00000002850	0
ENSMMUG00000050729	0
ENSMMUG00000002765	105
ENSMMUG00000003981	0
ENSMMUG00000045660	0
ENSMMUG00000001938	11
ENSMMUG00000050062	0
ENSMMUG00000058402	2
ENSMMUG00000013142	1
ENSMMUG00000021753	0
ENSMMUG00000011411	0
ENSMMUG00000002944	3
ENSMMUG00000005327	10
ENSMMUG00000062784	0
ENSMMUG00000046925	0
ENSMMUG00000011413	0
ENSMMUG00000026740	38
ENSMMUG00000050974	0
ENSMMUG00000022228	11
ENSMMUG00000060768	0
ENSMMUG00000039266	0
ENSMMUG00000060512	0
ENSMMUG00000055528	0
ENSMMUG00000016114	85
ENSMMUG00000002376	5
ENSMMUG00000057163	0
ENSMMUG00000058375	0
ENSMMUG00000054111	0
ENSMMUG00000019305	8
ENSMMUG00000010548	3
ENSMMUG00000022229	6
ENSMMUG00000051798	0
ENSMMUG00000010121	30
ENSMMUG00000005455	163
ENSMMUG00000055379	0
ENSMMUG00000055202	0
ENSMMUG00000061668	0
ENSMMUG00000058636	0
ENSMMUG00000053937	0
ENSMMUG00000052622	0
ENSMMUG00000026583	0
ENSMMUG00000063572	0
ENSMMUG00000002324	0
ENSMMUG00000010550	37
ENSMMUG00000060502	0
ENSMMUG00000002377	1
ENSMMUG00000062038	0
ENSMMUG00000051307	0
ENSMMUG00000057722	0
ENSMMUG00000002769	833
ENSMMUG00000056928	0
ENSMMUG00000061335	0
ENSMMUG00000055366	0
ENSMMUG00000049970	0
ENSMMUG00000062894	11
ENSMMUG00000060024	0
ENSMMUG00000052351	9
ENSMMUG00000000140	0
ENSMMUG00000000288	0
ENSMMUG00000009203	26
ENSMMUG00000013587	0
ENSMMUG00000017201	0
ENSMMUG00000029820	13
ENSMMUG00000016118	49
ENSMMUG00000019303	0
ENSMMUG00000055542	0
ENSMMUG00000062400	7
ENSMMUG00000003381	5
ENSMMUG00000033130	0
ENSMMUG00000009782	0
ENSMMUG00000004820	12
ENSMMUG00000057002	0
ENSMMUG00000048710	121
ENSMMUG00000034611	0
ENSMMUG00000064793	0
ENSMMUG00000040452	1
ENSMMUG00000013589	22
ENSMMUG00000047780	5
ENSMMUG00000020974	0
ENSMMUG00000051787	230
ENSMMUG00000014275	0
ENSMMUG00000048926	12
ENSMMUG00000001790	0
ENSMMUG00000025378	0
ENSMMUG00000058490	7
ENSMMUG00000026025	0
ENSMMUG00000062972	217
ENSMMUG00000023161	38
ENSMMUG00000007799	20
ENSMMUG00000003894	39
ENSMMUG00000000713	99
ENSMMUG00000012040	1
ENSMMUG00000037184	0
ENSMMUG00000046058	0
ENSMMUG00000060594	0
ENSMMUG00000009784	0
ENSMMUG00000051568	0
ENSMMUG00000001466	0
ENSMMUG00000020975	0
ENSMMUG00000061228	0
ENSMMUG00000061057	0
ENSMMUG00000001795	3
ENSMMUG00000057025	0
ENSMMUG00000022230	0
ENSMMUG00000018180	29
ENSMMUG00000007859	26
ENSMMUG00000054585	7
ENSMMUG00000049812	0
ENSMMUG00000022233	34
ENSMMUG00000009785	0
ENSMMUG00000014427	0
ENSMMUG00000049440	0
ENSMMUG00000062567	91
ENSMMUG00000020061	6
ENSMMUG00000018329	693
ENSMMUG00000014755	0
ENSMMUG00000060858	1
ENSMMUG00000009176	13
ENSMMUG00000054985	0
ENSMMUG00000009786	0
ENSMMUG00000046135	0
ENSMMUG00000054233	2
ENSMMUG00000063189	0
ENSMMUG00000004917	1
ENSMMUG00000000138	0
ENSMMUG00000055658	0
ENSMMUG00000012977	0
ENSMMUG00000054796	7
ENSMMUG00000013737	0
ENSMMUG00000019178	0
ENSMMUG00000061658	0
ENSMMUG00000055778	0
ENSMMUG00000008885	0
ENSMMUG00000057458	0
ENSMMUG00000052991	0
ENSMMUG00000033030	0
ENSMMUG00000013324	0
ENSMMUG00000008087	0
ENSMMUG00000054829	1
ENSMMUG00000014687	16
ENSMMUG00000022225	5
ENSMMUG00000006847	1
ENSMMUG00000050458	3
ENSMMUG00000014756	1
ENSMMUG00000056248	0
ENSMMUG00000063779	0
ENSMMUG00000064864	0
ENSMMUG00000064549	0
ENSMMUG00000052600	0
ENSMMUG00000032818	0
ENSMMUG00000033805	0
ENSMMUG00000060412	4
ENSMMUG00000051453	0
ENSMMUG00000027089	0
ENSMMUG00000008536	0
ENSMMUG00000014123	5
ENSMMUG00000053006	21
ENSMMUG00000063889	0
ENSMMUG00000000289	0
ENSMMUG00000001572	41
ENSMMUG00000059340	0
ENSMMUG00000037742	11
ENSMMUG00000013536	45
ENSMMUG00000057117	0
ENSMMUG00000062178	0
ENSMMUG00000064982	0
ENSMMUG00000039401	2
ENSMMUG00000009175	33
ENSMMUG00000065002	0
ENSMMUG00000008538	52
ENSMMUG00000052500	0
ENSMMUG00000014685	0
ENSMMUG00000010509	12
ENSMMUG00000064781	12
ENSMMUG00000051004	2
ENSMMUG00000054146	1
ENSMMUG00000011341	1
ENSMMUG00000057041	0
ENSMMUG00000006850	1
ENSMMUG00000064052	0
ENSMMUG00000007858	7
ENSMMUG00000004108	0
ENSMMUG00000054272	0
ENSMMUG00000045883	1
ENSMMUG00000008540	0
ENSMMUG00000056917	4377
ENSMMUG00000058592	0
ENSMMUG00000002466	2
ENSMMUG00000062241	0
ENSMMUG00000052943	0
ENSMMUG00000007861	39
ENSMMUG00000020462	1
ENSMMUG00000017723	0
ENSMMUG00000016897	7
ENSMMUG00000011924	235
ENSMMUG00000039864	1
ENSMMUG00000030326	1
ENSMMUG00000008091	0
ENSMMUG00000007863	18
ENSMMUG00000005733	5
ENSMMUG00000013540	6
ENSMMUG00000002266	0
ENSMMUG00000064920	17
ENSMMUG00000000153	0
ENSMMUG00000002467	0
ENSMMUG00000008090	0
ENSMMUG00000056437	22
ENSMMUG00000051286	0
ENSMMUG00000055991	26
ENSMMUG00000053311	0
ENSMMUG00000044068	0
ENSMMUG00000002700	0
ENSMMUG00000062363	0
ENSMMUG00000002264	0
ENSMMUG00000001285	0
ENSMMUG00000015999	6
ENSMMUG00000011809	3
ENSMMUG00000060091	3
ENSMMUG00000018587	1
ENSMMUG00000047114	0
ENSMMUG00000044526	6
ENSMMUG00000052455	0
ENSMMUG00000064917	0
ENSMMUG00000065320	0
ENSMMUG00000054099	105
ENSMMUG00000013544	0
ENSMMUG00000062832	54
ENSMMUG00000001286	0
ENSMMUG00000059493	11
ENSMMUG00000009995	0
ENSMMUG00000055312	0
ENSMMUG00000001119	0
ENSMMUG00000052387	92
ENSMMUG00000016001	145
ENSMMUG00000008111	0
ENSMMUG00000011971	0
ENSMMUG00000057011	0
ENSMMUG00000017519	64
ENSMMUG00000008749	0
ENSMMUG00000061173	0
ENSMMUG00000064563	0
ENSMMUG00000053544	0
ENSMMUG00000065269	0
ENSMMUG00000004055	4
ENSMMUG00000065208	0
ENSMMUG00000006761	9
ENSMMUG00000041567	0
ENSMMUG00000062386	0
ENSMMUG00000004122	3
ENSMMUG00000020329	0
ENSMMUG00000060665	6
ENSMMUG00000063050	0
ENSMMUG00000060570	0
ENSMMUG00000056911	0
ENSMMUG00000062152	2
ENSMMUG00000052607	0
ENSMMUG00000053958	0
ENSMMUG00000001942	3
ENSMMUG00000054246	0
ENSMMUG00000032794	0
ENSMMUG00000000157	0
ENSMMUG00000005737	5
ENSMMUG00000014130	8
ENSMMUG00000061044	6
ENSMMUG00000008750	6
ENSMMUG00000021932	10
ENSMMUG00000044834	0
ENSMMUG00000017658	0
ENSMMUG00000008754	0
ENSMMUG00000001329	1
ENSMMUG00000002380	3
ENSMMUG00000053118	0
ENSMMUG00000036463	0
ENSMMUG00000061273	0
ENSMMUG00000019850	0
ENSMMUG00000059830	28
ENSMMUG00000055576	0
ENSMMUG00000059400	0
ENSMMUG00000003448	1
ENSMMUG00000049512	0
ENSMMUG00000025695	0
ENSMMUG00000006401	3
ENSMMUG00000032912	5
ENSMMUG00000060875	0
ENSMMUG00000032751	0
ENSMMUG00000050934	0
ENSMMUG00000006317	0
ENSMMUG00000005738	41
ENSMMUG00000047550	5
ENSMMUG00000055087	0
ENSMMUG00000017518	54
ENSMMUG00000061232	0
ENSMMUG00000019851	0
ENSMMUG00000008756	0
ENSMMUG00000025456	0
ENSMMUG00000006406	0
ENSMMUG00000011973	19
ENSMMUG00000050758	0
ENSMMUG00000002382	0
ENSMMUG00000062497	0
ENSMMUG00000014134	13
ENSMMUG00000006407	0
ENSMMUG00000021938	0
ENSMMUG00000021798	4
ENSMMUG00000030260	0
ENSMMUG00000051704	4
ENSMMUG00000006824	35
ENSMMUG00000008870	4
ENSMMUG00000019221	31
ENSMMUG00000009464	63
ENSMMUG00000005739	77
ENSMMUG00000008603	43
ENSMMUG00000039144	0
ENSMMUG00000004235	2
ENSMMUG00000058937	0
ENSMMUG00000008604	47
ENSMMUG00000054472	0
ENSMMUG00000009463	3
ENSMMUG00000007671	0
ENSMMUG00000053138	0
ENSMMUG00000022194	1
ENSMMUG00000008127	0
ENSMMUG00000019222	54
ENSMMUG00000011975	0
ENSMMUG00000000296	0
ENSMMUG00000041799	0
ENSMMUG00000003437	20
ENSMMUG00000052847	0
ENSMMUG00000051773	1
ENSMMUG00000056064	2
ENSMMUG00000056440	0
ENSMMUG00000022195	6
ENSMMUG00000018752	4
ENSMMUG00000011604	0
ENSMMUG00000062775	51
ENSMMUG00000020226	9
ENSMMUG00000023803	171
ENSMMUG00000060489	0
ENSMMUG00000030060	0
ENSMMUG00000008459	46
ENSMMUG00000052859	0
ENSMMUG00000060324	1
ENSMMUG00000054210	0
ENSMMUG00000059025	0
ENSMMUG00000058233	34
ENSMMUG00000001940	0
ENSMMUG00000025480	1
ENSMMUG00000048847	0
ENSMMUG00000035440	0
ENSMMUG00000063883	20
ENSMMUG00000045695	0
ENSMMUG00000059769	0
ENSMMUG00000001328	0
ENSMMUG00000051601	0
ENSMMUG00000049276	0
ENSMMUG00000059811	0
ENSMMUG00000050368	0
ENSMMUG00000032853	0
ENSMMUG00000024671	0
ENSMMUG00000034112	0
ENSMMUG00000055944	1
ENSMMUG00000026939	0
ENSMMUG00000051096	0
ENSMMUG00000015512	128
ENSMMUG00000057969	0
ENSMMUG00000005744	309
ENSMMUG00000064758	0
ENSMMUG00000063233	0
ENSMMUG00000019224	3
ENSMMUG00000036969	0
ENSMMUG00000036283	0
ENSMMUG00000004129	7
ENSMMUG00000049404	0
ENSMMUG00000051946	212
ENSMMUG00000061359	18
ENSMMUG00000004723	0
ENSMMUG00000003383	16
ENSMMUG00000062423	0
ENSMMUG00000051206	0
ENSMMUG00000011932	30
ENSMMUG00000058961	0
ENSMMUG00000051613	0
ENSMMUG00000064469	0
ENSMMUG00000022004	4
ENSMMUG00000063317	1
ENSMMUG00000009132	7
ENSMMUG00000049524	0
ENSMMUG00000014603	0
ENSMMUG00000052844	212
ENSMMUG00000057985	0
ENSMMUG00000065166	47
ENSMMUG00000055850	0
ENSMMUG00000064664	0
ENSMMUG00000008199	0
ENSMMUG00000009228	0
ENSMMUG00000025489	0
ENSMMUG00000000156	0
ENSMMUG00000054784	6
ENSMMUG00000062546	0
ENSMMUG00000022528	0
ENSMMUG00000061836	8
ENSMMUG00000053298	7
ENSMMUG00000027826	0
ENSMMUG00000022007	0
ENSMMUG00000044760	0
ENSMMUG00000057831	0
ENSMMUG00000065113	11
ENSMMUG00000064094	0
ENSMMUG00000038026	0
ENSMMUG00000003453	0
ENSMMUG00000046240	0
ENSMMUG00000021156	1
ENSMMUG00000049737	0
ENSMMUG00000020524	1
ENSMMUG00000009459	33
ENSMMUG00000062501	0
ENSMMUG00000055351	0
ENSMMUG00000001913	0
ENSMMUG00000051775	0
ENSMMUG00000065287	0
ENSMMUG00000049983	0
ENSMMUG00000056676	0
ENSMMUG00000062455	0
ENSMMUG00000049962	0
ENSMMUG00000061594	0
ENSMMUG00000052786	0
ENSMMUG00000042757	0
ENSMMUG00000057840	2
ENSMMUG00000051084	9
ENSMMUG00000050765	0
ENSMMUG00000058905	0
ENSMMUG00000009129	7
ENSMMUG00000017888	1
ENSMMUG00000015648	2
ENSMMUG00000036873	0
ENSMMUG00000011344	3
ENSMMUG00000053891	46
ENSMMUG00000039588	0
ENSMMUG00000002436	48
ENSMMUG00000024110	0
ENSMMUG00000056514	1
ENSMMUG00000041728	0
ENSMMUG00000037133	7
ENSMMUG00000056095	7
ENSMMUG00000002437	616
ENSMMUG00000060013	0
ENSMMUG00000002069	0
ENSMMUG00000018648	42
ENSMMUG00000053257	1
ENSMMUG00000054593	1
ENSMMUG00000055339	0
ENSMMUG00000003431	0
ENSMMUG00000063294	4
ENSMMUG00000057987	6
ENSMMUG00000054617	0
ENSMMUG00000017890	11
ENSMMUG00000039434	0
ENSMMUG00000051899	0
ENSMMUG00000050606	0
ENSMMUG00000053614	0
ENSMMUG00000053983	0
ENSMMUG00000045030	0
ENSMMUG00000063877	2
ENSMMUG00000058586	0
ENSMMUG00000003390	0
ENSMMUG00000044129	0
ENSMMUG00000042422	4
ENSMMUG00000010465	49
ENSMMUG00000018689	0
ENSMMUG00000015845	0
ENSMMUG00000023405	0
ENSMMUG00000039326	4
ENSMMUG00000002980	0
ENSMMUG00000055531	0
ENSMMUG00000057553	0
ENSMMUG00000026861	0
ENSMMUG00000028541	0
ENSMMUG00000023406	0
ENSMMUG00000034195	0
ENSMMUG00000012178	4
ENSMMUG00000021803	11
ENSMMUG00000021350	1
ENSMMUG00000010083	0
ENSMMUG00000063689	18
ENSMMUG00000051121	0
ENSMMUG00000011443	2
ENSMMUG00000009461	0
ENSMMUG00000051666	0
ENSMMUG00000020810	0
ENSMMUG00000011935	41
ENSMMUG00000018592	0
ENSMMUG00000062095	0
ENSMMUG00000043076	0
ENSMMUG00000012644	0
ENSMMUG00000033117	8
ENSMMUG00000020527	36
ENSMMUG00000063221	0
ENSMMUG00000051342	0
ENSMMUG00000036835	0
ENSMMUG00000056403	0
ENSMMUG00000063673	0
ENSMMUG00000010467	161
ENSMMUG00000010433	3
ENSMMUG00000052653	0
ENSMMUG00000020809	12
ENSMMUG00000001404	0
ENSMMUG00000060975	0
ENSMMUG00000001405	7
ENSMMUG00000005548	3
ENSMMUG00000030279	0
ENSMMUG00000040384	0
ENSMMUG00000042393	0
ENSMMUG00000044623	17
ENSMMUG00000044661	0
ENSMMUG00000002976	0
ENSMMUG00000050677	0
ENSMMUG00000018599	3
ENSMMUG00000010468	221
ENSMMUG00000018608	2
ENSMMUG00000058612	0
ENSMMUG00000061698	0
ENSMMUG00000029768	0
ENSMMUG00000060703	0
ENSMMUG00000051341	1
ENSMMUG00000063147	0
ENSMMUG00000035794	0
ENSMMUG00000060608	41
ENSMMUG00000018256	0
ENSMMUG00000001343	2
ENSMMUG00000018719	3
ENSMMUG00000016371	3
ENSMMUG00000018579	18
ENSMMUG00000006592	134
ENSMMUG00000021863	4
ENSMMUG00000015514	9
ENSMMUG00000063153	0
ENSMMUG00000040105	112
ENSMMUG00000064981	10
ENSMMUG00000010436	2
ENSMMUG00000035482	0
ENSMMUG00000014521	0
ENSMMUG00000006594	0
ENSMMUG00000059473	0
ENSMMUG00000021864	0
ENSMMUG00000011644	0
ENSMMUG00000055299	0
ENSMMUG00000056121	0
ENSMMUG00000021867	9
ENSMMUG00000011647	2
ENSMMUG00000036766	0
ENSMMUG00000011533	0
ENSMMUG00000058406	45
ENSMMUG00000064228	0
ENSMMUG00000006599	0
ENSMMUG00000063312	5
ENSMMUG00000060056	0
ENSMMUG00000059298	0
ENSMMUG00000054461	8
ENSMMUG00000060777	0
ENSMMUG00000036276	0
ENSMMUG00000049976	0
ENSMMUG00000049700	0
ENSMMUG00000060297	7
ENSMMUG00000064077	0
ENSMMUG00000054539	0
ENSMMUG00000061672	0
ENSMMUG00000058157	0
ENSMMUG00000011648	0
ENSMMUG00000052232	0
ENSMMUG00000001051	0
ENSMMUG00000002268	0
ENSMMUG00000054437	0
ENSMMUG00000049888	0
ENSMMUG00000022989	1
ENSMMUG00000022740	3
ENSMMUG00000003533	0
ENSMMUG00000019143	3
ENSMMUG00000034349	0
ENSMMUG00000021324	4
ENSMMUG00000014660	0
ENSMMUG00000022741	0
ENSMMUG00000002269	0
ENSMMUG00000057209	0
ENSMMUG00000024282	0
ENSMMUG00000050054	0
ENSMMUG00000053359	0
ENSMMUG00000025222	0
ENSMMUG00000064423	0
ENSMMUG00000056645	0
ENSMMUG00000062223	0
ENSMMUG00000058230	0
ENSMMUG00000065180	0
ENSMMUG00000057364	5
ENSMMUG00000003534	0
ENSMMUG00000049405	0
ENSMMUG00000019145	64
ENSMMUG00000053459	0
ENSMMUG00000028434	0
ENSMMUG00000041001	0
ENSMMUG00000046195	0
ENSMMUG00000046324	0
ENSMMUG00000036136	0
ENSMMUG00000012071	0
ENSMMUG00000025282	0
ENSMMUG00000010117	0
ENSMMUG00000061141	0
ENSMMUG00000021087	246
ENSMMUG00000051312	49
ENSMMUG00000043771	0
ENSMMUG00000060767	0
ENSMMUG00000050181	0
ENSMMUG00000029833	35
ENSMMUG00000060015	2
ENSMMUG00000040453	0
ENSMMUG00000019146	8
ENSMMUG00000013767	0
ENSMMUG00000030453	0
ENSMMUG00000062963	0
ENSMMUG00000018600	3
ENSMMUG00000029832	36
ENSMMUG00000057164	0
ENSMMUG00000049183	0
ENSMMUG00000024170	7
ENSMMUG00000049546	0
ENSMMUG00000054715	0
ENSMMUG00000059189	0
ENSMMUG00000050178	139
ENSMMUG00000003289	2
ENSMMUG00000013395	0
ENSMMUG00000035448	0
ENSMMUG00000003076	0
ENSMMUG00000018581	0
ENSMMUG00000054455	0
ENSMMUG00000059852	0
ENSMMUG00000032827	2
ENSMMUG00000056647	0
ENSMMUG00000010705	61
ENSMMUG00000059583	6
ENSMMUG00000056081	0
ENSMMUG00000053136	2
ENSMMUG00000055768	2
ENSMMUG00000046429	5
ENSMMUG00000016305	9
ENSMMUG00000026383	0
ENSMMUG00000014633	26
ENSMMUG00000058428	2
ENSMMUG00000021351	2
ENSMMUG00000002975	8
ENSMMUG00000003436	0
ENSMMUG00000036955	0
ENSMMUG00000014053	0
ENSMMUG00000024766	0
ENSMMUG00000036968	0
ENSMMUG00000065213	0
ENSMMUG00000037942	0
ENSMMUG00000051517	0
ENSMMUG00000010588	0
ENSMMUG00000028556	0
ENSMMUG00000040400	0
ENSMMUG00000053761	0
ENSMMUG00000037568	0
ENSMMUG00000056768	3
ENSMMUG00000033887	0
ENSMMUG00000055062	0
ENSMMUG00000054397	0
ENSMMUG00000056700	0
ENSMMUG00000052434	0
ENSMMUG00000021911	2
ENSMMUG00000008237	4
ENSMMUG00000057109	0
ENSMMUG00000040377	0
ENSMMUG00000029767	3
ENSMMUG00000052714	0
ENSMMUG00000051240	9
ENSMMUG00000010014	0
ENSMMUG00000064941	0
ENSMMUG00000057057	0
ENSMMUG00000021096	2
ENSMMUG00000053751	0
ENSMMUG00000005790	17
ENSMMUG00000059382	0
ENSMMUG00000019148	58
ENSMMUG00000005377	0
ENSMMUG00000057907	0
ENSMMUG00000005637	0
ENSMMUG00000065160	0
ENSMMUG00000051424	0
ENSMMUG00000060234	0
ENSMMUG00000058496	0
ENSMMUG00000059488	0
ENSMMUG00000006884	0
ENSMMUG00000018018	49
ENSMMUG00000036844	0
ENSMMUG00000008995	0
ENSMMUG00000035402	0
ENSMMUG00000058041	2
ENSMMUG00000052783	0
ENSMMUG00000058951	0
ENSMMUG00000058522	0
ENSMMUG00000025110	0
ENSMMUG00000037603	0
ENSMMUG00000035596	0
ENSMMUG00000063353	0
ENSMMUG00000054975	0
ENSMMUG00000061478	26
ENSMMUG00000049570	0
ENSMMUG00000008239	376
ENSMMUG00000043126	0
ENSMMUG00000060879	0
ENSMMUG00000058019	0
ENSMMUG00000062209	0
ENSMMUG00000057854	0
ENSMMUG00000057157	0
ENSMMUG00000013194	10
ENSMMUG00000002166	1
ENSMMUG00000017759	0
ENSMMUG00000042216	0
ENSMMUG00000060817	0
ENSMMUG00000063817	0
ENSMMUG00000037436	0
ENSMMUG00000053394	0
ENSMMUG00000045779	0
ENSMMUG00000018021	160
ENSMMUG00000064138	0
ENSMMUG00000003424	0
ENSMMUG00000055122	0
ENSMMUG00000057124	0
ENSMMUG00000005376	35
ENSMMUG00000060098	6
ENSMMUG00000013260	0
ENSMMUG00000054673	0
ENSMMUG00000003421	0
ENSMMUG00000028663	0
ENSMMUG00000061370	12
ENSMMUG00000019151	59
ENSMMUG00000052505	0
ENSMMUG00000017760	1
ENSMMUG00000030090	1
ENSMMUG00000030389	9
ENSMMUG00000020868	0
ENSMMUG00000053331	5
ENSMMUG00000062583	1
ENSMMUG00000055324	0
ENSMMUG00000051625	0
ENSMMUG00000003291	3
ENSMMUG00000012825	0
ENSMMUG00000055051	0
ENSMMUG00000030321	0
ENSMMUG00000062283	0
ENSMMUG00000062176	0
ENSMMUG00000042407	0
ENSMMUG00000037573	3
ENSMMUG00000051420	0
ENSMMUG00000009349	8
ENSMMUG00000055048	0
ENSMMUG00000056174	0
ENSMMUG00000052674	13
ENSMMUG00000045203	0
ENSMMUG00000014195	0
ENSMMUG00000056998	0
ENSMMUG00000017763	0
ENSMMUG00000061097	0
ENSMMUG00000026925	0
ENSMMUG00000035120	0
ENSMMUG00000016397	0
ENSMMUG00000063133	0
ENSMMUG00000026330	2
ENSMMUG00000022684	0
ENSMMUG00000035595	0
ENSMMUG00000005791	0
ENSMMUG00000050358	2
ENSMMUG00000052130	0
ENSMMUG00000060129	0
ENSMMUG00000050422	6
ENSMMUG00000044447	7
ENSMMUG00000062493	0
ENSMMUG00000003414	2
ENSMMUG00000057001	0
ENSMMUG00000020893	30
ENSMMUG00000021975	4
ENSMMUG00000022212	0
ENSMMUG00000049807	0
ENSMMUG00000055131	0
ENSMMUG00000056240	0
ENSMMUG00000057095	0
ENSMMUG00000050005	0
ENSMMUG00000039462	3
ENSMMUG00000058589	2
ENSMMUG00000011058	0
ENSMMUG00000012239	0
ENSMMUG00000003539	16
ENSMMUG00000063156	54
ENSMMUG00000052220	7
ENSMMUG00000049929	0
ENSMMUG00000056969	1
ENSMMUG00000010904	3
ENSMMUG00000005792	7
ENSMMUG00000012240	1
ENSMMUG00000010707	8
ENSMMUG00000018031	50
ENSMMUG00000037732	0
ENSMMUG00000054566	0
ENSMMUG00000057820	0
ENSMMUG00000049537	0
ENSMMUG00000002167	0
ENSMMUG00000035478	0
ENSMMUG00000056697	0
ENSMMUG00000020322	0
ENSMMUG00000003292	19
ENSMMUG00000049898	0
ENSMMUG00000051322	31
ENSMMUG00000062564	17
ENSMMUG00000064762	0
ENSMMUG00000064446	0
ENSMMUG00000055290	9
ENSMMUG00000064072	0
ENSMMUG00000051012	5
ENSMMUG00000062769	0
ENSMMUG00000049376	0
ENSMMUG00000063103	0
ENSMMUG00000051537	0
ENSMMUG00000013263	0
ENSMMUG00000056764	38
ENSMMUG00000058359	0
ENSMMUG00000001266	469
ENSMMUG00000056814	196
ENSMMUG00000056055	1
ENSMMUG00000013313	0
ENSMMUG00000058097	7
ENSMMUG00000006018	3
ENSMMUG00000015883	9
ENSMMUG00000018011	0
ENSMMUG00000004756	10
ENSMMUG00000038311	0
ENSMMUG00000054327	0
ENSMMUG00000005798	0
ENSMMUG00000058142	0
ENSMMUG00000057251	0
ENSMMUG00000034931	0
ENSMMUG00000043543	0
ENSMMUG00000018967	11
ENSMMUG00000056831	0
ENSMMUG00000058158	41
ENSMMUG00000061653	0
ENSMMUG00000054855	0
ENSMMUG00000065236	0
ENSMMUG00000032617	0
ENSMMUG00000005793	0
ENSMMUG00000058847	0
ENSMMUG00000009398	0
ENSMMUG00000023411	0
ENSMMUG00000039682	0
ENSMMUG00000063712	0
ENSMMUG00000022120	0
ENSMMUG00000015120	0
ENSMMUG00000009597	0
ENSMMUG00000034861	0
ENSMMUG00000048948	0
ENSMMUG00000040830	0
ENSMMUG00000002168	0
ENSMMUG00000017256	0
ENSMMUG00000050517	0
ENSMMUG00000023412	8
ENSMMUG00000001110	63
ENSMMUG00000018378	0
ENSMMUG00000000711	0
ENSMMUG00000018970	0
ENSMMUG00000054035	0
ENSMMUG00000021669	6
ENSMMUG00000054521	0
ENSMMUG00000051981	0
ENSMMUG00000003206	0
ENSMMUG00000060397	52
ENSMMUG00000009602	0
ENSMMUG00000023388	3
ENSMMUG00000064618	0
ENSMMUG00000018973	1
ENSMMUG00000059321	0
ENSMMUG00000005352	8
ENSMMUG00000006066	0
ENSMMUG00000023389	4
ENSMMUG00000009715	0
ENSMMUG00000009604	0
ENSMMUG00000056406	0
ENSMMUG00000032863	0
ENSMMUG00000021519	0
ENSMMUG00000062600	0
ENSMMUG00000013411	44
ENSMMUG00000059631	0
ENSMMUG00000009399	0
ENSMMUG00000062334	12
ENSMMUG00000007535	13
ENSMMUG00000051755	0
ENSMMUG00000009713	47
ENSMMUG00000024647	0
ENSMMUG00000026614	0
ENSMMUG00000022273	86
ENSMMUG00000064520	0
ENSMMUG00000016264	890
ENSMMUG00000006068	0
ENSMMUG00000022121	11
ENSMMUG00000017252	0
ENSMMUG00000050192	0
ENSMMUG00000059624	0
ENSMMUG00000058688	30
ENSMMUG00000024555	0
ENSMMUG00000050973	0
ENSMMUG00000014039	0
ENSMMUG00000035823	0
ENSMMUG00000022408	16
ENSMMUG00000064117	0
ENSMMUG00000033551	0
ENSMMUG00000064643	0
ENSMMUG00000001111	0
ENSMMUG00000023391	0
ENSMMUG00000016266	5
ENSMMUG00000065168	0
ENSMMUG00000006804	6
ENSMMUG00000022644	8
ENSMMUG00000022628	0
ENSMMUG00000054003	0
ENSMMUG00000023392	0
ENSMMUG00000017249	10
ENSMMUG00000022123	14
ENSMMUG00000050599	0
ENSMMUG00000023976	0
ENSMMUG00000059576	0
ENSMMUG00000064677	4
ENSMMUG00000058443	0
ENSMMUG00000060368	0
ENSMMUG00000058751	0
ENSMMUG00000021668	0
ENSMMUG00000008556	1
ENSMMUG00000022627	0
ENSMMUG00000022411	2
ENSMMUG00000005355	0
ENSMMUG00000050615	48
ENSMMUG00000011968	0
ENSMMUG00000017242	0
ENSMMUG00000057028	1
ENSMMUG00000049725	0
ENSMMUG00000018089	0
ENSMMUG00000055713	0
ENSMMUG00000054628	0
ENSMMUG00000040733	0
ENSMMUG00000001228	0
ENSMMUG00000027038	0
ENSMMUG00000019662	5
ENSMMUG00000057664	0
ENSMMUG00000058374	0
ENSMMUG00000018984	0
ENSMMUG00000057971	0
ENSMMUG00000018090	0
ENSMMUG00000026904	0
ENSMMUG00000052025	0
ENSMMUG00000049631	0
ENSMMUG00000006806	68
ENSMMUG00000052655	13
ENSMMUG00000017240	0
ENSMMUG00000062104	94
ENSMMUG00000060082	3
ENSMMUG00000021613	0
ENSMMUG00000002958	4
ENSMMUG00000063070	0
ENSMMUG00000022412	25
ENSMMUG00000058155	0
ENSMMUG00000017236	7
ENSMMUG00000009504	0
ENSMMUG00000002959	1
ENSMMUG00000032629	0
ENSMMUG00000054036	0
ENSMMUG00000022414	30
ENSMMUG00000050793	0
ENSMMUG00000018092	2
ENSMMUG00000060280	0
ENSMMUG00000012054	9
ENSMMUG00000009884	0
ENSMMUG00000056072	2
ENSMMUG00000001583	11
ENSMMUG00000063482	14
ENSMMUG00000013412	0
ENSMMUG00000001585	6
ENSMMUG00000062134	0
ENSMMUG00000053287	99
ENSMMUG00000023027	0
ENSMMUG00000020251	0
ENSMMUG00000062602	0
ENSMMUG00000049987	0
ENSMMUG00000017234	0
ENSMMUG00000009886	2
ENSMMUG00000006808	11
ENSMMUG00000051894	0
ENSMMUG00000053611	7
ENSMMUG00000016300	0
ENSMMUG00000009887	64
ENSMMUG00000055866	1
ENSMMUG00000001586	15
ENSMMUG00000056616	0
ENSMMUG00000004708	7
ENSMMUG00000017233	7
ENSMMUG00000009889	73
ENSMMUG00000016867	16
ENSMMUG00000017231	0
ENSMMUG00000023028	7
ENSMMUG00000050575	0
ENSMMUG00000061926	0
ENSMMUG00000012608	1
ENSMMUG00000016796	14
ENSMMUG00000008260	2
ENSMMUG00000008263	26
ENSMMUG00000051655	11
ENSMMUG00000001589	3
ENSMMUG00000047080	0
ENSMMUG00000061636	0
ENSMMUG00000008831	1
ENSMMUG00000061024	0
ENSMMUG00000002132	12
ENSMMUG00000036583	0
ENSMMUG00000060732	0
ENSMMUG00000056244	0
ENSMMUG00000061019	1
ENSMMUG00000045575	0
ENSMMUG00000016797	0
ENSMMUG00000022994	8
ENSMMUG00000005183	2
ENSMMUG00000008833	5
ENSMMUG00000055435	0
ENSMMUG00000061643	21
ENSMMUG00000057632	0
ENSMMUG00000050954	0
ENSMMUG00000002133	8
ENSMMUG00000019180	10
ENSMMUG00000034455	49
ENSMMUG00000062478	25
ENSMMUG00000006086	0
ENSMMUG00000004710	11
ENSMMUG00000001321	23
ENSMMUG00000016751	65
ENSMMUG00000007293	0
ENSMMUG00000054555	31
ENSMMUG00000051815	25
ENSMMUG00000006090	0
ENSMMUG00000002414	0
ENSMMUG00000057472	0
ENSMMUG00000063126	0
ENSMMUG00000006091	176
ENSMMUG00000059568	0
ENSMMUG00000061312	0
ENSMMUG00000051633	56
ENSMMUG00000018010	0
ENSMMUG00000025926	0
ENSMMUG00000058715	0
ENSMMUG00000056133	0
ENSMMUG00000050860	0
ENSMMUG00000016414	0
ENSMMUG00000061270	0
ENSMMUG00000026204	0
ENSMMUG00000046918	0
ENSMMUG00000027582	0
ENSMMUG00000027366	0
ENSMMUG00000032856	0
ENSMMUG00000049617	0
ENSMMUG00000051743	539
ENSMMUG00000046417	0
ENSMMUG00000026059	0
ENSMMUG00000009734	3
ENSMMUG00000030250	3
ENSMMUG00000057277	0
ENSMMUG00000004457	0
ENSMMUG00000054680	0
ENSMMUG00000016417	0
ENSMMUG00000009759	0
ENSMMUG00000016418	3
ENSMMUG00000021407	7
ENSMMUG00000006093	0
ENSMMUG00000061107	0
ENSMMUG00000049610	0
ENSMMUG00000016755	35
ENSMMUG00000020840	0
ENSMMUG00000051851	0
ENSMMUG00000021408	0
ENSMMUG00000042657	29
ENSMMUG00000002776	5
ENSMMUG00000016757	60
ENSMMUG00000051718	138
ENSMMUG00000052884	0
ENSMMUG00000000256	0
ENSMMUG00000009589	0
ENSMMUG00000064405	0
ENSMMUG00000019184	218
ENSMMUG00000056565	0
ENSMMUG00000000258	0
ENSMMUG00000058566	0
ENSMMUG00000002150	0
ENSMMUG00000009243	0
ENSMMUG00000002149	0
ENSMMUG00000009242	1
ENSMMUG00000009590	1
ENSMMUG00000009949	5
ENSMMUG00000033116	0
ENSMMUG00000028628	0
ENSMMUG00000062399	10
ENSMMUG00000054729	32
ENSMMUG00000012523	2
ENSMMUG00000016616	61
ENSMMUG00000012884	0
ENSMMUG00000021553	0
ENSMMUG00000059988	0
ENSMMUG00000012641	10
ENSMMUG00000012887	1
ENSMMUG00000021554	21
ENSMMUG00000012888	0
ENSMMUG00000029971	2
ENSMMUG00000061456	0
ENSMMUG00000062610	0
ENSMMUG00000012889	8
ENSMMUG00000027530	0
ENSMMUG00000016685	0
ENSMMUG00000021557	59
ENSMMUG00000016761	0
ENSMMUG00000024931	10
ENSMMUG00000062986	0
ENSMMUG00000060309	3
ENSMMUG00000058966	1
ENSMMUG00000009937	0
ENSMMUG00000005080	0
ENSMMUG00000053260	0
ENSMMUG00000040773	0
ENSMMUG00000060763	134
ENSMMUG00000048903	7
ENSMMUG00000060937	3
ENSMMUG00000062263	2
ENSMMUG00000050526	0
ENSMMUG00000016762	1
ENSMMUG00000022857	0
ENSMMUG00000012685	7
ENSMMUG00000009938	7
ENSMMUG00000056322	0
ENSMMUG00000022858	75
ENSMMUG00000012890	3
ENSMMUG00000051869	241
ENSMMUG00000001870	0
ENSMMUG00000016768	17
ENSMMUG00000011094	8
ENSMMUG00000007309	81
ENSMMUG00000056309	5
ENSMMUG00000012893	2
ENSMMUG00000062720	0
ENSMMUG00000058707	0
ENSMMUG00000012895	1
ENSMMUG00000022859	4
ENSMMUG00000002194	17
ENSMMUG00000012898	0
ENSMMUG00000049343	0
ENSMMUG00000002195	117
ENSMMUG00000010887	1
ENSMMUG00000016769	134
ENSMMUG00000016771	12
ENSMMUG00000061285	2
ENSMMUG00000050845	1
ENSMMUG00000009283	0
ENSMMUG00000010892	0
ENSMMUG00000052004	0
ENSMMUG00000009771	0
ENSMMUG00000023706	0
ENSMMUG00000039847	6
ENSMMUG00000012855	84
ENSMMUG00000053829	0
ENSMMUG00000013833	0
ENSMMUG00000012856	7
ENSMMUG00000022968	0
ENSMMUG00000057593	17
ENSMMUG00000007876	0
ENSMMUG00000004872	11
ENSMMUG00000055993	0
ENSMMUG00000055588	0
ENSMMUG00000051462	2
ENSMMUG00000030381	2
ENSMMUG00000063621	0
ENSMMUG00000027805	0
ENSMMUG00000049671	0
ENSMMUG00000057492	0
ENSMMUG00000051001	0
ENSMMUG00000023707	0
ENSMMUG00000018538	0
ENSMMUG00000011358	0
ENSMMUG00000000578	0
ENSMMUG00000018539	0
ENSMMUG00000041327	8
ENSMMUG00000000580	9
ENSMMUG00000061694	10
ENSMMUG00000036288	0
ENSMMUG00000018541	0
ENSMMUG00000055104	0
ENSMMUG00000047925	925
ENSMMUG00000050536	15
ENSMMUG00000015185	4
ENSMMUG00000025102	0
ENSMMUG00000045792	0
ENSMMUG00000017521	1
ENSMMUG00000061439	0
ENSMMUG00000063431	0
ENSMMUG00000041899	0
ENSMMUG00000033446	0
ENSMMUG00000061210	0
ENSMMUG00000062904	0
ENSMMUG00000050006	0
ENSMMUG00000027687	0
ENSMMUG00000059016	0
ENSMMUG00000060431	0
ENSMMUG00000062459	0
ENSMMUG00000064989	0
ENSMMUG00000049438	0
ENSMMUG00000052203	0
ENSMMUG00000061954	0
ENSMMUG00000065006	0
ENSMMUG00000057175	0
ENSMMUG00000049393	0
ENSMMUG00000058508	0
ENSMMUG00000002896	0
ENSMMUG00000023777	0
ENSMMUG00000058235	0
ENSMMUG00000058265	0
ENSMMUG00000058822	0
ENSMMUG00000014213	0
ENSMMUG00000011888	0
ENSMMUG00000054170	0
ENSMMUG00000019500	0
ENSMMUG00000000392	0
ENSMMUG00000015103	0
ENSMMUG00000003108	0
ENSMMUG00000053253	3
ENSMMUG00000063334	0
ENSMMUG00000019498	0
ENSMMUG00000020276	2
ENSMMUG00000053335	0
ENSMMUG00000060536	0
ENSMMUG00000043574	0
ENSMMUG00000047001	3
ENSMMUG00000060870	0
ENSMMUG00000061042	0
ENSMMUG00000020274	123
ENSMMUG00000054493	0
ENSMMUG00000050892	0
ENSMMUG00000063740	0
ENSMMUG00000051011	0
ENSMMUG00000044277	0
ENSMMUG00000021415	17
ENSMMUG00000006900	0
ENSMMUG00000006428	0
ENSMMUG00000055335	0
ENSMMUG00000046237	9
ENSMMUG00000029103	0
ENSMMUG00000011895	14
ENSMMUG00000012439	125
ENSMMUG00000064535	111
ENSMMUG00000061940	1
ENSMMUG00000044693	0
ENSMMUG00000036200	1
ENSMMUG00000055367	0
ENSMMUG00000057398	0
ENSMMUG00000022713	3
ENSMMUG00000022714	187
ENSMMUG00000013967	0
ENSMMUG00000059923	0
ENSMMUG00000049893	0
ENSMMUG00000061289	0
ENSMMUG00000064544	0
ENSMMUG00000058613	0
ENSMMUG00000047806	6
ENSMMUG00000012440	13
ENSMMUG00000055543	0
ENSMMUG00000057601	0
ENSMMUG00000020273	0
ENSMMUG00000008491	56
ENSMMUG00000013877	0
ENSMMUG00000054150	4
ENSMMUG00000050234	0
ENSMMUG00000018849	0
ENSMMUG00000062998	0
ENSMMUG00000050496	0
ENSMMUG00000016310	1
ENSMMUG00000057762	0
ENSMMUG00000061546	107
ENSMMUG00000047388	1
ENSMMUG00000058248	0
ENSMMUG00000049606	0
ENSMMUG00000051976	12
ENSMMUG00000023525	0
ENSMMUG00000018992	1
ENSMMUG00000057879	0
ENSMMUG00000021518	10
ENSMMUG00000058042	0
ENSMMUG00000050360	0
ENSMMUG00000018986	0
ENSMMUG00000064932	0
ENSMMUG00000052068	0
ENSMMUG00000009845	0
ENSMMUG00000000029	10
ENSMMUG00000064294	0
ENSMMUG00000005699	0
ENSMMUG00000034413	12
ENSMMUG00000062291	0
ENSMMUG00000024045	0
ENSMMUG00000059323	0
ENSMMUG00000062862	0
ENSMMUG00000051469	0
ENSMMUG00000018978	1
ENSMMUG00000050057	0
ENSMMUG00000058254	0
ENSMMUG00000061708	377
ENSMMUG00000057975	0
ENSMMUG00000056885	0
ENSMMUG00000028392	0
ENSMMUG00000055895	0
ENSMMUG00000029108	2
ENSMMUG00000043440	37
ENSMMUG00000054426	0
ENSMMUG00000000524	0
ENSMMUG00000053141	0
ENSMMUG00000008264	0
ENSMMUG00000022217	0
ENSMMUG00000057384	0
ENSMMUG00000000032	0
ENSMMUG00000000525	0
ENSMMUG00000059511	0
ENSMMUG00000053126	0
ENSMMUG00000049484	5
ENSMMUG00000057757	0
ENSMMUG00000059883	0
ENSMMUG00000020847	0
ENSMMUG00000061908	0
ENSMMUG00000057032	0
ENSMMUG00000018985	1
ENSMMUG00000019881	0
ENSMMUG00000011268	6
ENSMMUG00000050876	0
ENSMMUG00000042852	0
ENSMMUG00000054874	0
ENSMMUG00000049464	0
ENSMMUG00000054410	116
ENSMMUG00000064246	0
ENSMMUG00000016422	37
ENSMMUG00000021261	0
ENSMMUG00000020521	6
ENSMMUG00000023471	0
ENSMMUG00000035154	0
ENSMMUG00000058571	0
ENSMMUG00000002991	1
ENSMMUG00000050386	0
ENSMMUG00000054212	0
ENSMMUG00000051196	0
ENSMMUG00000064302	0
ENSMMUG00000021102	2
ENSMMUG00000050808	0
ENSMMUG00000043361	0
ENSMMUG00000065197	0
ENSMMUG00000052361	0
ENSMMUG00000061749	0
ENSMMUG00000062229	0
ENSMMUG00000008365	0
ENSMMUG00000050070	5
ENSMMUG00000061168	0
ENSMMUG00000037090	28
ENSMMUG00000065086	0
ENSMMUG00000009683	6
ENSMMUG00000006752	0
ENSMMUG00000062830	0
ENSMMUG00000049345	0
ENSMMUG00000008119	2
ENSMMUG00000008657	245
ENSMMUG00000056868	0
ENSMMUG00000057935	0
ENSMMUG00000051827	0
ENSMMUG00000001944	19
ENSMMUG00000020525	0
ENSMMUG00000020065	0
ENSMMUG00000019826	6
ENSMMUG00000002989	69
ENSMMUG00000020523	1
ENSMMUG00000009684	15
ENSMMUG00000029101	1
ENSMMUG00000063803	0
ENSMMUG00000060060	0
ENSMMUG00000064042	0
ENSMMUG00000040803	0
ENSMMUG00000052084	0
ENSMMUG00000061888	0
ENSMMUG00000023986	0
ENSMMUG00000060863	0
ENSMMUG00000037097	0
ENSMMUG00000000044	16
ENSMMUG00000061963	0
ENSMMUG00000003116	0
ENSMMUG00000010142	0
ENSMMUG00000057819	156
ENSMMUG00000002984	39
ENSMMUG00000017304	2
ENSMMUG00000053828	0
ENSMMUG00000051210	21
ENSMMUG00000016491	0
ENSMMUG00000061634	0
ENSMMUG00000021210	1
ENSMMUG00000054235	0
ENSMMUG00000017608	0
ENSMMUG00000016245	0
ENSMMUG00000062543	4
ENSMMUG00000063872	0
ENSMMUG00000059635	0
ENSMMUG00000042891	0
ENSMMUG00000062754	3
ENSMMUG00000017610	9
ENSMMUG00000063535	27
ENSMMUG00000016726	0
ENSMMUG00000010956	0
ENSMMUG00000052380	0
ENSMMUG00000057743	3
ENSMMUG00000016143	18
ENSMMUG00000038393	0
ENSMMUG00000003118	200
ENSMMUG00000026053	0
ENSMMUG00000050343	0
ENSMMUG00000016727	0
ENSMMUG00000010836	0
ENSMMUG00000060075	0
ENSMMUG00000022037	3
ENSMMUG00000021844	11
ENSMMUG00000021841	3
ENSMMUG00000005913	0
ENSMMUG00000044729	3
ENSMMUG00000059458	0
ENSMMUG00000059545	0
ENSMMUG00000020580	0
ENSMMUG00000062198	5
ENSMMUG00000011587	0
ENSMMUG00000021843	4
ENSMMUG00000051299	0
ENSMMUG00000000978	0
ENSMMUG00000050276	0
ENSMMUG00000060993	0
ENSMMUG00000055358	1
ENSMMUG00000056165	0
ENSMMUG00000010955	2
ENSMMUG00000052031	0
ENSMMUG00000052811	0
ENSMMUG00000064158	0
ENSMMUG00000050432	0
ENSMMUG00000049583	0
ENSMMUG00000060713	0
ENSMMUG00000058907	0
ENSMMUG00000029083	0
ENSMMUG00000033297	0
ENSMMUG00000010919	0
ENSMMUG00000056161	0
ENSMMUG00000019726	0
ENSMMUG00000015758	1
ENSMMUG00000021845	15
ENSMMUG00000017615	60
ENSMMUG00000022825	0
ENSMMUG00000033025	0
ENSMMUG00000019242	10
ENSMMUG00000021846	95
ENSMMUG00000002629	0
ENSMMUG00000061461	0
ENSMMUG00000020614	0
ENSMMUG00000006499	9
ENSMMUG00000002630	0
ENSMMUG00000003119	198
ENSMMUG00000059063	0
ENSMMUG00000053812	0
ENSMMUG00000056241	0
ENSMMUG00000061049	0
ENSMMUG00000009849	0
ENSMMUG00000000979	3
ENSMMUG00000061818	31
ENSMMUG00000010953	0
ENSMMUG00000049384	0
ENSMMUG00000029071	0
ENSMMUG00000055257	0
ENSMMUG00000017305	0
ENSMMUG00000056326	0
ENSMMUG00000056849	0
ENSMMUG00000017306	0
ENSMMUG00000000566	5
ENSMMUG00000044909	35
ENSMMUG00000062791	0
ENSMMUG00000020056	0
ENSMMUG00000035789	0
ENSMMUG00000001561	1
ENSMMUG00000017496	2
ENSMMUG00000052592	0
ENSMMUG00000059453	0
ENSMMUG00000062623	0
ENSMMUG00000029070	0
ENSMMUG00000013806	5
ENSMMUG00000050902	3
ENSMMUG00000058016	0
ENSMMUG00000007777	47
ENSMMUG00000019868	1
ENSMMUG00000052495	12
ENSMMUG00000037975	123
ENSMMUG00000021847	11
ENSMMUG00000055973	0
ENSMMUG00000036532	0
ENSMMUG00000037239	0
ENSMMUG00000059660	0
ENSMMUG00000063157	0
ENSMMUG00000020053	9
ENSMMUG00000021041	21
ENSMMUG00000063053	0
ENSMMUG00000029159	3
ENSMMUG00000064237	1
ENSMMUG00000056305	2
ENSMMUG00000008364	1
ENSMMUG00000022867	11
ENSMMUG00000054948	68
ENSMMUG00000019869	4
ENSMMUG00000001563	0
ENSMMUG00000058502	0
ENSMMUG00000057026	0
ENSMMUG00000050042	17
ENSMMUG00000001564	22
ENSMMUG00000063076	0
ENSMMUG00000053370	0
ENSMMUG00000053317	0
ENSMMUG00000059156	0
ENSMMUG00000061757	278
ENSMMUG00000057750	0
ENSMMUG00000051105	0
ENSMMUG00000054137	18
ENSMMUG00000057530	0
ENSMMUG00000012207	10
ENSMMUG00000020583	3
ENSMMUG00000020839	2
ENSMMUG00000008784	4
ENSMMUG00000053100	0
ENSMMUG00000014271	2
ENSMMUG00000049042	0
ENSMMUG00000016876	15
ENSMMUG00000002066	12
ENSMMUG00000051692	0
ENSMMUG00000059093	0
ENSMMUG00000018035	2
ENSMMUG00000036656	0
ENSMMUG00000000001	1
ENSMMUG00000061201	0
ENSMMUG00000056388	7
ENSMMUG00000056339	184
ENSMMUG00000062037	16
ENSMMUG00000051684	7
ENSMMUG00000049212	0
ENSMMUG00000058815	1
ENSMMUG00000006133	0
ENSMMUG00000062578	3
ENSMMUG00000014240	50
ENSMMUG00000025960	0
ENSMMUG00000012209	7
ENSMMUG00000006514	20
ENSMMUG00000000680	0
ENSMMUG00000044344	197
ENSMMUG00000018102	9
ENSMMUG00000008134	30
ENSMMUG00000006515	2
ENSMMUG00000063466	0
ENSMMUG00000001389	0
ENSMMUG00000052883	5
ENSMMUG00000055889	1
ENSMMUG00000000002	0
ENSMMUG00000034264	10
ENSMMUG00000019496	118
ENSMMUG00000007559	29
ENSMMUG00000051441	8
ENSMMUG00000020055	0
ENSMMUG00000063344	0
ENSMMUG00000060314	0
ENSMMUG00000050851	0
ENSMMUG00000058174	0
ENSMMUG00000017200	0
ENSMMUG00000060791	0
ENSMMUG00000057563	22
ENSMMUG00000052099	0
ENSMMUG00000036385	32
ENSMMUG00000060850	0
ENSMMUG00000016879	0
ENSMMUG00000055540	0
ENSMMUG00000050693	13
ENSMMUG00000020540	20
ENSMMUG00000061577	0
ENSMMUG00000061548	0
ENSMMUG00000005751	3
ENSMMUG00000019095	20
ENSMMUG00000008568	0
ENSMMUG00000055190	0
ENSMMUG00000017440	0
ENSMMUG00000064095	0
ENSMMUG00000059006	0
ENSMMUG00000059872	0
ENSMMUG00000005906	0
ENSMMUG00000061224	0
ENSMMUG00000008253	0
ENSMMUG00000026289	0
ENSMMUG00000058437	0
ENSMMUG00000001121	13
ENSMMUG00000063027	0
ENSMMUG00000041138	0
ENSMMUG00000039311	0
ENSMMUG00000052851	0
ENSMMUG00000065237	0
ENSMMUG00000057658	12
ENSMMUG00000043421	0
ENSMMUG00000011242	2
ENSMMUG00000046788	0
ENSMMUG00000008569	5
ENSMMUG00000000677	0
ENSMMUG00000011658	0
ENSMMUG00000061028	0
ENSMMUG00000056944	0
ENSMMUG00000035560	0
ENSMMUG00000041036	114
ENSMMUG00000037082	0
ENSMMUG00000004475	0
ENSMMUG00000010393	0
ENSMMUG00000005754	4
ENSMMUG00000051604	0
ENSMMUG00000027952	0
ENSMMUG00000013296	5
ENSMMUG00000011459	55
ENSMMUG00000041867	0
ENSMMUG00000061415	0
ENSMMUG00000050411	24
ENSMMUG00000020268	0
ENSMMUG00000009109	0
ENSMMUG00000060539	27
ENSMMUG00000048906	0
ENSMMUG00000020266	0
ENSMMUG00000005625	0
ENSMMUG00000004478	2
ENSMMUG00000011850	0
ENSMMUG00000019188	0
ENSMMUG00000057052	0
ENSMMUG00000052413	165
ENSMMUG00000057678	0
ENSMMUG00000054292	0
ENSMMUG00000055690	7
ENSMMUG00000009901	27
ENSMMUG00000015942	0
ENSMMUG00000033742	17
ENSMMUG00000051300	34
ENSMMUG00000052127	0
ENSMMUG00000009473	0
ENSMMUG00000057648	271
ENSMMUG00000020254	0
ENSMMUG00000063859	22
ENSMMUG00000049815	0
ENSMMUG00000054358	2
ENSMMUG00000009898	144
ENSMMUG00000062077	0
ENSMMUG00000050939	0
ENSMMUG00000054732	0
ENSMMUG00000036629	0
ENSMMUG00000051226	74
ENSMMUG00000022177	0
ENSMMUG00000000540	0
ENSMMUG00000064851	0
ENSMMUG00000004442	0
ENSMMUG00000020258	8
ENSMMUG00000064050	12
ENSMMUG00000010556	7
ENSMMUG00000059526	0
ENSMMUG00000061463	0
ENSMMUG00000016108	0
ENSMMUG00000037115	1
ENSMMUG00000035826	0
ENSMMUG00000061401	297
ENSMMUG00000050890	0
ENSMMUG00000037718	0
ENSMMUG00000010922	16
ENSMMUG00000018631	1
ENSMMUG00000053059	0
ENSMMUG00000020238	0
ENSMMUG00000049699	44
ENSMMUG00000014618	24
ENSMMUG00000058517	0
ENSMMUG00000050664	0
ENSMMUG00000016183	0
ENSMMUG00000058558	0
ENSMMUG00000063173	0
ENSMMUG00000058480	0
ENSMMUG00000010925	1
ENSMMUG00000013542	0
ENSMMUG00000064119	0
ENSMMUG00000064491	0
ENSMMUG00000059064	0
ENSMMUG00000054080	3
ENSMMUG00000000672	0
ENSMMUG00000022841	11
ENSMMUG00000012407	0
ENSMMUG00000061313	0
ENSMMUG00000029250	5
ENSMMUG00000063878	2
ENSMMUG00000023312	8
ENSMMUG00000060235	0
ENSMMUG00000049822	0
ENSMMUG00000020259	10
ENSMMUG00000053402	48
ENSMMUG00000027550	0
ENSMMUG00000060514	0
ENSMMUG00000058266	0
ENSMMUG00000059800	0
ENSMMUG00000012376	0
ENSMMUG00000048657	115
ENSMMUG00000051251	0
ENSMMUG00000054142	0
ENSMMUG00000060214	0
ENSMMUG00000019632	2
ENSMMUG00000001888	12
ENSMMUG00000041313	0
ENSMMUG00000052116	0
ENSMMUG00000027126	0
ENSMMUG00000045123	28
ENSMMUG00000005756	0
ENSMMUG00000064309	0
ENSMMUG00000063167	0
ENSMMUG00000010366	2
ENSMMUG00000048005	0
ENSMMUG00000046821	140
ENSMMUG00000018858	36
ENSMMUG00000020260	17
ENSMMUG00000053494	2
ENSMMUG00000055178	21
ENSMMUG00000054064	270
ENSMMUG00000051627	0
ENSMMUG00000051282	14
ENSMMUG00000060869	0
ENSMMUG00000016637	207
ENSMMUG00000018961	0
ENSMMUG00000046691	2
ENSMMUG00000023178	20
ENSMMUG00000016717	39
ENSMMUG00000020263	2
ENSMMUG00000056628	1
ENSMMUG00000013560	0
ENSMMUG00000011940	4
ENSMMUG00000009454	0
ENSMMUG00000033017	0
ENSMMUG00000050837	0
ENSMMUG00000054061	0
ENSMMUG00000052589	4
ENSMMUG00000045592	0
ENSMMUG00000065240	0
ENSMMUG00000053589	14
ENSMMUG00000062197	0
ENSMMUG00000054877	0
ENSMMUG00000014621	100
ENSMMUG00000059572	0
ENSMMUG00000059539	0
ENSMMUG00000018111	181
ENSMMUG00000052992	388
ENSMMUG00000003916	0
ENSMMUG00000023891	0
ENSMMUG00000039735	2
ENSMMUG00000036965	0
ENSMMUG00000061767	0
ENSMMUG00000058220	7
ENSMMUG00000021520	50
ENSMMUG00000056899	0
ENSMMUG00000011244	8
ENSMMUG00000057850	0
ENSMMUG00000050648	0
ENSMMUG00000057160	210
ENSMMUG00000059112	0
ENSMMUG00000038005	1
ENSMMUG00000015908	0
ENSMMUG00000015884	0
ENSMMUG00000054300	0
ENSMMUG00000054704	0
ENSMMUG00000022897	40
ENSMMUG00000009688	11
ENSMMUG00000010367	751
ENSMMUG00000058260	0
ENSMMUG00000003857	0
ENSMMUG00000054896	0
ENSMMUG00000004212	0
ENSMMUG00000029122	0
ENSMMUG00000052570	0
ENSMMUG00000059990	6
ENSMMUG00000016716	17
ENSMMUG00000018594	0
ENSMMUG00000053365	0
ENSMMUG00000056771	0
ENSMMUG00000056419	0
ENSMMUG00000061286	4
ENSMMUG00000060835	0
ENSMMUG00000014625	97
ENSMMUG00000011245	5
ENSMMUG00000037756	0
ENSMMUG00000004214	21
ENSMMUG00000013778	0
ENSMMUG00000001514	0
ENSMMUG00000060350	117
ENSMMUG00000036715	29
ENSMMUG00000055901	0
ENSMMUG00000057876	12
ENSMMUG00000064751	0
ENSMMUG00000048077	1
ENSMMUG00000057345	2
ENSMMUG00000058718	0
ENSMMUG00000053338	0
ENSMMUG00000060634	22
ENSMMUG00000018597	0
ENSMMUG00000004971	0
ENSMMUG00000014323	16
ENSMMUG00000052257	0
ENSMMUG00000025991	0
ENSMMUG00000020674	81
ENSMMUG00000005331	4
ENSMMUG00000011942	0
ENSMMUG00000010878	0
ENSMMUG00000013837	0
ENSMMUG00000024783	0
ENSMMUG00000057365	0
ENSMMUG00000006911	1
ENSMMUG00000063610	157
ENSMMUG00000050904	0
ENSMMUG00000052810	0
ENSMMUG00000050367	0
ENSMMUG00000009821	0
ENSMMUG00000016636	0
ENSMMUG00000029079	12
ENSMMUG00000026955	0
ENSMMUG00000062523	0
ENSMMUG00000057522	0
ENSMMUG00000054932	3
ENSMMUG00000061275	0
ENSMMUG00000034773	0
ENSMMUG00000049473	0
ENSMMUG00000041201	0
ENSMMUG00000020878	19
ENSMMUG00000012007	4
ENSMMUG00000058730	0
ENSMMUG00000016635	6
ENSMMUG00000004812	0
ENSMMUG00000061321	22
ENSMMUG00000054637	0
ENSMMUG00000061145	0
ENSMMUG00000011893	17
ENSMMUG00000060298	0
ENSMMUG00000055948	0
ENSMMUG00000000824	8
ENSMMUG00000058737	0
ENSMMUG00000020428	8
ENSMMUG00000018598	6
ENSMMUG00000049708	0
ENSMMUG00000015665	0
ENSMMUG00000016634	1
ENSMMUG00000026254	0
ENSMMUG00000002246	0
ENSMMUG00000009825	0
ENSMMUG00000020880	1
ENSMMUG00000016633	0
ENSMMUG00000000737	7
ENSMMUG00000059033	0
ENSMMUG00000059601	0
ENSMMUG00000062244	18
ENSMMUG00000003288	0
ENSMMUG00000064594	0
ENSMMUG00000014324	3
ENSMMUG00000011894	0
ENSMMUG00000008034	4
ENSMMUG00000027352	0
ENSMMUG00000061291	4
ENSMMUG00000053929	2
ENSMMUG00000052324	0
ENSMMUG00000056930	8
ENSMMUG00000012039	1
ENSMMUG00000020881	12
ENSMMUG00000029105	8
ENSMMUG00000054083	0
ENSMMUG00000064803	0
ENSMMUG00000044474	0
ENSMMUG00000028531	0
ENSMMUG00000058147	0
ENSMMUG00000002018	0
ENSMMUG00000058281	0
ENSMMUG00000017379	0
ENSMMUG00000000738	0
ENSMMUG00000057733	0
ENSMMUG00000053309	0
ENSMMUG00000061995	0
ENSMMUG00000014757	0
ENSMMUG00000002247	0
ENSMMUG00000014326	1
ENSMMUG00000007666	4
ENSMMUG00000050359	0
ENSMMUG00000000739	12
ENSMMUG00000051026	1
ENSMMUG00000054120	0
ENSMMUG00000052120	0
ENSMMUG00000008408	5
ENSMMUG00000056348	0
ENSMMUG00000018255	3
ENSMMUG00000049739	0
ENSMMUG00000056254	0
ENSMMUG00000020592	13
ENSMMUG00000055452	0
ENSMMUG00000061967	0
ENSMMUG00000011795	0
ENSMMUG00000063633	0
ENSMMUG00000028921	0
ENSMMUG00000044307	0
ENSMMUG00000008405	0
ENSMMUG00000007936	8
ENSMMUG00000051854	0
ENSMMUG00000060341	0
ENSMMUG00000062846	0
ENSMMUG00000058510	0
ENSMMUG00000011797	0
ENSMMUG00000055597	0
ENSMMUG00000007937	0
ENSMMUG00000057511	0
ENSMMUG00000017105	115
ENSMMUG00000007667	0
ENSMMUG00000051373	0
ENSMMUG00000008404	0
ENSMMUG00000051335	0
ENSMMUG00000035372	0
ENSMMUG00000010610	0
ENSMMUG00000013329	2
ENSMMUG00000009483	12
ENSMMUG00000008403	0
ENSMMUG00000056561	0
ENSMMUG00000057370	876
ENSMMUG00000009798	0
ENSMMUG00000019189	23
ENSMMUG00000060187	491
ENSMMUG00000008716	9
ENSMMUG00000025257	0
ENSMMUG00000036957	0
ENSMMUG00000025577	0
ENSMMUG00000009484	0
ENSMMUG00000051092	0
ENSMMUG00000040893	0
ENSMMUG00000041596	1
ENSMMUG00000019684	5
ENSMMUG00000064886	7
ENSMMUG00000004717	0
ENSMMUG00000029068	0
ENSMMUG00000029267	3
ENSMMUG00000056653	0
ENSMMUG00000052055	0
ENSMMUG00000051200	2
ENSMMUG00000057470	26
ENSMMUG00000009487	0
ENSMMUG00000017563	694
ENSMMUG00000063509	0
ENSMMUG00000006001	0
ENSMMUG00000062213	3
ENSMMUG00000055251	0
ENSMMUG00000064194	0
ENSMMUG00000009799	8
ENSMMUG00000063968	5
ENSMMUG00000020970	86
ENSMMUG00000057747	0
ENSMMUG00000053231	31
ENSMMUG00000060231	0
ENSMMUG00000051334	0
ENSMMUG00000064131	0
ENSMMUG00000027108	0
ENSMMUG00000041436	0
ENSMMUG00000026888	0
ENSMMUG00000024096	0
ENSMMUG00000045394	0
ENSMMUG00000036994	0
ENSMMUG00000020594	10
ENSMMUG00000062548	6
ENSMMUG00000051323	165
ENSMMUG00000049905	0
ENSMMUG00000015829	5
ENSMMUG00000023843	0
ENSMMUG00000007251	74
ENSMMUG00000013331	2
ENSMMUG00000007943	0
ENSMMUG00000011283	0
ENSMMUG00000015832	10
ENSMMUG00000054262	0
ENSMMUG00000006762	33
ENSMMUG00000000769	21
ENSMMUG00000064961	0
ENSMMUG00000052485	0
ENSMMUG00000013334	0
ENSMMUG00000034689	0
ENSMMUG00000053777	0
ENSMMUG00000050996	27
ENSMMUG00000050033	0
ENSMMUG00000006506	0
ENSMMUG00000061383	0
ENSMMUG00000059278	0
ENSMMUG00000005808	0
ENSMMUG00000017972	3
ENSMMUG00000019900	12
ENSMMUG00000024248	0
ENSMMUG00000007953	1
ENSMMUG00000004718	0
ENSMMUG00000047997	0
ENSMMUG00000054433	5
ENSMMUG00000009805	21
ENSMMUG00000005805	4
ENSMMUG00000006763	1
ENSMMUG00000011001	32
ENSMMUG00000017969	28
ENSMMUG00000053046	0
ENSMMUG00000054538	0
ENSMMUG00000062585	5
ENSMMUG00000003225	4
ENSMMUG00000052399	0
ENSMMUG00000004666	4
ENSMMUG00000052473	13
ENSMMUG00000007960	0
ENSMMUG00000009808	9
ENSMMUG00000017973	9
ENSMMUG00000014311	16
ENSMMUG00000019902	24
ENSMMUG00000006000	0
ENSMMUG00000054054	0
ENSMMUG00000001907	0
ENSMMUG00000037167	2
ENSMMUG00000007254	169
ENSMMUG00000029265	5
ENSMMUG00000047302	0
ENSMMUG00000054564	0
ENSMMUG00000049336	2
ENSMMUG00000014313	0
ENSMMUG00000003339	4
ENSMMUG00000056549	0
ENSMMUG00000061538	0
ENSMMUG00000003230	8
ENSMMUG00000058258	0
ENSMMUG00000008125	0
ENSMMUG00000017945	0
ENSMMUG00000052658	0
ENSMMUG00000041631	0
ENSMMUG00000046052	0
ENSMMUG00000020017	0
ENSMMUG00000064968	0
ENSMMUG00000043912	2
ENSMMUG00000049794	0
ENSMMUG00000002806	0
ENSMMUG00000049327	4
ENSMMUG00000011847	0
ENSMMUG00000062059	0
ENSMMUG00000060100	0
ENSMMUG00000017946	2
ENSMMUG00000018491	0
ENSMMUG00000053202	0
ENSMMUG00000008252	0
ENSMMUG00000025395	0
ENSMMUG00000065136	0
ENSMMUG00000042703	0
ENSMMUG00000007804	6
ENSMMUG00000020350	84
ENSMMUG00000050144	0
ENSMMUG00000038955	1
ENSMMUG00000064765	0
ENSMMUG00000040952	6
ENSMMUG00000064571	20
ENSMMUG00000065089	0
ENSMMUG00000062524	4
ENSMMUG00000052945	0
ENSMMUG00000013082	41
ENSMMUG00000018511	0
ENSMMUG00000001407	44
ENSMMUG00000008254	5
ENSMMUG00000017975	0
ENSMMUG00000003233	5
ENSMMUG00000029125	0
ENSMMUG00000059174	2
ENSMMUG00000034074	0
ENSMMUG00000013088	0
ENSMMUG00000002807	0
ENSMMUG00000009567	7
ENSMMUG00000020421	0
ENSMMUG00000007564	6
ENSMMUG00000013338	5
ENSMMUG00000029176	5
ENSMMUG00000007568	5
ENSMMUG00000013086	0
ENSMMUG00000055591	0
ENSMMUG00000007803	0
ENSMMUG00000065316	10
ENSMMUG00000037727	3
ENSMMUG00000054288	0
ENSMMUG00000013087	12
ENSMMUG00000009569	5
ENSMMUG00000018711	3
ENSMMUG00000046907	0
ENSMMUG00000002808	21
ENSMMUG00000057653	38
ENSMMUG00000003662	0
ENSMMUG00000055198	0
ENSMMUG00000003236	0
ENSMMUG00000007802	0
ENSMMUG00000013492	4
ENSMMUG00000060212	0
ENSMMUG00000055364	0
ENSMMUG00000061015	0
ENSMMUG00000060552	0
ENSMMUG00000058652	4
ENSMMUG00000056137	0
ENSMMUG00000013268	0
ENSMMUG00000013823	146
ENSMMUG00000047071	1
ENSMMUG00000059921	23
ENSMMUG00000049639	0
ENSMMUG00000045936	9
ENSMMUG00000058572	3
ENSMMUG00000005942	0
ENSMMUG00000057957	0
ENSMMUG00000027002	0
ENSMMUG00000052141	0
ENSMMUG00000049436	17
ENSMMUG00000007569	94
ENSMMUG00000058666	0
ENSMMUG00000051620	0
ENSMMUG00000015029	0
ENSMMUG00000012430	17
ENSMMUG00000054811	0
ENSMMUG00000020353	0
ENSMMUG00000058024	0
ENSMMUG00000062653	0
ENSMMUG00000056555	0
ENSMMUG00000013240	1
ENSMMUG00000054992	0
ENSMMUG00000017822	69
ENSMMUG00000064870	0
ENSMMUG00000062230	0
ENSMMUG00000052035	0
ENSMMUG00000049750	1
ENSMMUG00000054438	0
ENSMMUG00000048207	1
ENSMMUG00000063965	0
ENSMMUG00000061898	0
ENSMMUG00000010472	0
ENSMMUG00000061133	0
ENSMMUG00000005520	0
ENSMMUG00000041581	1
ENSMMUG00000062957	0
ENSMMUG00000064299	0
ENSMMUG00000010470	0
ENSMMUG00000026197	0
ENSMMUG00000008924	0
ENSMMUG00000007571	17
ENSMMUG00000062467	0
ENSMMUG00000058116	0
ENSMMUG00000049335	0
ENSMMUG00000054460	0
ENSMMUG00000057565	0
ENSMMUG00000050836	0
ENSMMUG00000045561	0
ENSMMUG00000058956	0
ENSMMUG00000022951	0
ENSMMUG00000018047	0
ENSMMUG00000005139	0
ENSMMUG00000052508	0
ENSMMUG00000053471	0
ENSMMUG00000057178	0
ENSMMUG00000057036	0
ENSMMUG00000051789	0
ENSMMUG00000015570	9
ENSMMUG00000020416	0
ENSMMUG00000057856	0
ENSMMUG00000059578	0
ENSMMUG00000012438	0
ENSMMUG00000011867	1
ENSMMUG00000057621	0
ENSMMUG00000058419	2
ENSMMUG00000045728	13
ENSMMUG00000012860	16
ENSMMUG00000061851	0
ENSMMUG00000063909	2
ENSMMUG00000053124	118
ENSMMUG00000020472	13
ENSMMUG00000058726	88
ENSMMUG00000016031	51
ENSMMUG00000061329	0
ENSMMUG00000002707	8
ENSMMUG00000050027	68
ENSMMUG00000020473	0
ENSMMUG00000005334	2
ENSMMUG00000002708	1
ENSMMUG00000020474	0
ENSMMUG00000055394	0
ENSMMUG00000055118	103
ENSMMUG00000011499	5
ENSMMUG00000062047	0
ENSMMUG00000025438	4
ENSMMUG00000016032	2
ENSMMUG00000052843	4
ENSMMUG00000020372	0
ENSMMUG00000060213	0
ENSMMUG00000062414	0
ENSMMUG00000056573	0
ENSMMUG00000015572	0
ENSMMUG00000057922	0
ENSMMUG00000002201	0
ENSMMUG00000037580	0
ENSMMUG00000007574	0
ENSMMUG00000002709	1
ENSMMUG00000022575	0
ENSMMUG00000017225	0
ENSMMUG00000021866	18
ENSMMUG00000052157	0
ENSMMUG00000058958	0
ENSMMUG00000057170	0
ENSMMUG00000028499	0
ENSMMUG00000055106	0
ENSMMUG00000007494	3
ENSMMUG00000042716	2
ENSMMUG00000020415	29
ENSMMUG00000021868	53
ENSMMUG00000018623	26
ENSMMUG00000053215	0
ENSMMUG00000055853	7
ENSMMUG00000057329	0
ENSMMUG00000002030	2
ENSMMUG00000054425	0
ENSMMUG00000020114	0
ENSMMUG00000038422	0
ENSMMUG00000016411	0
ENSMMUG00000063489	0
ENSMMUG00000063614	3
ENSMMUG00000020475	8
ENSMMUG00000058946	0
ENSMMUG00000050230	0
ENSMMUG00000056132	0
ENSMMUG00000023245	4
ENSMMUG00000006935	0
ENSMMUG00000002033	3
ENSMMUG00000060748	0
ENSMMUG00000008290	0
ENSMMUG00000005914	1
ENSMMUG00000017812	4
ENSMMUG00000029240	43
ENSMMUG00000006938	0
ENSMMUG00000012100	0
ENSMMUG00000020394	0
ENSMMUG00000009002	0
ENSMMUG00000012102	0
ENSMMUG00000049979	0
ENSMMUG00000007397	115
ENSMMUG00000016276	4
ENSMMUG00000020115	1
ENSMMUG00000011980	0
ENSMMUG00000037464	0
ENSMMUG00000009003	0
ENSMMUG00000026409	19
ENSMMUG00000052596	0
ENSMMUG00000024099	39
ENSMMUG00000060962	0
ENSMMUG00000051475	7
ENSMMUG00000053599	13
ENSMMUG00000051703	0
ENSMMUG00000000515	0
ENSMMUG00000060736	11
ENSMMUG00000062854	0
ENSMMUG00000051859	28
ENSMMUG00000065190	1
ENSMMUG00000017161	24
ENSMMUG00000041962	135
ENSMMUG00000016275	0
ENSMMUG00000058748	0
ENSMMUG00000004226	0
ENSMMUG00000015689	0
ENSMMUG00000050173	0
ENSMMUG00000044324	4
ENSMMUG00000003458	0
ENSMMUG00000007400	16
ENSMMUG00000043332	9
ENSMMUG00000033987	0
ENSMMUG00000033587	0
ENSMMUG00000002286	30
ENSMMUG00000004225	0
ENSMMUG00000003171	10
ENSMMUG00000036924	2
ENSMMUG00000016745	6
ENSMMUG00000014349	8
ENSMMUG00000015690	2
ENSMMUG00000006922	4
ENSMMUG00000026636	0
ENSMMUG00000005919	0
ENSMMUG00000015692	0
ENSMMUG00000016746	1100
ENSMMUG00000062181	0
ENSMMUG00000054251	3
ENSMMUG00000062869	0
ENSMMUG00000064184	0
ENSMMUG00000026610	77
ENSMMUG00000062973	41
ENSMMUG00000003174	27
ENSMMUG00000016748	8
ENSMMUG00000017920	1
ENSMMUG00000015695	9
ENSMMUG00000050089	0
ENSMMUG00000006878	4
ENSMMUG00000056532	0
ENSMMUG00000057374	0
ENSMMUG00000051397	0
ENSMMUG00000055197	0
ENSMMUG00000027590	0
ENSMMUG00000037027	0
ENSMMUG00000016752	28
ENSMMUG00000017928	14
ENSMMUG00000015696	6
ENSMMUG00000043945	0
ENSMMUG00000053018	0
ENSMMUG00000006880	8
ENSMMUG00000016753	0
ENSMMUG00000024869	0
ENSMMUG00000029064	2
ENSMMUG00000023527	6
ENSMMUG00000014910	0
ENSMMUG00000057904	0
ENSMMUG00000052219	0
ENSMMUG00000016758	0
ENSMMUG00000057594	1
ENSMMUG00000000899	0
ENSMMUG00000016759	0
ENSMMUG00000047100	0
ENSMMUG00000014908	5
ENSMMUG00000057883	0
ENSMMUG00000002503	19
ENSMMUG00000023526	19
ENSMMUG00000051524	0
ENSMMUG00000062042	0
ENSMMUG00000064659	0
ENSMMUG00000016764	0
ENSMMUG00000052020	0
ENSMMUG00000060501	0
ENSMMUG00000057933	0
ENSMMUG00000022668	3
ENSMMUG00000057476	80
ENSMMUG00000051920	0
ENSMMUG00000061893	0
ENSMMUG00000043703	0
ENSMMUG00000055796	0
ENSMMUG00000002504	4
ENSMMUG00000018287	0
ENSMMUG00000020316	30
ENSMMUG00000002505	1
ENSMMUG00000058046	7
ENSMMUG00000041057	2
ENSMMUG00000059450	0
ENSMMUG00000057839	0
ENSMMUG00000000895	12
ENSMMUG00000022666	3
ENSMMUG00000000896	0
ENSMMUG00000022669	0
ENSMMUG00000003303	2
ENSMMUG00000007052	0
ENSMMUG00000018288	9
ENSMMUG00000010796	0
ENSMMUG00000002506	49
ENSMMUG00000026235	0
ENSMMUG00000015891	0
ENSMMUG00000010800	0
ENSMMUG00000015892	1
ENSMMUG00000029067	28
ENSMMUG00000000897	62
ENSMMUG00000010801	0
ENSMMUG00000003298	5
ENSMMUG00000021653	9
ENSMMUG00000044025	0
ENSMMUG00000060607	0
ENSMMUG00000017725	1
ENSMMUG00000059448	0
ENSMMUG00000050387	0
ENSMMUG00000054015	0
ENSMMUG00000064621	0
ENSMMUG00000000901	4
ENSMMUG00000054245	0
ENSMMUG00000065093	0
ENSMMUG00000009424	0
ENSMMUG00000060959	0
ENSMMUG00000058017	0
ENSMMUG00000061528	0
ENSMMUG00000002257	12
ENSMMUG00000054903	0
ENSMMUG00000055067	0
ENSMMUG00000019451	0
ENSMMUG00000029062	46
ENSMMUG00000054911	0
ENSMMUG00000051064	0
ENSMMUG00000039943	0
ENSMMUG00000052956	0
ENSMMUG00000059879	0
ENSMMUG00000059477	0
ENSMMUG00000017131	93
ENSMMUG00000004926	2
ENSMMUG00000057901	4
ENSMMUG00000059551	0
ENSMMUG00000061138	0
ENSMMUG00000022035	1
ENSMMUG00000049429	0
ENSMMUG00000058264	0
ENSMMUG00000053307	0
ENSMMUG00000005593	3
ENSMMUG00000013872	61
ENSMMUG00000057753	0
ENSMMUG00000053514	0
ENSMMUG00000029059	0
ENSMMUG00000000391	0
ENSMMUG00000023147	3
ENSMMUG00000056601	4
ENSMMUG00000013876	68
ENSMMUG00000045490	0
ENSMMUG00000029263	9
ENSMMUG00000052274	0
ENSMMUG00000000397	0
ENSMMUG00000049329	3
ENSMMUG00000054639	0
ENSMMUG00000059771	0
ENSMMUG00000000398	41
ENSMMUG00000000401	0
ENSMMUG00000061432	29
ENSMMUG00000028257	3
ENSMMUG00000052029	0
ENSMMUG00000058380	0
ENSMMUG00000002843	12
ENSMMUG00000000226	30
ENSMMUG00000026455	0
ENSMMUG00000019223	7
ENSMMUG00000022441	6
ENSMMUG00000019226	0
ENSMMUG00000019232	5
ENSMMUG00000026680	0
ENSMMUG00000008375	3
ENSMMUG00000019233	4
ENSMMUG00000055128	0
ENSMMUG00000008378	0
ENSMMUG00000049274	0
ENSMMUG00000019235	9
ENSMMUG00000008381	0
ENSMMUG00000019236	15
ENSMMUG00000019237	5
ENSMMUG00000019238	2
ENSMMUG00000027278	0
ENSMMUG00000000586	3
ENSMMUG00000000588	36
ENSMMUG00000000589	195
ENSMMUG00000011798	3
ENSMMUG00000000590	119
ENSMMUG00000000700	130
ENSMMUG00000029310	155
ENSMMUG00000057274	7
ENSMMUG00000019566	9
ENSMMUG00000042961	1
ENSMMUG00000000596	3
ENSMMUG00000000707	97
ENSMMUG00000045351	21
ENSMMUG00000058644	0
ENSMMUG00000011370	8
ENSMMUG00000049675	0
ENSMMUG00000022334	23
ENSMMUG00000000599	1
ENSMMUG00000022330	13
ENSMMUG00000000602	34
ENSMMUG00000007331	2
ENSMMUG00000007329	71
ENSMMUG00000000603	0
ENSMMUG00000000604	4
ENSMMUG00000017758	1
ENSMMUG00000029164	0
ENSMMUG00000000605	2
ENSMMUG00000000980	3
ENSMMUG00000000981	62
ENSMMUG00000000982	2
ENSMMUG00000000609	0
ENSMMUG00000000610	7
ENSMMUG00000008522	2
ENSMMUG00000000983	15
ENSMMUG00000000613	4
ENSMMUG00000060657	0
ENSMMUG00000059051	0
ENSMMUG00000037707	0
ENSMMUG00000027717	9
ENSMMUG00000050341	0
ENSMMUG00000000615	6
ENSMMUG00000060264	0
ENSMMUG00000012245	0
ENSMMUG00000000616	0
ENSMMUG00000029296	41
ENSMMUG00000054952	5
ENSMMUG00000020277	1
ENSMMUG00000038629	0
ENSMMUG00000055090	0
ENSMMUG00000021967	4
ENSMMUG00000021968	1
ENSMMUG00000020275	44
ENSMMUG00000058908	10
ENSMMUG00000013169	0
ENSMMUG00000022010	14
ENSMMUG00000001982	0
ENSMMUG00000049219	126
ENSMMUG00000001984	134
ENSMMUG00000001986	12
ENSMMUG00000050065	0
ENSMMUG00000016906	10
ENSMMUG00000063713	0
ENSMMUG00000011521	0
ENSMMUG00000006453	0
ENSMMUG00000006452	1
ENSMMUG00000006455	5
ENSMMUG00000000835	0
ENSMMUG00000000839	0
ENSMMUG00000032640	0
ENSMMUG00000000842	0
ENSMMUG00000000843	2
ENSMMUG00000053590	0
ENSMMUG00000000846	0
ENSMMUG00000011133	0
ENSMMUG00000051720	0
ENSMMUG00000060782	0
ENSMMUG00000063433	0
ENSMMUG00000058519	0
ENSMMUG00000064812	0
ENSMMUG00000053380	0
ENSMMUG00000054149	0
ENSMMUG00000027738	0
ENSMMUG00000064125	0
ENSMMUG00000047360	0
ENSMMUG00000063854	0
ENSMMUG00000057305	0
ENSMMUG00000061655	0
ENSMMUG00000024229	0
ENSMMUG00000015065	0
ENSMMUG00000051908	0
ENSMMUG00000060374	0
ENSMMUG00000059585	0
ENSMMUG00000004664	0
ENSMMUG00000060481	1
ENSMMUG00000051418	0
ENSMMUG00000051825	0
ENSMMUG00000026051	0
ENSMMUG00000004350	3
ENSMMUG00000056891	44
ENSMMUG00000056542	0
ENSMMUG00000058014	0
ENSMMUG00000025748	0
ENSMMUG00000047614	1
ENSMMUG00000054422	3
ENSMMUG00000004346	5
ENSMMUG00000004343	0
ENSMMUG00000015702	0
ENSMMUG00000020905	0
ENSMMUG00000019054	0
ENSMMUG00000025875	3
ENSMMUG00000038584	2
ENSMMUG00000064858	0
ENSMMUG00000004321	1
ENSMMUG00000018837	1
ENSMMUG00000056345	24
ENSMMUG00000052797	0
ENSMMUG00000013607	0
ENSMMUG00000051268	0
ENSMMUG00000050107	0
ENSMMUG00000026085	0
ENSMMUG00000024851	0
ENSMMUG00000025201	0
ENSMMUG00000001760	0
ENSMMUG00000064267	7
ENSMMUG00000053003	0
ENSMMUG00000058661	0
ENSMMUG00000059470	0
ENSMMUG00000053193	0
ENSMMUG00000060511	0
ENSMMUG00000023299	0
ENSMMUG00000023298	0
ENSMMUG00000061170	1
ENSMMUG00000056276	0
ENSMMUG00000062306	37
ENSMMUG00000038921	0
ENSMMUG00000051028	0
ENSMMUG00000020898	0
ENSMMUG00000050929	14
ENSMMUG00000056477	0
ENSMMUG00000050516	0
ENSMMUG00000053011	0
ENSMMUG00000020595	0
ENSMMUG00000021484	21
ENSMMUG00000054643	0
ENSMMUG00000010417	0
ENSMMUG00000052105	0
ENSMMUG00000060023	0
ENSMMUG00000039504	0
ENSMMUG00000057787	0
ENSMMUG00000060966	0
ENSMMUG00000052088	0
ENSMMUG00000065294	0
ENSMMUG00000020328	0
ENSMMUG00000044944	0
ENSMMUG00000051623	0
ENSMMUG00000058940	0
ENSMMUG00000058184	0
ENSMMUG00000064311	0
ENSMMUG00000010169	0
ENSMMUG00000026312	0
ENSMMUG00000021480	56
ENSMMUG00000061715	0
ENSMMUG00000039437	0
ENSMMUG00000059613	0
ENSMMUG00000015704	0
ENSMMUG00000050826	0
ENSMMUG00000060236	0
ENSMMUG00000059738	0
ENSMMUG00000056490	0
ENSMMUG00000057167	0
ENSMMUG00000007588	20
ENSMMUG00000007816	3
ENSMMUG00000058099	15
ENSMMUG00000011333	92
ENSMMUG00000050569	38
ENSMMUG00000053364	0
ENSMMUG00000058218	0
ENSMMUG00000059758	0
ENSMMUG00000048459	0
ENSMMUG00000060112	0
ENSMMUG00000050745	0
ENSMMUG00000011329	7
ENSMMUG00000024402	0
ENSMMUG00000059289	0
ENSMMUG00000021478	3
ENSMMUG00000061977	0
ENSMMUG00000010999	3
ENSMMUG00000023961	5
ENSMMUG00000015952	6
ENSMMUG00000025311	0
ENSMMUG00000032559	0
ENSMMUG00000050064	0
ENSMMUG00000035605	0
ENSMMUG00000053081	4
ENSMMUG00000015951	0
ENSMMUG00000060119	0
ENSMMUG00000044172	0
ENSMMUG00000059705	4
ENSMMUG00000065288	0
ENSMMUG00000043738	0
ENSMMUG00000048414	61
ENSMMUG00000017408	4
ENSMMUG00000062222	0
ENSMMUG00000056586	0
ENSMMUG00000004498	0
ENSMMUG00000055340	0
ENSMMUG00000042850	0
ENSMMUG00000005125	9
ENSMMUG00000065154	0
ENSMMUG00000063218	3
ENSMMUG00000039419	0
ENSMMUG00000050406	0
ENSMMUG00000063330	0
ENSMMUG00000060775	0
ENSMMUG00000002742	0
ENSMMUG00000014916	0
ENSMMUG00000014915	0
ENSMMUG00000055629	0
ENSMMUG00000060604	0
ENSMMUG00000063290	0
ENSMMUG00000063522	0
ENSMMUG00000008945	11
ENSMMUG00000012715	0
ENSMMUG00000017246	0
ENSMMUG00000008942	2
ENSMMUG00000053435	0
ENSMMUG00000017243	0
ENSMMUG00000011037	9
ENSMMUG00000011473	2
ENSMMUG00000062748	0
ENSMMUG00000049427	0
ENSMMUG00000052560	185
ENSMMUG00000052513	43
ENSMMUG00000051973	0
ENSMMUG00000040366	0
ENSMMUG00000053085	0
ENSMMUG00000058802	0
ENSMMUG00000061645	0
ENSMMUG00000054180	0
ENSMMUG00000063791	0
ENSMMUG00000057078	0
ENSMMUG00000004010	9
ENSMMUG00000064902	0
ENSMMUG00000062609	0
ENSMMUG00000052693	0
ENSMMUG00000051052	0
ENSMMUG00000057475	0
ENSMMUG00000056307	0
ENSMMUG00000003124	0
ENSMMUG00000009669	0
ENSMMUG00000061690	0
ENSMMUG00000063931	0
ENSMMUG00000018275	10
ENSMMUG00000058045	0
ENSMMUG00000040394	0
ENSMMUG00000057018	0
ENSMMUG00000010944	0
ENSMMUG00000037155	0
ENSMMUG00000004997	0
ENSMMUG00000056690	0
ENSMMUG00000003570	1
ENSMMUG00000035253	0
ENSMMUG00000054534	0
ENSMMUG00000064806	0
ENSMMUG00000061735	0
ENSMMUG00000058864	52
ENSMMUG00000033694	0
ENSMMUG00000027539	0
ENSMMUG00000061622	0
ENSMMUG00000058304	0
ENSMMUG00000062182	0
ENSMMUG00000052938	0
ENSMMUG00000058195	0
ENSMMUG00000051690	0
ENSMMUG00000017016	0
ENSMMUG00000057782	0
ENSMMUG00000063787	1
ENSMMUG00000047378	0
ENSMMUG00000036076	0
ENSMMUG00000055510	0
ENSMMUG00000022902	0
ENSMMUG00000055822	6
ENSMMUG00000060128	1
ENSMMUG00000055928	0
ENSMMUG00000064753	0
ENSMMUG00000055594	0
ENSMMUG00000055751	0
ENSMMUG00000063657	0
ENSMMUG00000038452	0
ENSMMUG00000026541	0
ENSMMUG00000043252	0
ENSMMUG00000056355	0
ENSMMUG00000017258	0
ENSMMUG00000057654	0
ENSMMUG00000055194	0
ENSMMUG00000027712	0
ENSMMUG00000057825	0
ENSMMUG00000036816	0
ENSMMUG00000046137	0
ENSMMUG00000003566	0
ENSMMUG00000017728	0
ENSMMUG00000056915	0
ENSMMUG00000035811	6
ENSMMUG00000026933	2
ENSMMUG00000024785	0
ENSMMUG00000045380	0
ENSMMUG00000011408	0
ENSMMUG00000050371	0
ENSMMUG00000025632	0
ENSMMUG00000062466	0
ENSMMUG00000036886	0
ENSMMUG00000059743	0
ENSMMUG00000039984	0
ENSMMUG00000052562	0
ENSMMUG00000004382	2
ENSMMUG00000014553	0
ENSMMUG00000049108	0
ENSMMUG00000032785	0
ENSMMUG00000003562	0
ENSMMUG00000062878	0
ENSMMUG00000000768	0
ENSMMUG00000054558	5
ENSMMUG00000051922	0
ENSMMUG00000054572	0
ENSMMUG00000042864	0
ENSMMUG00000012987	0
ENSMMUG00000045074	0
ENSMMUG00000026338	0
ENSMMUG00000051558	0
ENSMMUG00000013529	0
ENSMMUG00000052277	0
ENSMMUG00000061095	0
ENSMMUG00000062138	0
ENSMMUG00000021095	0
ENSMMUG00000037224	0
ENSMMUG00000054476	0
ENSMMUG00000050494	0
ENSMMUG00000063109	0
ENSMMUG00000052752	0
ENSMMUG00000021094	0
ENSMMUG00000055009	0
ENSMMUG00000051384	0
ENSMMUG00000012001	0
ENSMMUG00000064421	0
ENSMMUG00000036999	0
ENSMMUG00000003974	135
ENSMMUG00000053112	0
ENSMMUG00000010402	0
ENSMMUG00000054635	0
ENSMMUG00000064132	0
ENSMMUG00000059201	0
ENSMMUG00000056890	0
ENSMMUG00000064342	0
ENSMMUG00000022704	0
ENSMMUG00000056469	0
ENSMMUG00000057978	0
ENSMMUG00000051244	0
ENSMMUG00000039238	0
ENSMMUG00000007580	1
ENSMMUG00000049194	0
ENSMMUG00000060421	0
ENSMMUG00000026592	0
ENSMMUG00000006866	4
ENSMMUG00000022703	0
ENSMMUG00000003561	0
ENSMMUG00000026765	0
ENSMMUG00000004032	110
ENSMMUG00000011690	0
ENSMMUG00000006864	7
ENSMMUG00000041950	0
ENSMMUG00000007583	0
ENSMMUG00000011687	0
ENSMMUG00000004054	0
ENSMMUG00000011961	0
ENSMMUG00000007584	0
ENSMMUG00000052064	0
ENSMMUG00000052113	0
ENSMMUG00000051528	0
ENSMMUG00000053061	25
ENSMMUG00000004408	0
ENSMMUG00000041500	0
ENSMMUG00000006863	0
ENSMMUG00000003485	0
ENSMMUG00000056005	0
ENSMMUG00000059625	0
ENSMMUG00000052275	0
ENSMMUG00000021598	0
ENSMMUG00000024308	0
ENSMMUG00000039493	0
ENSMMUG00000063845	45
ENSMMUG00000057387	0
ENSMMUG00000062768	0
ENSMMUG00000059903	0
ENSMMUG00000001245	0
ENSMMUG00000051868	0
ENSMMUG00000036508	10
ENSMMUG00000016681	0
ENSMMUG00000007668	0
ENSMMUG00000004656	0
ENSMMUG00000040524	0
ENSMMUG00000059915	0
ENSMMUG00000055676	0
ENSMMUG00000056234	0
ENSMMUG00000000576	0
ENSMMUG00000063963	0
ENSMMUG00000059703	0
ENSMMUG00000064502	0
ENSMMUG00000061572	1
ENSMMUG00000063067	0
ENSMMUG00000058518	0
ENSMMUG00000035858	0
ENSMMUG00000013356	0
ENSMMUG00000018950	0
ENSMMUG00000065131	0
ENSMMUG00000025822	0
ENSMMUG00000056385	0
ENSMMUG00000024449	0
ENSMMUG00000061695	0
ENSMMUG00000010914	0
ENSMMUG00000050944	0
ENSMMUG00000035822	0
ENSMMUG00000054828	0
ENSMMUG00000049366	0
ENSMMUG00000014235	1
ENSMMUG00000056895	0
ENSMMUG00000006862	10
ENSMMUG00000063743	0
ENSMMUG00000049506	0
ENSMMUG00000023834	0
ENSMMUG00000004660	12
ENSMMUG00000042235	0
ENSMMUG00000037339	0
ENSMMUG00000062113	0
ENSMMUG00000048746	0
ENSMMUG00000018952	0
ENSMMUG00000056512	0
ENSMMUG00000051694	0
ENSMMUG00000059012	9
ENSMMUG00000053604	0
ENSMMUG00000052678	0
ENSMMUG00000010913	0
ENSMMUG00000057400	0
ENSMMUG00000015178	0
ENSMMUG00000049389	0
ENSMMUG00000052482	0
ENSMMUG00000044383	0
ENSMMUG00000010911	0
ENSMMUG00000050113	0
ENSMMUG00000015761	1
ENSMMUG00000065087	0
ENSMMUG00000060254	0
ENSMMUG00000052016	0
ENSMMUG00000022873	4
ENSMMUG00000004662	19
ENSMMUG00000064739	0
ENSMMUG00000039405	0
ENSMMUG00000056222	0
ENSMMUG00000011801	0
ENSMMUG00000053753	1
ENSMMUG00000028514	0
ENSMMUG00000022874	18
ENSMMUG00000005461	9
ENSMMUG00000050079	0
ENSMMUG00000006635	0
ENSMMUG00000050507	0
ENSMMUG00000003136	0
ENSMMUG00000063880	5
ENSMMUG00000016618	11
ENSMMUG00000014934	0
ENSMMUG00000023878	0
ENSMMUG00000061881	0
ENSMMUG00000059274	0
ENSMMUG00000064728	0
ENSMMUG00000016617	7
ENSMMUG00000013999	0
ENSMMUG00000027076	0
ENSMMUG00000060279	0
ENSMMUG00000016615	2
ENSMMUG00000006616	3
ENSMMUG00000053008	0
ENSMMUG00000057464	0
ENSMMUG00000008737	0
ENSMMUG00000049556	7
ENSMMUG00000004663	0
ENSMMUG00000060362	0
ENSMMUG00000033904	0
ENSMMUG00000055208	16
ENSMMUG00000058384	0
ENSMMUG00000004595	0
ENSMMUG00000049523	5
ENSMMUG00000042415	0
ENSMMUG00000059704	0
ENSMMUG00000061773	0
ENSMMUG00000057153	0
ENSMMUG00000016190	0
ENSMMUG00000055969	0
ENSMMUG00000047095	0
ENSMMUG00000012130	0
ENSMMUG00000004045	0
ENSMMUG00000007171	0
ENSMMUG00000004046	0
ENSMMUG00000014182	0
ENSMMUG00000004051	4
ENSMMUG00000021184	0
ENSMMUG00000038788	0
ENSMMUG00000056866	0
ENSMMUG00000050048	0
ENSMMUG00000018066	0
ENSMMUG00000026444	12
ENSMMUG00000057280	0
ENSMMUG00000056762	0
ENSMMUG00000052003	0
ENSMMUG00000018059	0
ENSMMUG00000054260	1
ENSMMUG00000058728	45
ENSMMUG00000004431	0
ENSMMUG00000057022	0
ENSMMUG00000051621	0
ENSMMUG00000050881	0
ENSMMUG00000063709	0
ENSMMUG00000018791	0
ENSMMUG00000023916	0
ENSMMUG00000006578	0
ENSMMUG00000058915	13
ENSMMUG00000057585	0
ENSMMUG00000055836	3
ENSMMUG00000060986	10
ENSMMUG00000038139	0
ENSMMUG00000023652	0
ENSMMUG00000044739	0
ENSMMUG00000064101	37
ENSMMUG00000054179	0
ENSMMUG00000050961	0
ENSMMUG00000055382	1
ENSMMUG00000059194	2
ENSMMUG00000008600	0
ENSMMUG00000053316	99
ENSMMUG00000018784	33
ENSMMUG00000018334	0
ENSMMUG00000062184	0
ENSMMUG00000053421	2111
ENSMMUG00000024219	0
ENSMMUG00000054229	0
ENSMMUG00000017546	20
ENSMMUG00000051856	0
ENSMMUG00000064512	0
ENSMMUG00000055624	0
ENSMMUG00000005145	2
ENSMMUG00000064890	0
ENSMMUG00000018785	7
ENSMMUG00000017548	35
ENSMMUG00000042767	0
ENSMMUG00000003127	0
ENSMMUG00000041426	0
ENSMMUG00000022001	7
ENSMMUG00000061996	0
ENSMMUG00000061693	0
ENSMMUG00000018777	0
ENSMMUG00000056750	4
ENSMMUG00000052230	0
ENSMMUG00000054307	0
ENSMMUG00000052840	2
ENSMMUG00000048290	0
ENSMMUG00000004434	2
ENSMMUG00000018782	19
ENSMMUG00000060093	10
ENSMMUG00000022472	0
ENSMMUG00000054108	0
ENSMMUG00000062614	0
ENSMMUG00000059752	0
ENSMMUG00000027111	0
ENSMMUG00000000457	0
ENSMMUG00000017290	0
ENSMMUG00000061543	0
ENSMMUG00000050094	0
ENSMMUG00000057139	13
ENSMMUG00000053606	0
ENSMMUG00000063161	2
ENSMMUG00000060645	0
ENSMMUG00000000719	0
ENSMMUG00000054541	0
ENSMMUG00000061630	0
ENSMMUG00000002210	0
ENSMMUG00000049659	0
ENSMMUG00000009051	35
ENSMMUG00000036450	0
ENSMMUG00000061540	2
ENSMMUG00000020108	13
ENSMMUG00000019892	0
ENSMMUG00000063264	0
ENSMMUG00000063510	3
ENSMMUG00000054988	0
ENSMMUG00000002209	1
ENSMMUG00000009323	0
ENSMMUG00000051333	46
ENSMMUG00000049532	0
ENSMMUG00000063019	7
ENSMMUG00000062080	18
ENSMMUG00000053705	0
ENSMMUG00000056088	1
ENSMMUG00000020530	0
ENSMMUG00000013710	0
ENSMMUG00000017662	7
ENSMMUG00000058779	0
ENSMMUG00000014855	1
ENSMMUG00000052601	0
ENSMMUG00000001613	0
ENSMMUG00000035511	0
ENSMMUG00000052605	0
ENSMMUG00000048128	80
ENSMMUG00000063319	0
ENSMMUG00000019893	17
ENSMMUG00000003302	0
ENSMMUG00000055277	0
ENSMMUG00000001612	2
ENSMMUG00000052993	0
ENSMMUG00000062620	0
ENSMMUG00000032843	0
ENSMMUG00000063593	931
ENSMMUG00000063768	7
ENSMMUG00000019976	33
ENSMMUG00000051135	0
ENSMMUG00000005086	4
ENSMMUG00000032486	0
ENSMMUG00000009050	22
ENSMMUG00000001471	44
ENSMMUG00000009151	10
ENSMMUG00000058483	0
ENSMMUG00000055855	2
ENSMMUG00000057000	21
ENSMMUG00000064830	93
ENSMMUG00000017276	1
ENSMMUG00000054935	0
ENSMMUG00000022596	14
ENSMMUG00000054490	0
ENSMMUG00000002204	0
ENSMMUG00000056922	0
ENSMMUG00000062251	0
ENSMMUG00000054373	0
ENSMMUG00000019974	1
ENSMMUG00000041530	0
ENSMMUG00000062167	0
ENSMMUG00000022568	39
ENSMMUG00000056932	0
ENSMMUG00000050906	0
ENSMMUG00000025528	0
ENSMMUG00000059913	0
ENSMMUG00000058439	3
ENSMMUG00000022005	0
ENSMMUG00000053771	0
ENSMMUG00000014451	0
ENSMMUG00000021792	0
ENSMMUG00000060271	0
ENSMMUG00000051160	0
ENSMMUG00000023218	0
ENSMMUG00000019418	0
ENSMMUG00000016110	0
ENSMMUG00000004328	0
ENSMMUG00000028194	0
ENSMMUG00000012918	0
ENSMMUG00000012916	2
ENSMMUG00000064957	0
ENSMMUG00000046562	0
ENSMMUG00000052620	0
ENSMMUG00000003041	3
ENSMMUG00000042620	3
ENSMMUG00000054452	0
ENSMMUG00000008190	0
ENSMMUG00000057285	0
ENSMMUG00000041998	4
ENSMMUG00000057393	0
ENSMMUG00000028067	0
ENSMMUG00000032891	0
ENSMMUG00000044291	0
ENSMMUG00000061542	18
ENSMMUG00000001713	0
ENSMMUG00000023020	0
ENSMMUG00000012915	0
ENSMMUG00000052487	1
ENSMMUG00000052509	0
ENSMMUG00000055865	0
ENSMMUG00000055350	0
ENSMMUG00000016302	0
ENSMMUG00000025269	0
ENSMMUG00000023019	0
ENSMMUG00000028231	0
ENSMMUG00000058948	0
ENSMMUG00000039208	0
ENSMMUG00000049275	0
ENSMMUG00000012849	0
ENSMMUG00000065065	0
ENSMMUG00000064909	0
ENSMMUG00000052863	0
ENSMMUG00000064548	0
ENSMMUG00000035871	0
ENSMMUG00000059512	0
ENSMMUG00000036316	0
ENSMMUG00000003040	3
ENSMMUG00000049476	0
ENSMMUG00000043150	0
ENSMMUG00000034314	0
ENSMMUG00000059721	0
ENSMMUG00000018006	0
ENSMMUG00000059993	0
ENSMMUG00000063486	0
ENSMMUG00000024894	0
ENSMMUG00000050671	0
ENSMMUG00000047427	0
ENSMMUG00000054301	0
ENSMMUG00000048546	0
ENSMMUG00000048685	0
ENSMMUG00000014506	0
ENSMMUG00000061492	4
ENSMMUG00000049338	0
ENSMMUG00000008669	0
ENSMMUG00000016674	0
ENSMMUG00000036874	0
ENSMMUG00000059417	0
ENSMMUG00000000286	0
ENSMMUG00000058386	0
ENSMMUG00000049423	0
ENSMMUG00000051913	0
ENSMMUG00000054465	0
ENSMMUG00000053419	0
ENSMMUG00000021202	0
ENSMMUG00000051784	1
ENSMMUG00000051305	0
ENSMMUG00000055061	0
ENSMMUG00000055225	0
ENSMMUG00000051261	4
ENSMMUG00000006820	0
ENSMMUG00000002375	5
ENSMMUG00000013070	0
ENSMMUG00000017188	3
ENSMMUG00000013072	3
ENSMMUG00000002381	47
ENSMMUG00000020508	0
ENSMMUG00000013286	0
ENSMMUG00000051440	5
ENSMMUG00000009311	5
ENSMMUG00000017921	18
ENSMMUG00000040302	0
ENSMMUG00000044622	15
ENSMMUG00000017191	6
ENSMMUG00000012459	0
ENSMMUG00000017922	0
ENSMMUG00000059776	2
ENSMMUG00000008729	11
ENSMMUG00000017924	0
ENSMMUG00000005983	7
ENSMMUG00000009387	4
ENSMMUG00000041976	18
ENSMMUG00000002384	2
ENSMMUG00000008730	0
ENSMMUG00000001791	0
ENSMMUG00000048190	5
ENSMMUG00000046629	1
ENSMMUG00000051115	0
ENSMMUG00000054066	0
ENSMMUG00000001792	0
ENSMMUG00000017927	1
ENSMMUG00000003624	0
ENSMMUG00000000775	0
ENSMMUG00000001793	0
ENSMMUG00000063782	1
ENSMMUG00000013289	19
ENSMMUG00000002386	0
ENSMMUG00000042336	0
ENSMMUG00000017930	5
ENSMMUG00000003492	4
ENSMMUG00000059383	0
ENSMMUG00000029834	3
ENSMMUG00000014692	16
ENSMMUG00000047009	0
ENSMMUG00000003622	0
ENSMMUG00000002389	1
ENSMMUG00000014693	26
ENSMMUG00000055413	0
ENSMMUG00000003621	7
ENSMMUG00000063200	0
ENSMMUG00000002392	0
ENSMMUG00000003493	2
ENSMMUG00000017873	6
ENSMMUG00000028772	0
ENSMMUG00000058120	0
ENSMMUG00000017874	0
ENSMMUG00000002394	3
ENSMMUG00000052697	0
ENSMMUG00000055795	16
ENSMMUG00000028738	2
ENSMMUG00000020051	3
ENSMMUG00000002158	0
ENSMMUG00000053624	2
ENSMMUG00000028321	0
ENSMMUG00000065016	36
ENSMMUG00000028743	5
ENSMMUG00000008946	7
ENSMMUG00000062153	38
ENSMMUG00000053621	0
ENSMMUG00000022163	0
ENSMMUG00000022155	0
ENSMMUG00000028771	8
ENSMMUG00000021881	1
ENSMMUG00000022622	10
ENSMMUG00000022156	0
ENSMMUG00000012518	1
ENSMMUG00000059317	2
ENSMMUG00000056296	0
ENSMMUG00000062296	0
ENSMMUG00000022158	15
ENSMMUG00000024741	0
ENSMMUG00000024069	0
ENSMMUG00000056109	0
ENSMMUG00000027989	0
ENSMMUG00000014273	0
ENSMMUG00000060050	18
ENSMMUG00000000833	0
ENSMMUG00000006071	0
ENSMMUG00000022159	75
ENSMMUG00000011332	0
ENSMMUG00000017267	128
ENSMMUG00000038221	2
ENSMMUG00000061568	0
ENSMMUG00000057361	1
ENSMMUG00000047173	0
ENSMMUG00000055971	0
ENSMMUG00000022160	7
ENSMMUG00000011330	18
ENSMMUG00000022973	4
ENSMMUG00000022975	0
ENSMMUG00000022161	0
ENSMMUG00000057454	0
ENSMMUG00000041249	0
ENSMMUG00000020468	29
ENSMMUG00000014709	6
ENSMMUG00000020469	107
ENSMMUG00000029392	0
ENSMMUG00000064152	0
ENSMMUG00000018024	0
ENSMMUG00000052732	0
ENSMMUG00000064048	0
ENSMMUG00000019738	0
ENSMMUG00000055036	5
ENSMMUG00000002897	2
ENSMMUG00000028791	0
ENSMMUG00000018415	2
ENSMMUG00000009506	1
ENSMMUG00000019749	0
ENSMMUG00000009456	0
ENSMMUG00000003030	6
ENSMMUG00000055893	0
ENSMMUG00000012466	0
ENSMMUG00000064853	0
ENSMMUG00000004019	0
ENSMMUG00000012761	7
ENSMMUG00000003075	6
ENSMMUG00000017051	0
ENSMMUG00000004020	0
ENSMMUG00000011319	0
ENSMMUG00000028737	0
ENSMMUG00000064000	0
ENSMMUG00000056492	0
ENSMMUG00000010079	0
ENSMMUG00000019753	2
ENSMMUG00000043321	0
ENSMMUG00000056124	0
ENSMMUG00000009278	1
ENSMMUG00000059596	0
ENSMMUG00000053332	0
ENSMMUG00000021614	2
ENSMMUG00000042388	0
ENSMMUG00000053177	0
ENSMMUG00000019756	1
ENSMMUG00000052998	0
ENSMMUG00000009277	0
ENSMMUG00000009275	1
ENSMMUG00000003031	0
ENSMMUG00000016996	0
ENSMMUG00000050936	0
ENSMMUG00000027099	0
ENSMMUG00000028569	2
ENSMMUG00000033032	0
ENSMMUG00000028736	0
ENSMMUG00000061022	0
ENSMMUG00000052135	0
ENSMMUG00000008004	21
ENSMMUG00000049980	0
ENSMMUG00000009222	0
ENSMMUG00000061771	38
ENSMMUG00000056681	1
ENSMMUG00000052926	0
ENSMMUG00000049559	0
ENSMMUG00000006072	7
ENSMMUG00000010734	12
ENSMMUG00000021630	3
ENSMMUG00000022625	0
ENSMMUG00000013009	0
ENSMMUG00000055349	0
ENSMMUG00000028767	3
ENSMMUG00000016027	1
ENSMMUG00000049564	35
ENSMMUG00000020685	0
ENSMMUG00000056882	7
ENSMMUG00000009223	3
ENSMMUG00000019758	13
ENSMMUG00000015603	6
ENSMMUG00000005879	0
ENSMMUG00000048854	4
ENSMMUG00000054448	0
ENSMMUG00000051535	0
ENSMMUG00000006429	24
ENSMMUG00000062667	0
ENSMMUG00000003904	6
ENSMMUG00000062586	0
ENSMMUG00000053233	5
ENSMMUG00000064129	0
ENSMMUG00000048091	0
ENSMMUG00000020796	0
ENSMMUG00000061906	1
ENSMMUG00000019699	1
ENSMMUG00000014718	0
ENSMMUG00000003905	0
ENSMMUG00000057526	0
ENSMMUG00000006431	1
ENSMMUG00000064040	0
ENSMMUG00000020797	3
ENSMMUG00000019700	0
ENSMMUG00000003907	12
ENSMMUG00000051879	8
ENSMMUG00000003909	2
ENSMMUG00000014723	0
ENSMMUG00000013053	6
ENSMMUG00000013050	0
ENSMMUG00000003915	28
ENSMMUG00000053150	33
ENSMMUG00000013049	0
ENSMMUG00000051078	0
ENSMMUG00000006151	3
ENSMMUG00000020798	2
ENSMMUG00000063783	0
ENSMMUG00000002308	0
ENSMMUG00000019702	0
ENSMMUG00000002309	0
ENSMMUG00000060638	0
ENSMMUG00000059246	0
ENSMMUG00000027757	0
ENSMMUG00000002310	0
ENSMMUG00000028859	0
ENSMMUG00000019704	2
ENSMMUG00000028766	0
ENSMMUG00000064109	0
ENSMMUG00000039592	0
ENSMMUG00000005880	4
ENSMMUG00000014727	0
ENSMMUG00000062388	0
ENSMMUG00000043026	0
ENSMMUG00000061348	0
ENSMMUG00000057314	0
ENSMMUG00000052449	0
ENSMMUG00000004877	1
ENSMMUG00000054053	0
ENSMMUG00000005883	0
ENSMMUG00000038412	0
ENSMMUG00000005884	0
ENSMMUG00000065009	0
ENSMMUG00000023136	14
ENSMMUG00000000522	7
ENSMMUG00000004227	1
ENSMMUG00000044736	0
ENSMMUG00000052090	14
ENSMMUG00000000520	0
ENSMMUG00000023137	0
ENSMMUG00000000523	4
ENSMMUG00000056233	0
ENSMMUG00000054360	0
ENSMMUG00000014729	0
ENSMMUG00000050344	0
ENSMMUG00000057155	0
ENSMMUG00000012537	0
ENSMMUG00000003712	0
ENSMMUG00000004228	0
ENSMMUG00000000249	0
ENSMMUG00000053411	0
ENSMMUG00000056420	0
ENSMMUG00000051762	0
ENSMMUG00000049187	0
ENSMMUG00000015744	0
ENSMMUG00000000250	5
ENSMMUG00000054090	0
ENSMMUG00000019356	0
ENSMMUG00000041450	16
ENSMMUG00000036325	0
ENSMMUG00000017706	7
ENSMMUG00000038056	0
ENSMMUG00000042841	9
ENSMMUG00000040121	0
ENSMMUG00000017708	0
ENSMMUG00000006440	0
ENSMMUG00000003911	83
ENSMMUG00000025181	0
ENSMMUG00000053907	0
ENSMMUG00000053409	0
ENSMMUG00000001768	0
ENSMMUG00000028785	0
ENSMMUG00000063394	0
ENSMMUG00000013348	2
ENSMMUG00000063302	0
ENSMMUG00000059543	3
ENSMMUG00000056763	0
ENSMMUG00000010125	0
ENSMMUG00000001999	0
ENSMMUG00000057189	15
ENSMMUG00000008313	0
ENSMMUG00000060610	0
ENSMMUG00000060977	0
ENSMMUG00000022024	3
ENSMMUG00000062746	1
ENSMMUG00000054341	1
ENSMMUG00000021986	0
ENSMMUG00000050237	72
ENSMMUG00000001538	3
ENSMMUG00000061035	0
ENSMMUG00000000547	0
ENSMMUG00000056778	0
ENSMMUG00000062766	0
ENSMMUG00000055807	0
ENSMMUG00000022793	0
ENSMMUG00000004813	0
ENSMMUG00000063196	28
ENSMMUG00000015783	6
ENSMMUG00000023640	2
ENSMMUG00000016449	0
ENSMMUG00000015793	2
ENSMMUG00000053272	0
ENSMMUG00000063226	0
ENSMMUG00000056397	0
ENSMMUG00000050893	6
ENSMMUG00000062165	0
ENSMMUG00000038597	0
ENSMMUG00000063643	0
ENSMMUG00000061457	0
ENSMMUG00000052284	1
ENSMMUG00000054342	46
ENSMMUG00000022794	0
ENSMMUG00000051025	0
ENSMMUG00000055900	0
ENSMMUG00000048019	0
ENSMMUG00000049714	0
ENSMMUG00000001197	0
ENSMMUG00000060480	0
ENSMMUG00000049999	0
ENSMMUG00000040968	0
ENSMMUG00000004337	0
ENSMMUG00000015794	0
ENSMMUG00000056329	63
ENSMMUG00000059253	0
ENSMMUG00000056800	0
ENSMMUG00000061612	0
ENSMMUG00000032974	0
ENSMMUG00000040549	0
ENSMMUG00000059147	17
ENSMMUG00000058643	0
ENSMMUG00000049498	0
ENSMMUG00000006857	1
ENSMMUG00000004928	12
ENSMMUG00000025113	3
ENSMMUG00000049799	94
ENSMMUG00000015835	8
ENSMMUG00000004843	6
ENSMMUG00000043883	0
ENSMMUG00000020234	10
ENSMMUG00000014293	0
ENSMMUG00000014214	0
ENSMMUG00000056960	12
ENSMMUG00000004844	0
ENSMMUG00000000107	0
ENSMMUG00000060173	2
ENSMMUG00000033290	0
ENSMMUG00000057552	3
ENSMMUG00000063375	0
ENSMMUG00000047697	0
ENSMMUG00000004430	0
ENSMMUG00000053639	0
ENSMMUG00000022127	0
ENSMMUG00000004283	7
ENSMMUG00000018068	3
ENSMMUG00000014591	2
ENSMMUG00000022128	0
ENSMMUG00000012083	1
ENSMMUG00000053905	0
ENSMMUG00000022129	0
ENSMMUG00000016168	0
ENSMMUG00000013076	5
ENSMMUG00000023272	40
ENSMMUG00000049394	50
ENSMMUG00000052001	0
ENSMMUG00000028777	6
ENSMMUG00000054528	0
ENSMMUG00000011083	1
ENSMMUG00000053159	0
ENSMMUG00000014163	0
ENSMMUG00000052848	0
ENSMMUG00000006472	0
ENSMMUG00000055314	0
ENSMMUG00000014026	6
ENSMMUG00000028776	0
ENSMMUG00000017044	0
ENSMMUG00000060378	3
ENSMMUG00000047412	0
ENSMMUG00000053739	0
ENSMMUG00000011091	0
ENSMMUG00000049456	0
ENSMMUG00000023206	0
ENSMMUG00000058660	0
ENSMMUG00000057037	0
ENSMMUG00000011092	0
ENSMMUG00000058137	0
ENSMMUG00000023207	0
ENSMMUG00000050542	0
ENSMMUG00000053870	0
ENSMMUG00000046400	0
ENSMMUG00000064519	0
ENSMMUG00000062617	0
ENSMMUG00000023643	2
ENSMMUG00000065071	0
ENSMMUG00000054413	80
ENSMMUG00000056370	1
ENSMMUG00000011294	89
ENSMMUG00000001930	0
ENSMMUG00000062463	0
ENSMMUG00000001106	1
ENSMMUG00000002495	0
ENSMMUG00000053094	0
ENSMMUG00000064952	11
ENSMMUG00000046705	0
ENSMMUG00000028734	0
ENSMMUG00000054058	0
ENSMMUG00000050577	0
ENSMMUG00000014816	0
ENSMMUG00000028855	3
ENSMMUG00000003612	0
ENSMMUG00000011291	6
ENSMMUG00000040891	0
ENSMMUG00000028765	1
ENSMMUG00000054147	0
ENSMMUG00000050735	0
ENSMMUG00000000994	19
ENSMMUG00000059158	0
ENSMMUG00000010758	0
ENSMMUG00000007533	0
ENSMMUG00000063571	0
ENSMMUG00000055107	0
ENSMMUG00000014592	0
ENSMMUG00000001436	0
ENSMMUG00000052163	0
ENSMMUG00000053462	0
ENSMMUG00000017645	289
ENSMMUG00000017111	1
ENSMMUG00000006778	0
ENSMMUG00000042157	0
ENSMMUG00000015476	0
ENSMMUG00000052663	0
ENSMMUG00000053070	0
ENSMMUG00000011288	0
ENSMMUG00000020969	0
ENSMMUG00000050258	0
ENSMMUG00000058242	0
ENSMMUG00000062995	0
ENSMMUG00000058275	0
ENSMMUG00000028756	0
ENSMMUG00000015981	2
ENSMMUG00000011287	1712
ENSMMUG00000052497	0
ENSMMUG00000005123	0
ENSMMUG00000012705	9
ENSMMUG00000028662	0
ENSMMUG00000028428	0
ENSMMUG00000053528	0
ENSMMUG00000033989	0
ENSMMUG00000026947	0
ENSMMUG00000027047	0
ENSMMUG00000042984	0
ENSMMUG00000057595	0
ENSMMUG00000049359	0
ENSMMUG00000026872	0
ENSMMUG00000048357	0
ENSMMUG00000063480	0
ENSMMUG00000017621	6
ENSMMUG00000062064	0
ENSMMUG00000065143	1
ENSMMUG00000027001	0
ENSMMUG00000017916	181
ENSMMUG00000004845	0
ENSMMUG00000056371	0
ENSMMUG00000026980	0
ENSMMUG00000061822	0
ENSMMUG00000056229	4
ENSMMUG00000054951	0
ENSMMUG00000049716	0
ENSMMUG00000055019	0
ENSMMUG00000058656	11
ENSMMUG00000049316	0
ENSMMUG00000063763	0
ENSMMUG00000059844	0
ENSMMUG00000012677	17
ENSMMUG00000052924	0
ENSMMUG00000008317	0
ENSMMUG00000055539	0
ENSMMUG00000059906	0
ENSMMUG00000038920	31
ENSMMUG00000057222	0
ENSMMUG00000022742	8
ENSMMUG00000062008	0
ENSMMUG00000063967	0
ENSMMUG00000023251	0
ENSMMUG00000014028	0
ENSMMUG00000059832	0
ENSMMUG00000057008	23
ENSMMUG00000013067	11
ENSMMUG00000009608	0
ENSMMUG00000001220	2
ENSMMUG00000061994	0
ENSMMUG00000008320	0
ENSMMUG00000060269	0
ENSMMUG00000011626	7
ENSMMUG00000040263	2
ENSMMUG00000062919	0
ENSMMUG00000036745	0
ENSMMUG00000013068	16
ENSMMUG00000011351	0
ENSMMUG00000048262	1
ENSMMUG00000062390	0
ENSMMUG00000003101	0
ENSMMUG00000014544	11
ENSMMUG00000044353	5
ENSMMUG00000027066	0
ENSMMUG00000049991	0
ENSMMUG00000060676	0
ENSMMUG00000032693	0
ENSMMUG00000056518	3
ENSMMUG00000064371	12
ENSMMUG00000051425	0
ENSMMUG00000039210	5
ENSMMUG00000050782	0
ENSMMUG00000009145	7
ENSMMUG00000057187	0
ENSMMUG00000012277	3
ENSMMUG00000005589	0
ENSMMUG00000064332	0
ENSMMUG00000035263	0
ENSMMUG00000064607	0
ENSMMUG00000063988	0
ENSMMUG00000027030	0
ENSMMUG00000063977	10
ENSMMUG00000007538	0
ENSMMUG00000050654	0
ENSMMUG00000028908	0
ENSMMUG00000050799	0
ENSMMUG00000063251	0
ENSMMUG00000011352	1
ENSMMUG00000056373	0
ENSMMUG00000060902	0
ENSMMUG00000018887	0
ENSMMUG00000058062	0
ENSMMUG00000062377	0
ENSMMUG00000019966	0
ENSMMUG00000061417	0
ENSMMUG00000040142	0
ENSMMUG00000064250	0
ENSMMUG00000049459	3
ENSMMUG00000055691	0
ENSMMUG00000014787	0
ENSMMUG00000060222	0
ENSMMUG00000062200	0
ENSMMUG00000011627	1
ENSMMUG00000062706	0
ENSMMUG00000050817	0
ENSMMUG00000048108	0
ENSMMUG00000008139	1
ENSMMUG00000055813	0
ENSMMUG00000058931	0
ENSMMUG00000052093	0
ENSMMUG00000028750	0
ENSMMUG00000053470	0
ENSMMUG00000048081	0
ENSMMUG00000061476	0
ENSMMUG00000058898	0
ENSMMUG00000056194	0
ENSMMUG00000000654	0
ENSMMUG00000057682	31
ENSMMUG00000060628	0
ENSMMUG00000010247	0
ENSMMUG00000032721	0
ENSMMUG00000002695	1
ENSMMUG00000028907	0
ENSMMUG00000001519	0
ENSMMUG00000039291	3
ENSMMUG00000044817	7
ENSMMUG00000009682	107
ENSMMUG00000032939	0
ENSMMUG00000002694	0
ENSMMUG00000058053	0
ENSMMUG00000012013	0
ENSMMUG00000014789	100
ENSMMUG00000003036	1
ENSMMUG00000062349	0
ENSMMUG00000054473	57
ENSMMUG00000064653	2
ENSMMUG00000061777	0
ENSMMUG00000051257	0
ENSMMUG00000050267	0
ENSMMUG00000012787	0
ENSMMUG00000053873	0
ENSMMUG00000062627	0
ENSMMUG00000042264	0
ENSMMUG00000058405	0
ENSMMUG00000008143	334
ENSMMUG00000007265	20
ENSMMUG00000050456	0
ENSMMUG00000055187	10
ENSMMUG00000059128	0
ENSMMUG00000064146	0
ENSMMUG00000059910	0
ENSMMUG00000018884	0
ENSMMUG00000054052	11
ENSMMUG00000008142	112
ENSMMUG00000051220	0
ENSMMUG00000019064	0
ENSMMUG00000056583	0
ENSMMUG00000047533	0
ENSMMUG00000033584	0
ENSMMUG00000014791	35
ENSMMUG00000006385	13
ENSMMUG00000061010	0
ENSMMUG00000050451	0
ENSMMUG00000009685	0
ENSMMUG00000018883	0
ENSMMUG00000036457	0
ENSMMUG00000013140	0
ENSMMUG00000062124	0
ENSMMUG00000014794	0
ENSMMUG00000052720	0
ENSMMUG00000056948	0
ENSMMUG00000049451	0
ENSMMUG00000008417	7
ENSMMUG00000062347	38
ENSMMUG00000058727	0
ENSMMUG00000002278	0
ENSMMUG00000064979	0
ENSMMUG00000010837	4
ENSMMUG00000054688	15
ENSMMUG00000060263	0
ENSMMUG00000050177	0
ENSMMUG00000059028	0
ENSMMUG00000025968	0
ENSMMUG00000007268	2
ENSMMUG00000060455	0
ENSMMUG00000000837	66
ENSMMUG00000014795	0
ENSMMUG00000043832	0
ENSMMUG00000064278	0
ENSMMUG00000028852	0
ENSMMUG00000064936	0
ENSMMUG00000021062	0
ENSMMUG00000015532	0
ENSMMUG00000007392	0
ENSMMUG00000055683	0
ENSMMUG00000012958	31
ENSMMUG00000058621	99
ENSMMUG00000061661	4
ENSMMUG00000014346	61
ENSMMUG00000002638	59
ENSMMUG00000011962	2
ENSMMUG00000003273	0
ENSMMUG00000010838	27
ENSMMUG00000000841	0
ENSMMUG00000028906	26
ENSMMUG00000003568	0
ENSMMUG00000039774	0
ENSMMUG00000017061	84
ENSMMUG00000051234	2
ENSMMUG00000012959	14
ENSMMUG00000012280	0
ENSMMUG00000057169	0
ENSMMUG00000056327	0
ENSMMUG00000062009	0
ENSMMUG00000017424	0
ENSMMUG00000057378	0
ENSMMUG00000058669	18
ENSMMUG00000017065	1
ENSMMUG00000021154	0
ENSMMUG00000054323	9
ENSMMUG00000048135	1
ENSMMUG00000043400	2
ENSMMUG00000051134	0
ENSMMUG00000061074	0
ENSMMUG00000011373	0
ENSMMUG00000051361	5
ENSMMUG00000050035	0
ENSMMUG00000057093	66
ENSMMUG00000042375	0
ENSMMUG00000008324	1
ENSMMUG00000000845	33
ENSMMUG00000018760	0
ENSMMUG00000063890	0
ENSMMUG00000014797	0
ENSMMUG00000021690	3
ENSMMUG00000042837	2
ENSMMUG00000001427	0
ENSMMUG00000046698	0
ENSMMUG00000013577	2
ENSMMUG00000010996	1
ENSMMUG00000005694	0
ENSMMUG00000061126	0
ENSMMUG00000064570	0
ENSMMUG00000008326	19
ENSMMUG00000014800	0
ENSMMUG00000059695	0
ENSMMUG00000044157	7
ENSMMUG00000053026	0
ENSMMUG00000064049	0
ENSMMUG00000059588	0
ENSMMUG00000022116	21
ENSMMUG00000050294	0
ENSMMUG00000020668	0
ENSMMUG00000019264	0
ENSMMUG00000058896	0
ENSMMUG00000005695	0
ENSMMUG00000010866	0
ENSMMUG00000028844	0
ENSMMUG00000018966	10
ENSMMUG00000051928	0
ENSMMUG00000065349	0
ENSMMUG00000058926	0
ENSMMUG00000055755	0
ENSMMUG00000062590	0
ENSMMUG00000005860	0
ENSMMUG00000014301	0
ENSMMUG00000064477	1
ENSMMUG00000013746	3
ENSMMUG00000019265	27
ENSMMUG00000021989	0
ENSMMUG00000024262	0
ENSMMUG00000063040	0
ENSMMUG00000014345	3
ENSMMUG00000028843	0
ENSMMUG00000007485	1
ENSMMUG00000052014	2
ENSMMUG00000062373	79
ENSMMUG00000051054	0
ENSMMUG00000054604	6
ENSMMUG00000015306	4
ENSMMUG00000052782	3
ENSMMUG00000028833	51
ENSMMUG00000054238	0
ENSMMUG00000004467	4
ENSMMUG00000014347	5
ENSMMUG00000009334	0
ENSMMUG00000063366	0
ENSMMUG00000061494	4
ENSMMUG00000014348	3
ENSMMUG00000058841	0
ENSMMUG00000021395	0
ENSMMUG00000001426	0
ENSMMUG00000018503	5
ENSMMUG00000022117	0
ENSMMUG00000060262	0
ENSMMUG00000023802	110
ENSMMUG00000038308	2
ENSMMUG00000055885	0
ENSMMUG00000014303	0
ENSMMUG00000061017	0
ENSMMUG00000048942	0
ENSMMUG00000052299	6
ENSMMUG00000060189	0
ENSMMUG00000007398	3
ENSMMUG00000008458	0
ENSMMUG00000015303	8
ENSMMUG00000054055	0
ENSMMUG00000053188	0
ENSMMUG00000064388	0
ENSMMUG00000013402	7
ENSMMUG00000013422	0
ENSMMUG00000018441	0
ENSMMUG00000013538	1
ENSMMUG00000063118	0
ENSMMUG00000052133	25
ENSMMUG00000023717	2
ENSMMUG00000039178	0
ENSMMUG00000053170	0
ENSMMUG00000055771	0
ENSMMUG00000002912	0
ENSMMUG00000005552	49
ENSMMUG00000063565	0
ENSMMUG00000064661	0
ENSMMUG00000055237	91
ENSMMUG00000014305	0
ENSMMUG00000051892	5
ENSMMUG00000054759	0
ENSMMUG00000023418	6
ENSMMUG00000058856	0
ENSMMUG00000020452	0
ENSMMUG00000010840	7
ENSMMUG00000018504	1
ENSMMUG00000055440	0
ENSMMUG00000015301	368
ENSMMUG00000048803	0
ENSMMUG00000059229	0
ENSMMUG00000002913	0
ENSMMUG00000063425	0
ENSMMUG00000057890	0
ENSMMUG00000028749	0
ENSMMUG00000062422	0
ENSMMUG00000007551	9
ENSMMUG00000018103	1
ENSMMUG00000063297	0
ENSMMUG00000007875	0
ENSMMUG00000002471	0
ENSMMUG00000000362	0
ENSMMUG00000018954	12
ENSMMUG00000013539	0
ENSMMUG00000042645	0
ENSMMUG00000021525	7
ENSMMUG00000039104	2
ENSMMUG00000055305	0
ENSMMUG00000007877	0
ENSMMUG00000003257	0
ENSMMUG00000056913	0
ENSMMUG00000058540	0
ENSMMUG00000007401	4
ENSMMUG00000058273	0
ENSMMUG00000004468	0
ENSMMUG00000056683	0
ENSMMUG00000061407	0
ENSMMUG00000024323	0
ENSMMUG00000005554	48
ENSMMUG00000060429	0
ENSMMUG00000038718	0
ENSMMUG00000024003	0
ENSMMUG00000061085	0
ENSMMUG00000059667	0
ENSMMUG00000052723	0
ENSMMUG00000028889	0
ENSMMUG00000026039	0
ENSMMUG00000017254	0
ENSMMUG00000023932	0
ENSMMUG00000063586	0
ENSMMUG00000061103	1
ENSMMUG00000054126	17
ENSMMUG00000007549	67
ENSMMUG00000049530	0
ENSMMUG00000002472	5
ENSMMUG00000003256	1
ENSMMUG00000063870	4
ENSMMUG00000011389	4
ENSMMUG00000045865	1
ENSMMUG00000012096	6
ENSMMUG00000038702	8
ENSMMUG00000062868	0
ENSMMUG00000031426	10
ENSMMUG00000010842	0
ENSMMUG00000053175	4
ENSMMUG00000062204	46
ENSMMUG00000018953	1
ENSMMUG00000000491	0
ENSMMUG00000016596	1
ENSMMUG00000020393	30
ENSMMUG00000025503	0
ENSMMUG00000051256	0
ENSMMUG00000058960	0
ENSMMUG00000019369	1
ENSMMUG00000026908	16
ENSMMUG00000050586	0
ENSMMUG00000057451	4
ENSMMUG00000050385	2
ENSMMUG00000062866	80
ENSMMUG00000054291	0
ENSMMUG00000060177	0
ENSMMUG00000012273	0
ENSMMUG00000003686	0
ENSMMUG00000004615	30
ENSMMUG00000057655	29
ENSMMUG00000013927	221
ENSMMUG00000014132	2
ENSMMUG00000007972	0
ENSMMUG00000011588	4
ENSMMUG00000003161	4
ENSMMUG00000014153	0
ENSMMUG00000028946	34
ENSMMUG00000021673	3
ENSMMUG00000014155	3
ENSMMUG00000062425	0
ENSMMUG00000015533	0
ENSMMUG00000055747	0
ENSMMUG00000058740	0
ENSMMUG00000004616	0
ENSMMUG00000063175	0
ENSMMUG00000010886	30
ENSMMUG00000009787	2
ENSMMUG00000057215	0
ENSMMUG00000013425	0
ENSMMUG00000059175	0
ENSMMUG00000049594	0
ENSMMUG00000061579	8
ENSMMUG00000053083	0
ENSMMUG00000065025	0
ENSMMUG00000061136	0
ENSMMUG00000006711	0
ENSMMUG00000013426	0
ENSMMUG00000039980	0
ENSMMUG00000040259	0
ENSMMUG00000014135	1
ENSMMUG00000049883	0
ENSMMUG00000060815	1
ENSMMUG00000038362	0
ENSMMUG00000011392	12
ENSMMUG00000063468	0
ENSMMUG00000003819	12
ENSMMUG00000000485	0
ENSMMUG00000056332	1
ENSMMUG00000044697	7
ENSMMUG00000021675	0
ENSMMUG00000022930	3
ENSMMUG00000013429	15
ENSMMUG00000014543	6
ENSMMUG00000063756	2
ENSMMUG00000049747	0
ENSMMUG00000006715	2
ENSMMUG00000014137	20
ENSMMUG00000012937	2
ENSMMUG00000058712	0
ENSMMUG00000045427	5
ENSMMUG00000047772	45
ENSMMUG00000022931	119
ENSMMUG00000059584	6
ENSMMUG00000017851	0
ENSMMUG00000054071	0
ENSMMUG00000028733	9
ENSMMUG00000059466	0
ENSMMUG00000019370	8
ENSMMUG00000056719	0
ENSMMUG00000055669	0
ENSMMUG00000011589	1
ENSMMUG00000028809	0
ENSMMUG00000064481	0
ENSMMUG00000006717	0
ENSMMUG00000022305	45
ENSMMUG00000057605	0
ENSMMUG00000022934	0
ENSMMUG00000047027	0
ENSMMUG00000012938	2
ENSMMUG00000019372	4
ENSMMUG00000027588	0
ENSMMUG00000006718	0
ENSMMUG00000018879	0
ENSMMUG00000064460	0
ENSMMUG00000007975	0
ENSMMUG00000051309	0
ENSMMUG00000008531	6
ENSMMUG00000058622	0
ENSMMUG00000008589	0
ENSMMUG00000057636	0
ENSMMUG00000061875	1
ENSMMUG00000022735	2
ENSMMUG00000057355	0
ENSMMUG00000021269	6
ENSMMUG00000061700	0
ENSMMUG00000050410	0
ENSMMUG00000046906	0
ENSMMUG00000018672	0
ENSMMUG00000050313	0
ENSMMUG00000061186	0
ENSMMUG00000044099	0
ENSMMUG00000003162	0
ENSMMUG00000040273	1
ENSMMUG00000058928	0
ENSMMUG00000021060	4
ENSMMUG00000002961	3
ENSMMUG00000011931	0
ENSMMUG00000056976	1
ENSMMUG00000022198	0
ENSMMUG00000008590	0
ENSMMUG00000039283	0
ENSMMUG00000063815	0
ENSMMUG00000021059	0
ENSMMUG00000028950	2
ENSMMUG00000000292	0
ENSMMUG00000064561	0
ENSMMUG00000062521	0
ENSMMUG00000028849	0
ENSMMUG00000065033	0
ENSMMUG00000011205	0
ENSMMUG00000045966	0
ENSMMUG00000064704	0
ENSMMUG00000060408	0
ENSMMUG00000056558	0
ENSMMUG00000047845	5
ENSMMUG00000043110	0
ENSMMUG00000052666	8
ENSMMUG00000003926	0
ENSMMUG00000057659	0
ENSMMUG00000055332	0
ENSMMUG00000003029	0
ENSMMUG00000013924	4
ENSMMUG00000037639	0
ENSMMUG00000004323	0
ENSMMUG00000056529	0
ENSMMUG00000050747	0
ENSMMUG00000015768	10
ENSMMUG00000038943	0
ENSMMUG00000055572	0
ENSMMUG00000063199	0
ENSMMUG00000045400	0
ENSMMUG00000018740	41
ENSMMUG00000060000	0
ENSMMUG00000064093	878
ENSMMUG00000045484	0
ENSMMUG00000060191	0
ENSMMUG00000012312	0
ENSMMUG00000012157	0
ENSMMUG00000013923	33
ENSMMUG00000051365	0
ENSMMUG00000015673	0
ENSMMUG00000054779	0
ENSMMUG00000051803	0
ENSMMUG00000058263	0
ENSMMUG00000053961	0
ENSMMUG00000053041	0
ENSMMUG00000022309	51
ENSMMUG00000037843	0
ENSMMUG00000028816	0
ENSMMUG00000055388	0
ENSMMUG00000064846	10
ENSMMUG00000038407	0
ENSMMUG00000052315	0
ENSMMUG00000008041	4
ENSMMUG00000013477	0
ENSMMUG00000059643	0
ENSMMUG00000006010	4
ENSMMUG00000054056	0
ENSMMUG00000046099	0
ENSMMUG00000059656	11
ENSMMUG00000050243	0
ENSMMUG00000065278	13
ENSMMUG00000019376	0
ENSMMUG00000051543	7
ENSMMUG00000017036	30
ENSMMUG00000014735	0
ENSMMUG00000022297	46
ENSMMUG00000059087	0
ENSMMUG00000017426	0
ENSMMUG00000019093	0
ENSMMUG00000022100	14
ENSMMUG00000005722	31
ENSMMUG00000009357	0
ENSMMUG00000017968	8
ENSMMUG00000045698	0
ENSMMUG00000009540	22
ENSMMUG00000021267	0
ENSMMUG00000021891	10
ENSMMUG00000064404	0
ENSMMUG00000046473	0
ENSMMUG00000059170	0
ENSMMUG00000063831	0
ENSMMUG00000049601	1302
ENSMMUG00000012768	41
ENSMMUG00000017427	0
ENSMMUG00000053903	0
ENSMMUG00000053767	0
ENSMMUG00000059642	0
ENSMMUG00000003047	29
ENSMMUG00000054658	2
ENSMMUG00000032241	0
ENSMMUG00000037794	0
ENSMMUG00000048215	1
ENSMMUG00000057067	8
ENSMMUG00000015513	0
ENSMMUG00000014419	0
ENSMMUG00000028753	0
ENSMMUG00000002407	0
ENSMMUG00000028763	0
ENSMMUG00000049968	1
ENSMMUG00000016228	0
ENSMMUG00000021474	0
ENSMMUG00000017487	0
ENSMMUG00000064975	0
ENSMMUG00000004245	19
ENSMMUG00000011317	0
ENSMMUG00000019328	0
ENSMMUG00000052007	0
ENSMMUG00000022296	33
ENSMMUG00000055961	30
ENSMMUG00000028751	0
ENSMMUG00000003583	17
ENSMMUG00000057692	11
ENSMMUG00000009527	5
ENSMMUG00000005266	3
ENSMMUG00000009656	0
ENSMMUG00000061452	0
ENSMMUG00000019285	2
ENSMMUG00000062694	0
ENSMMUG00000005028	0
ENSMMUG00000003688	0
ENSMMUG00000054129	0
ENSMMUG00000003645	0
ENSMMUG00000042532	0
ENSMMUG00000011612	477
ENSMMUG00000019286	0
ENSMMUG00000055527	0
ENSMMUG00000051878	0
ENSMMUG00000009657	0
ENSMMUG00000058100	0
ENSMMUG00000062800	0
ENSMMUG00000059042	0
ENSMMUG00000033896	0
ENSMMUG00000022726	0
ENSMMUG00000060497	0
ENSMMUG00000009698	8
ENSMMUG00000016231	0
ENSMMUG00000061458	0
ENSMMUG00000057628	0
ENSMMUG00000019284	0
ENSMMUG00000058582	0
ENSMMUG00000016232	2
ENSMMUG00000006371	0
ENSMMUG00000056925	0
ENSMMUG00000003439	1
ENSMMUG00000065175	2
ENSMMUG00000001991	0
ENSMMUG00000064373	0
ENSMMUG00000055423	4
ENSMMUG00000051353	0
ENSMMUG00000047704	0
ENSMMUG00000014282	5
ENSMMUG00000063178	0
ENSMMUG00000018138	0
ENSMMUG00000064116	0
ENSMMUG00000056991	0
ENSMMUG00000008672	0
ENSMMUG00000012841	0
ENSMMUG00000023403	54
ENSMMUG00000065139	0
ENSMMUG00000017431	0
ENSMMUG00000016354	0
ENSMMUG00000038371	21
ENSMMUG00000024460	0
ENSMMUG00000062732	0
ENSMMUG00000002413	7
ENSMMUG00000022104	1
ENSMMUG00000040317	1
ENSMMUG00000003115	0
ENSMMUG00000051284	5
ENSMMUG00000046695	0
ENSMMUG00000050519	0
ENSMMUG00000056220	13
ENSMMUG00000004405	44
ENSMMUG00000015608	0
ENSMMUG00000009701	7
ENSMMUG00000065035	0
ENSMMUG00000021469	10
ENSMMUG00000052486	27
ENSMMUG00000042707	256
ENSMMUG00000009539	11
ENSMMUG00000014285	0
ENSMMUG00000013374	2
ENSMMUG00000060764	0
ENSMMUG00000003043	3
ENSMMUG00000028729	0
ENSMMUG00000063819	0
ENSMMUG00000009704	0
ENSMMUG00000013597	0
ENSMMUG00000060814	0
ENSMMUG00000057142	0
ENSMMUG00000014286	0
ENSMMUG00000052699	0
ENSMMUG00000013376	3
ENSMMUG00000005829	1
ENSMMUG00000050017	42
ENSMMUG00000022877	1
ENSMMUG00000022725	1
ENSMMUG00000000715	0
ENSMMUG00000010560	1
ENSMMUG00000028800	0
ENSMMUG00000052896	0
ENSMMUG00000010429	0
ENSMMUG00000048318	0
ENSMMUG00000004406	0
ENSMMUG00000017211	53
ENSMMUG00000005830	6
ENSMMUG00000059495	0
ENSMMUG00000022041	0
ENSMMUG00000010426	12
ENSMMUG00000012793	0
ENSMMUG00000006121	6
ENSMMUG00000003045	0
ENSMMUG00000061396	0
ENSMMUG00000057146	0
ENSMMUG00000003117	2
ENSMMUG00000000717	62
ENSMMUG00000006122	14
ENSMMUG00000008991	0
ENSMMUG00000022724	1
ENSMMUG00000000718	26
ENSMMUG00000022322	0
ENSMMUG00000009290	0
ENSMMUG00000022878	4
ENSMMUG00000057612	34
ENSMMUG00000041041	1
ENSMMUG00000019870	26
ENSMMUG00000024293	0
ENSMMUG00000011614	463
ENSMMUG00000059530	134
ENSMMUG00000009337	0
ENSMMUG00000053678	22
ENSMMUG00000009292	0
ENSMMUG00000012797	20
ENSMMUG00000055192	78
ENSMMUG00000015445	0
ENSMMUG00000050737	0
ENSMMUG00000000194	28
ENSMMUG00000016571	0
ENSMMUG00000049515	6
ENSMMUG00000065068	0
ENSMMUG00000058460	13
ENSMMUG00000021945	3
ENSMMUG00000059780	0
ENSMMUG00000011311	0
ENSMMUG00000016450	1
ENSMMUG00000050122	6
ENSMMUG00000045335	45
ENSMMUG00000017970	6
ENSMMUG00000014430	0
ENSMMUG00000028905	0
ENSMMUG00000009294	0
ENSMMUG00000012801	0
ENSMMUG00000003046	2
ENSMMUG00000021181	1
ENSMMUG00000020175	9
ENSMMUG00000051916	2
ENSMMUG00000042586	4
ENSMMUG00000060224	1
ENSMMUG00000014599	63
ENSMMUG00000011716	0
ENSMMUG00000021182	48
ENSMMUG00000060498	51
ENSMMUG00000005333	0
ENSMMUG00000057356	51
ENSMMUG00000032774	0
ENSMMUG00000036758	0
ENSMMUG00000061470	24
ENSMMUG00000050184	0
ENSMMUG00000017217	87
ENSMMUG00000021965	6
ENSMMUG00000012802	0
ENSMMUG00000028728	6
ENSMMUG00000055234	0
ENSMMUG00000063299	55
ENSMMUG00000018351	6
ENSMMUG00000051445	0
ENSMMUG00000005335	0
ENSMMUG00000011618	109
ENSMMUG00000043134	104
ENSMMUG00000003053	238
ENSMMUG00000005336	0
ENSMMUG00000059154	0
ENSMMUG00000012535	0
ENSMMUG00000006169	0
ENSMMUG00000056577	0
ENSMMUG00000047887	2
ENSMMUG00000017939	0
ENSMMUG00000048321	13
ENSMMUG00000016456	9
ENSMMUG00000040778	1
ENSMMUG00000005723	1671
ENSMMUG00000054339	0
ENSMMUG00000043963	0
ENSMMUG00000043304	8
ENSMMUG00000048701	0
ENSMMUG00000023357	7
ENSMMUG00000011622	470
ENSMMUG00000065082	1
ENSMMUG00000028798	0
ENSMMUG00000062833	0
ENSMMUG00000028948	0
ENSMMUG00000000195	0
ENSMMUG00000016574	107
ENSMMUG00000003056	0
ENSMMUG00000063663	11
ENSMMUG00000061262	0
ENSMMUG00000014604	2
ENSMMUG00000061589	0
ENSMMUG00000001193	0
ENSMMUG00000055035	0
ENSMMUG00000012174	11
ENSMMUG00000019025	0
ENSMMUG00000000196	16
ENSMMUG00000009674	0
ENSMMUG00000017400	37
ENSMMUG00000056903	0
ENSMMUG00000036280	0
ENSMMUG00000039983	27
ENSMMUG00000062811	0
ENSMMUG00000028727	0
ENSMMUG00000053887	0
ENSMMUG00000057816	0
ENSMMUG00000052841	16
ENSMMUG00000010653	13
ENSMMUG00000028947	3
ENSMMUG00000064268	0
ENSMMUG00000056049	19
ENSMMUG00000061505	0
ENSMMUG00000011790	0
ENSMMUG00000064856	0
ENSMMUG00000041442	12
ENSMMUG00000022207	0
ENSMMUG00000005339	52
ENSMMUG00000003060	0
ENSMMUG00000065254	0
ENSMMUG00000011715	2
ENSMMUG00000064898	0
ENSMMUG00000059371	89
ENSMMUG00000000198	0
ENSMMUG00000009677	15
ENSMMUG00000044243	13
ENSMMUG00000030424	1
ENSMMUG00000022938	13
ENSMMUG00000022463	0
ENSMMUG00000055163	25
ENSMMUG00000009486	0
ENSMMUG00000053843	0
ENSMMUG00000003815	0
ENSMMUG00000005727	4
ENSMMUG00000051515	0
ENSMMUG00000010824	0
ENSMMUG00000016578	8
ENSMMUG00000050123	16
ENSMMUG00000043611	0
ENSMMUG00000038989	0
ENSMMUG00000018096	2
ENSMMUG00000063498	0
ENSMMUG00000010826	0
ENSMMUG00000020493	0
ENSMMUG00000028718	0
ENSMMUG00000058493	0
ENSMMUG00000016577	10
ENSMMUG00000047370	0
ENSMMUG00000020495	0
ENSMMUG00000021183	3
ENSMMUG00000048694	0
ENSMMUG00000053242	99
ENSMMUG00000028122	0
ENSMMUG00000058115	0
ENSMMUG00000043342	0
ENSMMUG00000064399	0
ENSMMUG00000019031	0
ENSMMUG00000064983	0
ENSMMUG00000060598	0
ENSMMUG00000064340	0
ENSMMUG00000036133	0
ENSMMUG00000011402	7
ENSMMUG00000062193	0
ENSMMUG00000019032	0
ENSMMUG00000005728	0
ENSMMUG00000007653	0
ENSMMUG00000016505	0
ENSMMUG00000023530	0
ENSMMUG00000061725	0
ENSMMUG00000022872	0
ENSMMUG00000053206	0
ENSMMUG00000048020	0
ENSMMUG00000005729	0
ENSMMUG00000009014	8
ENSMMUG00000064347	0
ENSMMUG00000023531	0
ENSMMUG00000028717	0
ENSMMUG00000020498	1
ENSMMUG00000011403	3
ENSMMUG00000028931	21
ENSMMUG00000013671	2
ENSMMUG00000020503	11
ENSMMUG00000052024	0
ENSMMUG00000020504	0
ENSMMUG00000064378	0
ENSMMUG00000026951	0
ENSMMUG00000017906	0
ENSMMUG00000015369	0
ENSMMUG00000002328	6
ENSMMUG00000056843	0
ENSMMUG00000020505	6
ENSMMUG00000020520	15
ENSMMUG00000012172	16
ENSMMUG00000022875	0
ENSMMUG00000058680	0
ENSMMUG00000006936	0
ENSMMUG00000054266	0
ENSMMUG00000055621	180
ENSMMUG00000064590	0
ENSMMUG00000008137	3
ENSMMUG00000053707	0
ENSMMUG00000006027	8
ENSMMUG00000044329	0
ENSMMUG00000032809	0
ENSMMUG00000021611	4
ENSMMUG00000012171	0
ENSMMUG00000021111	3
ENSMMUG00000006937	2
ENSMMUG00000061372	0
ENSMMUG00000022459	0
ENSMMUG00000006124	49
ENSMMUG00000012170	1
ENSMMUG00000006940	3
ENSMMUG00000009587	276
ENSMMUG00000044652	1
ENSMMUG00000009017	11
ENSMMUG00000050537	0
ENSMMUG00000062413	2
ENSMMUG00000055758	0
ENSMMUG00000006128	13
ENSMMUG00000021360	2
ENSMMUG00000023303	1
ENSMMUG00000049025	0
ENSMMUG00000058342	0
ENSMMUG00000022487	0
ENSMMUG00000051573	0
ENSMMUG00000006586	2
ENSMMUG00000002964	0
ENSMMUG00000001219	13
ENSMMUG00000016085	5
ENSMMUG00000062017	5
ENSMMUG00000014932	2
ENSMMUG00000002965	0
ENSMMUG00000052731	0
ENSMMUG00000051431	27
ENSMMUG00000028930	60
ENSMMUG00000012764	0
ENSMMUG00000064485	15
ENSMMUG00000020616	0
ENSMMUG00000016457	1
ENSMMUG00000014896	0
ENSMMUG00000054512	0
ENSMMUG00000058546	0
ENSMMUG00000056677	0
ENSMMUG00000050251	11
ENSMMUG00000009988	1
ENSMMUG00000028716	6
ENSMMUG00000009672	0
ENSMMUG00000021892	0
ENSMMUG00000009343	0
ENSMMUG00000049066	0
ENSMMUG00000040746	0
ENSMMUG00000056164	0
ENSMMUG00000044080	0
ENSMMUG00000018932	0
ENSMMUG00000056461	81
ENSMMUG00000056802	0
ENSMMUG00000038354	0
ENSMMUG00000014032	0
ENSMMUG00000050415	0
ENSMMUG00000052278	158
ENSMMUG00000060102	0
ENSMMUG00000043536	0
ENSMMUG00000005424	2
ENSMMUG00000048355	0
ENSMMUG00000021629	31
ENSMMUG00000042364	0
ENSMMUG00000001917	4
ENSMMUG00000059073	0
ENSMMUG00000015900	0
ENSMMUG00000006540	0
ENSMMUG00000064204	0
ENSMMUG00000028715	0
ENSMMUG00000014897	32
ENSMMUG00000015901	2
ENSMMUG00000006509	2
ENSMMUG00000021631	3
ENSMMUG00000020617	1
ENSMMUG00000063148	0
ENSMMUG00000063611	0
ENSMMUG00000006542	0
ENSMMUG00000016507	0
ENSMMUG00000056909	0
ENSMMUG00000059420	0
ENSMMUG00000006544	0
ENSMMUG00000042351	0
ENSMMUG00000052806	0
ENSMMUG00000006511	6
ENSMMUG00000010614	0
ENSMMUG00000003110	31
ENSMMUG00000053819	0
ENSMMUG00000020618	2
ENSMMUG00000020653	0
ENSMMUG00000012704	0
ENSMMUG00000006590	0
ENSMMUG00000061632	0
ENSMMUG00000059739	0
ENSMMUG00000064682	0
ENSMMUG00000060289	0
ENSMMUG00000056644	0
ENSMMUG00000056347	12
ENSMMUG00000053889	0
ENSMMUG00000052201	0
ENSMMUG00000050032	0
ENSMMUG00000063342	0
ENSMMUG00000015428	11
ENSMMUG00000023286	9
ENSMMUG00000064639	0
ENSMMUG00000054579	5
ENSMMUG00000005014	0
ENSMMUG00000058217	0
ENSMMUG00000059377	0
ENSMMUG00000001735	0
ENSMMUG00000052665	0
ENSMMUG00000056409	0
ENSMMUG00000004673	0
ENSMMUG00000053700	0
ENSMMUG00000011178	0
ENSMMUG00000015438	5
ENSMMUG00000016614	0
ENSMMUG00000019680	1
ENSMMUG00000006773	1
ENSMMUG00000013758	2
ENSMMUG00000049820	0
ENSMMUG00000037847	0
ENSMMUG00000008103	0
ENSMMUG00000053457	5
ENSMMUG00000039195	1
ENSMMUG00000004085	0
ENSMMUG00000006774	0
ENSMMUG00000023290	6
ENSMMUG00000053220	0
ENSMMUG00000064233	0
ENSMMUG00000007726	0
ENSMMUG00000008741	0
ENSMMUG00000059247	0
ENSMMUG00000056147	1
ENSMMUG00000004804	19
ENSMMUG00000052371	0
ENSMMUG00000015273	0
ENSMMUG00000003111	6
ENSMMUG00000057532	5
ENSMMUG00000016695	1
ENSMMUG00000004808	53
ENSMMUG00000022765	0
ENSMMUG00000023291	9
ENSMMUG00000007729	0
ENSMMUG00000028895	2
ENSMMUG00000001473	0
ENSMMUG00000016699	0
ENSMMUG00000004805	22
ENSMMUG00000032667	0
ENSMMUG00000008742	26
ENSMMUG00000056951	0
ENSMMUG00000065079	18
ENSMMUG00000041352	4
ENSMMUG00000000698	6
ENSMMUG00000004810	6
ENSMMUG00000063797	0
ENSMMUG00000022767	41
ENSMMUG00000044928	0
ENSMMUG00000016122	0
ENSMMUG00000020229	0
ENSMMUG00000050846	0
ENSMMUG00000059015	17
ENSMMUG00000000215	1
ENSMMUG00000010225	0
ENSMMUG00000062449	0
ENSMMUG00000053016	0
ENSMMUG00000061307	0
ENSMMUG00000059305	2
ENSMMUG00000058741	0
ENSMMUG00000058441	0
ENSMMUG00000002846	0
ENSMMUG00000005218	0
ENSMMUG00000004811	1
ENSMMUG00000060731	0
ENSMMUG00000008686	0
ENSMMUG00000025560	0
ENSMMUG00000043959	6
ENSMMUG00000011018	20
ENSMMUG00000025583	0
ENSMMUG00000018806	2
ENSMMUG00000002847	3
ENSMMUG00000046883	43
ENSMMUG00000023293	5
ENSMMUG00000000217	23
ENSMMUG00000057004	0
ENSMMUG00000018808	18
ENSMMUG00000013637	0
ENSMMUG00000035709	1
ENSMMUG00000001476	0
ENSMMUG00000011951	35
ENSMMUG00000063320	35
ENSMMUG00000019918	11
ENSMMUG00000000218	5
ENSMMUG00000011953	6
ENSMMUG00000029506	1
ENSMMUG00000003190	0
ENSMMUG00000061795	0
ENSMMUG00000005827	0
ENSMMUG00000016593	0
ENSMMUG00000019564	3
ENSMMUG00000053552	0
ENSMMUG00000023294	0
ENSMMUG00000052039	0
ENSMMUG00000053125	0
ENSMMUG00000047855	1
ENSMMUG00000003744	0
ENSMMUG00000053747	0
ENSMMUG00000016539	0
ENSMMUG00000007988	0
ENSMMUG00000042912	0
ENSMMUG00000063002	0
ENSMMUG00000050739	2
ENSMMUG00000019954	0
ENSMMUG00000064675	0
ENSMMUG00000019665	0
ENSMMUG00000060522	10
ENSMMUG00000055419	0
ENSMMUG00000014247	111
ENSMMUG00000013747	0
ENSMMUG00000028711	0
ENSMMUG00000019955	0
ENSMMUG00000061156	0
ENSMMUG00000021384	0
ENSMMUG00000014673	0
ENSMMUG00000049496	0
ENSMMUG00000006620	8
ENSMMUG00000016749	0
ENSMMUG00000019668	39
ENSMMUG00000028928	2
ENSMMUG00000059725	226
ENSMMUG00000021382	17
ENSMMUG00000028920	6
ENSMMUG00000011265	2
ENSMMUG00000009935	0
ENSMMUG00000020705	0
ENSMMUG00000041188	2
ENSMMUG00000020707	93
ENSMMUG00000019669	28
ENSMMUG00000057564	0
ENSMMUG00000028710	0
ENSMMUG00000053725	0
ENSMMUG00000028882	1
ENSMMUG00000054609	3
ENSMMUG00000031027	2
ENSMMUG00000016821	2
ENSMMUG00000002974	5
ENSMMUG00000061373	304
ENSMMUG00000062848	640
ENSMMUG00000058031	0
ENSMMUG00000050702	0
ENSMMUG00000049584	0
ENSMMUG00000052661	6
ENSMMUG00000010100	4
ENSMMUG00000050283	0
ENSMMUG00000016665	0
ENSMMUG00000052684	0
ENSMMUG00000010984	6
ENSMMUG00000018367	0
ENSMMUG00000051452	16
ENSMMUG00000064470	0
ENSMMUG00000022338	2
ENSMMUG00000015660	23
ENSMMUG00000028927	0
ENSMMUG00000011963	142
ENSMMUG00000045860	0
ENSMMUG00000064610	0
ENSMMUG00000014677	20
ENSMMUG00000049858	0
ENSMMUG00000059349	0
ENSMMUG00000057212	7
ENSMMUG00000000818	0
ENSMMUG00000060174	0
ENSMMUG00000017498	0
ENSMMUG00000018368	2
ENSMMUG00000015663	14
ENSMMUG00000049311	0
ENSMMUG00000054092	0
ENSMMUG00000000268	0
ENSMMUG00000019965	0
ENSMMUG00000002545	0
ENSMMUG00000064562	0
ENSMMUG00000064532	0
ENSMMUG00000017984	2
ENSMMUG00000062406	0
ENSMMUG00000000271	6
ENSMMUG00000011964	7
ENSMMUG00000028863	2
ENSMMUG00000059812	0
ENSMMUG00000010107	13
ENSMMUG00000017989	0
ENSMMUG00000050674	0
ENSMMUG00000026921	7
ENSMMUG00000053190	0
ENSMMUG00000055775	317
ENSMMUG00000028926	76
ENSMMUG00000063063	0
ENSMMUG00000053661	0
ENSMMUG00000010722	23
ENSMMUG00000049703	0
ENSMMUG00000059930	0
ENSMMUG00000018981	0
ENSMMUG00000020841	2
ENSMMUG00000010723	9
ENSMMUG00000060862	21
ENSMMUG00000004401	35
ENSMMUG00000000273	62
ENSMMUG00000020967	0
ENSMMUG00000057561	0
ENSMMUG00000062498	0
ENSMMUG00000035058	0
ENSMMUG00000057991	2
ENSMMUG00000008578	0
ENSMMUG00000008576	0
ENSMMUG00000016706	0
ENSMMUG00000010109	9
ENSMMUG00000004400	24
ENSMMUG00000033615	0
ENSMMUG00000028834	8
ENSMMUG00000010111	1
ENSMMUG00000053764	0
ENSMMUG00000061429	3
ENSMMUG00000055732	0
ENSMMUG00000058911	0
ENSMMUG00000011967	10
ENSMMUG00000000311	0
ENSMMUG00000008931	3
ENSMMUG00000017949	467
ENSMMUG00000016709	3
ENSMMUG00000058897	69
ENSMMUG00000058241	3
ENSMMUG00000012042	5
ENSMMUG00000064612	0
ENSMMUG00000063286	1
ENSMMUG00000059857	0
ENSMMUG00000000452	2
ENSMMUG00000001715	0
ENSMMUG00000018937	7
ENSMMUG00000028925	0
ENSMMUG00000003164	13
ENSMMUG00000001190	46
ENSMMUG00000005697	1
ENSMMUG00000022656	7
ENSMMUG00000001192	0
ENSMMUG00000023699	0
ENSMMUG00000023701	0
ENSMMUG00000027263	0
ENSMMUG00000057436	0
ENSMMUG00000063389	0
ENSMMUG00000055417	0
ENSMMUG00000060985	0
ENSMMUG00000005698	0
ENSMMUG00000003468	0
ENSMMUG00000049072	1
ENSMMUG00000042809	0
ENSMMUG00000064958	0
ENSMMUG00000028914	0
ENSMMUG00000058424	0
ENSMMUG00000055334	0
ENSMMUG00000046372	0
ENSMMUG00000036775	0
ENSMMUG00000049927	0
ENSMMUG00000065054	0
ENSMMUG00000056401	2
ENSMMUG00000000054	22
ENSMMUG00000057836	0
ENSMMUG00000042296	1
ENSMMUG00000023702	0
ENSMMUG00000053244	3
ENSMMUG00000007904	6
ENSMMUG00000049526	0
ENSMMUG00000003611	15
ENSMMUG00000010998	0
ENSMMUG00000048043	0
ENSMMUG00000005597	4
ENSMMUG00000021716	6
ENSMMUG00000060457	0
ENSMMUG00000016526	4
ENSMMUG00000005598	0
ENSMMUG00000062565	0
ENSMMUG00000051241	0
ENSMMUG00000054614	0
ENSMMUG00000033179	0
ENSMMUG00000057313	79
ENSMMUG00000050193	3
ENSMMUG00000053329	10
ENSMMUG00000005600	9
ENSMMUG00000054939	0
ENSMMUG00000014216	0
ENSMMUG00000001985	0
ENSMMUG00000011042	0
ENSMMUG00000053631	0
ENSMMUG00000051945	0
ENSMMUG00000064738	0
ENSMMUG00000008693	0
ENSMMUG00000028875	0
ENSMMUG00000057317	0
ENSMMUG00000065081	0
ENSMMUG00000008695	9
ENSMMUG00000012587	0
ENSMMUG00000008697	0
ENSMMUG00000047218	0
ENSMMUG00000050989	0
ENSMMUG00000054946	1
ENSMMUG00000012586	11
ENSMMUG00000008699	4
ENSMMUG00000055138	0
ENSMMUG00000014351	0
ENSMMUG00000050486	0
ENSMMUG00000064114	0
ENSMMUG00000019314	4
ENSMMUG00000049646	0
ENSMMUG00000005236	0
ENSMMUG00000064925	0
ENSMMUG00000053452	0
ENSMMUG00000063683	507
ENSMMUG00000054313	0
ENSMMUG00000058614	1
ENSMMUG00000016860	0
ENSMMUG00000016862	54
ENSMMUG00000016863	15
ENSMMUG00000016868	18
ENSMMUG00000016869	137
ENSMMUG00000062025	2
ENSMMUG00000016870	1
ENSMMUG00000005684	5
ENSMMUG00000055967	0
ENSMMUG00000032946	0
ENSMMUG00000006274	3
ENSMMUG00000006275	6
ENSMMUG00000063236	0
ENSMMUG00000005686	0
ENSMMUG00000005688	4
ENSMMUG00000005689	28
ENSMMUG00000045010	0
ENSMMUG00000063697	0
ENSMMUG00000007322	0
ENSMMUG00000008740	3
ENSMMUG00000048035	0
ENSMMUG00000028866	2
ENSMMUG00000011230	2
ENSMMUG00000007043	2
ENSMMUG00000004390	12
ENSMMUG00000004392	11
ENSMMUG00000004393	6
ENSMMUG00000042251	44
ENSMMUG00000063314	0
ENSMMUG00000019292	22
ENSMMUG00000001166	9
ENSMMUG00000001167	29
ENSMMUG00000017971	0
ENSMMUG00000057038	86
ENSMMUG00000011427	0
ENSMMUG00000003555	60
ENSMMUG00000054395	0
ENSMMUG00000058941	0
ENSMMUG00000053476	0
ENSMMUG00000064418	0
ENSMMUG00000039261	0
ENSMMUG00000061536	0
ENSMMUG00000050643	0
ENSMMUG00000053530	0
ENSMMUG00000064732	0
ENSMMUG00000058969	0
ENSMMUG00000061238	0
ENSMMUG00000057006	0
ENSMMUG00000043318	0
ENSMMUG00000055976	3
ENSMMUG00000053939	0
ENSMMUG00000041853	3
ENSMMUG00000038331	1
ENSMMUG00000056138	0
ENSMMUG00000039089	0
ENSMMUG00000044931	0
ENSMMUG00000049379	0
ENSMMUG00000046583	0
ENSMMUG00000064248	0
ENSMMUG00000061378	63
ENSMMUG00000049458	3
ENSMMUG00000046378	122
ENSMMUG00000042062	0
ENSMMUG00000044890	0
ENSMMUG00000051962	0
ENSMMUG00000051966	4
ENSMMUG00000050682	12
ENSMMUG00000038866	11
ENSMMUG00000054832	0
ENSMMUG00000046495	0
ENSMMUG00000050111	0
ENSMMUG00000056331	0
ENSMMUG00000047306	0
ENSMMUG00000038768	0
ENSMMUG00000059694	0
ENSMMUG00000060913	0
ENSMMUG00000056617	0
ENSMMUG00000041468	0
ENSMMUG00000046892	0
ENSMMUG00000045991	3
ENSMMUG00000041692	0
ENSMMUG00000041274	0
ENSMMUG00000038984	0
ENSMMUG00000063616	0
ENSMMUG00000062205	0
ENSMMUG00000049217	0
ENSMMUG00000052253	0
ENSMMUG00000057875	0
ENSMMUG00000043966	2
ENSMMUG00000063386	0
ENSMMUG00000054981	0
ENSMMUG00000045289	0
ENSMMUG00000038182	2
ENSMMUG00000055015	5
ENSMMUG00000055280	0
ENSMMUG00000058225	0
ENSMMUG00000054467	0
ENSMMUG00000042225	33
ENSMMUG00000042267	0
ENSMMUG00000061325	0
ENSMMUG00000040210	0
ENSMMUG00000049104	0
ENSMMUG00000045017	4
ENSMMUG00000057579	15
ENSMMUG00000043715	1
ENSMMUG00000059478	1
ENSMMUG00000038824	0
ENSMMUG00000065381	0
ENSMMUG00000065373	0
ENSMMUG00000065363	0
ENSMMUG00000065362	0
ENSMMUG00000065374	0
ENSMMUG00000065372	37
ENSMMUG00000065384	0
ENSMMUG00000065364	0
ENSMMUG00000065370	0
ENSMMUG00000065356	61
ENSMMUG00000065378	0
ENSMMUG00000065361	0
ENSMMUG00000065352	0
ENSMMUG00000065367	0
ENSMMUG00000065385	3
ENSMMUG00000065358	4
ENSMMUG00000065360	0
ENSMMUG00000065377	0
ENSMMUG00000065380	0
ENSMMUG00000065376	0
ENSMMUG00000065383	0
ENSMMUG00000065375	16
ENSMMUG00000065366	2
ENSMMUG00000065365	0
ENSMMUG00000065353	0
ENSMMUG00000065369	0
ENSMMUG00000065379	0
ENSMMUG00000065387	1
ENSMMUG00000065357	0
ENSMMUG00000065368	0
ENSMMUG00000065388	0
ENSMMUG00000065354	1
ENSMMUG00000065359	0
ENSMMUG00000065371	0
ENSMMUG00000065382	3
ENSMMUG00000065386	0
ENSMMUG00000065355	0
ENSMMUG00000064861	0
ENSMMUG00000040772	0
ENSMMUG00000055027	0
ENSMMUG00000054156	0
ENSMMUG00000052082	0
ENSMMUG00000060072	0
ENSMMUG00000063707	0
ENSMMUG00000053884	0
ENSMMUG00000050576	0
ENSMMUG00000050818	0
ENSMMUG00000050598	0
ENSMMUG00000063043	0
ENSMMUG00000053618	0
ENSMMUG00000062712	0
ENSMMUG00000057715	0
ENSMMUG00000059727	0
ENSMMUG00000064011	0
ENSMMUG00000050886	0
ENSMMUG00000059020	0
ENSMMUG00000053663	0
ENSMMUG00000052079	0
ENSMMUG00000058770	0
ENSMMUG00000051136	0
ENSMMUG00000059232	0
ENSMMUG00000050829	79
ENSMMUG00000058789	1681
ENSMMUG00000063356	0
ENSMMUG00000058796	0
ENSMMUG00000060141	0
ENSMMUG00000054151	0
ENSMMUG00000061363	1844
ENSMMUG00000064139	125
ENSMMUG00000050545	28
ENSMMUG00000053510	175
ENSMMUG00000053557	1030
ENSMMUG00000039325	0
ENSMMUG00000052873	0
ENSMMUG00000057294	0
ENSMMUG00000049518	0
ENSMMUG00000043052	0
ENSMMUG00000063182	0
ENSMMUG00000062218	0
ENSMMUG00000063943	0
ENSMMUG00000060589	0
ENSMMUG00000054537	0
ENSMMUG00000061671	0
ENSMMUG00000050293	0
ENSMMUG00000062035	0
ENSMMUG00000061631	0
ENSMMUG00000018363	0
ENSMMUG00000018364	0
ENSMMUG00000052293	171
ENSMMUG00000049549	0
ENSMMUG00000063285	0
ENSMMUG00000012297	2
ENSMMUG00000050135	0
ENSMMUG00000049544	1
ENSMMUG00000062632	1
ENSMMUG00000053613	235
ENSMMUG00000059308	0
ENSMMUG00000052738	9
ENSMMUG00000049728	0
ENSMMUG00000044033	0
ENSMMUG00000063382	0
ENSMMUG00000060630	0
ENSMMUG00000045027	0
ENSMMUG00000051019	0
ENSMMUG00000057138	1
ENSMMUG00000060019	0
ENSMMUG00000060002	0
ENSMMUG00000061349	0
ENSMMUG00000062613	0
ENSMMUG00000061187	0
ENSMMUG00000065192	0
ENSMMUG00000060233	0
ENSMMUG00000038162	0
ENSMMUG00000055868	7
ENSMMUG00000051929	20
ENSMMUG00000063341	0
ENSMMUG00000050024	0
ENSMMUG00000050067	0
ENSMMUG00000060415	0
ENSMMUG00000053801	0
ENSMMUG00000057645	1
ENSMMUG00000050701	1
ENSMMUG00000040140	0
ENSMMUG00000053584	0
ENSMMUG00000054705	1
ENSMMUG00000058826	13
ENSMMUG00000053163	0
ENSMMUG00000049730	0
ENSMMUG00000057048	0
ENSMMUG00000064568	0
ENSMMUG00000061018	0
ENSMMUG00000059616	0
ENSMMUG00000063259	0
ENSMMUG00000052094	0
ENSMMUG00000055310	0
ENSMMUG00000061852	0
ENSMMUG00000059242	0
ENSMMUG00000054745	0
ENSMMUG00000039585	0
ENSMMUG00000062709	0
ENSMMUG00000059801	0
ENSMMUG00000051297	0
ENSMMUG00000056334	0
ENSMMUG00000051668	0
ENSMMUG00000054091	0
ENSMMUG00000054751	0
ENSMMUG00000057746	0
ENSMMUG00000050835	4
ENSMMUG00000058792	0
ENSMMUG00000055666	0
ENSMMUG00000062739	1
ENSMMUG00000050976	8
ENSMMUG00000000453	1
ENSMMUG00000059901	0
ENSMMUG00000055017	0
ENSMMUG00000063239	0
ENSMMUG00000064465	0
ENSMMUG00000053052	0
ENSMMUG00000058553	0
ENSMMUG00000063755	0
ENSMMUG00000050203	0
ENSMMUG00000063589	34
ENSMMUG00000061249	3
ENSMMUG00000057716	0
ENSMMUG00000052963	0
ENSMMUG00000056967	4
ENSMMUG00000055319	0
ENSMMUG00000060550	0
ENSMMUG00000056183	83
ENSMMUG00000058167	0
ENSMMUG00000059699	0
ENSMMUG00000052122	0
ENSMMUG00000058154	0
ENSMMUG00000062086	4
ENSMMUG00000052585	17
ENSMMUG00000056494	0
ENSMMUG00000065152	0
ENSMMUG00000065135	0
ENSMMUG00000060433	29
ENSMMUG00000054218	0
ENSMMUG00000065029	0
ENSMMUG00000053453	71
ENSMMUG00000058381	3
ENSMMUG00000056470	1
ENSMMUG00000054703	0
ENSMMUG00000060031	0
ENSMMUG00000062514	0
ENSMMUG00000063761	5
ENSMMUG00000064722	0
ENSMMUG00000014129	0
ENSMMUG00000054194	0
ENSMMUG00000062983	0
ENSMMUG00000042343	0
ENSMMUG00000055044	0
ENSMMUG00000064252	0
ENSMMUG00000060672	0
ENSMMUG00000063945	7
ENSMMUG00000051479	0
ENSMMUG00000054405	0
ENSMMUG00000013632	0
ENSMMUG00000056624	0
ENSMMUG00000063422	7
ENSMMUG00000052858	0
ENSMMUG00000063905	0
ENSMMUG00000056820	9
ENSMMUG00000057162	0
ENSMMUG00000052625	0
ENSMMUG00000059573	0
ENSMMUG00000050850	0
ENSMMUG00000056547	0
ENSMMUG00000060766	0
ENSMMUG00000060354	0
ENSMMUG00000060720	0
ENSMMUG00000052311	0
ENSMMUG00000061499	0
ENSMMUG00000050919	0
ENSMMUG00000005533	6
ENSMMUG00000049560	2
ENSMMUG00000061901	0
ENSMMUG00000054520	0
ENSMMUG00000055063	0
ENSMMUG00000020542	0
ENSMMUG00000050855	0
ENSMMUG00000059022	0
ENSMMUG00000050274	0
ENSMMUG00000040752	0
ENSMMUG00000062534	0
ENSMMUG00000055450	0
ENSMMUG00000052109	0
ENSMMUG00000057368	0
ENSMMUG00000054203	0
ENSMMUG00000060045	0
ENSMMUG00000053167	0
ENSMMUG00000054601	0
ENSMMUG00000056094	0
ENSMMUG00000061132	0
ENSMMUG00000051000	7
ENSMMUG00000060816	0
ENSMMUG00000057381	0
ENSMMUG00000050204	0
ENSMMUG00000058271	0
ENSMMUG00000051066	0
ENSMMUG00000053549	0
ENSMMUG00000007657	1
ENSMMUG00000062252	0
ENSMMUG00000055748	5
ENSMMUG00000056510	4
ENSMMUG00000002993	22
ENSMMUG00000002990	0
ENSMMUG00000064092	6
ENSMMUG00000058831	0
ENSMMUG00000049785	0
ENSMMUG00000064320	0
ENSMMUG00000048003	0
ENSMMUG00000041765	0
ENSMMUG00000065114	0
ENSMMUG00000061692	0
ENSMMUG00000060413	0
ENSMMUG00000051488	0
ENSMMUG00000045265	0
ENSMMUG00000055453	0
ENSMMUG00000049367	0
ENSMMUG00000052541	3
ENSMMUG00000051375	0
ENSMMUG00000063151	0
ENSMMUG00000061987	19
ENSMMUG00000049949	3
ENSMMUG00000058761	0
ENSMMUG00000051166	0
ENSMMUG00000050194	33
ENSMMUG00000052114	1
ENSMMUG00000059110	0
ENSMMUG00000062112	159
ENSMMUG00000061047	0
ENSMMUG00000053168	0
ENSMMUG00000063172	10
ENSMMUG00000051545	0
ENSMMUG00000058327	0
ENSMMUG00000064871	0
ENSMMUG00000054887	0
ENSMMUG00000042221	0
ENSMMUG00000047892	0
ENSMMUG00000054366	0
ENSMMUG00000055100	0
ENSMMUG00000054664	0
ENSMMUG00000057947	0
ENSMMUG00000058579	11
ENSMMUG00000048069	0
ENSMMUG00000052053	0
ENSMMUG00000051194	0
ENSMMUG00000057668	0
ENSMMUG00000051048	0
ENSMMUG00000060728	0
ENSMMUG00000059261	0
ENSMMUG00000057250	0
ENSMMUG00000050201	2
ENSMMUG00000062026	0
ENSMMUG00000051473	0
ENSMMUG00000064258	0
ENSMMUG00000056649	0
ENSMMUG00000054894	0
ENSMMUG00000052054	0
ENSMMUG00000056776	0
ENSMMUG00000056879	2
ENSMMUG00000052702	0
ENSMMUG00000056286	0
ENSMMUG00000058604	0
ENSMMUG00000050760	0
ENSMMUG00000060868	0
ENSMMUG00000063423	0
ENSMMUG00000057505	0
ENSMMUG00000057012	0
ENSMMUG00000049852	0
ENSMMUG00000059284	0
ENSMMUG00000051093	0
ENSMMUG00000036032	0
ENSMMUG00000057140	0
ENSMMUG00000058210	0
ENSMMUG00000060876	0
ENSMMUG00000062145	0
ENSMMUG00000054945	0
ENSMMUG00000059121	4
ENSMMUG00000055030	0
ENSMMUG00000050058	27
ENSMMUG00000047496	0
ENSMMUG00000002234	0
ENSMMUG00000053517	0
ENSMMUG00000018126	0
ENSMMUG00000058306	0
ENSMMUG00000050803	0
ENSMMUG00000061521	3
ENSMMUG00000055547	0
ENSMMUG00000006339	0
ENSMMUG00000063373	0
ENSMMUG00000053619	0
ENSMMUG00000056883	0
ENSMMUG00000065057	0
ENSMMUG00000064115	0
ENSMMUG00000057152	0
ENSMMUG00000051687	0
ENSMMUG00000053135	0
ENSMMUG00000058442	0
ENSMMUG00000049460	0
ENSMMUG00000054518	0
ENSMMUG00000065305	0
ENSMMUG00000053385	0
ENSMMUG00000063644	0
ENSMMUG00000054820	0
ENSMMUG00000054443	0
ENSMMUG00000057104	2
ENSMMUG00000059770	3
ENSMMUG00000051227	0
ENSMMUG00000063739	0
ENSMMUG00000060032	0
ENSMMUG00000055647	1
ENSMMUG00000039722	0
ENSMMUG00000050312	0
ENSMMUG00000063229	0
ENSMMUG00000061147	0
ENSMMUG00000059647	0
ENSMMUG00000060897	0
ENSMMUG00000056400	0
ENSMMUG00000059522	0
ENSMMUG00000057035	55
ENSMMUG00000056955	0
ENSMMUG00000051177	0
ENSMMUG00000064312	0
ENSMMUG00000062018	0
ENSMMUG00000049577	0
ENSMMUG00000064345	0
ENSMMUG00000061788	0
ENSMMUG00000050538	0
ENSMMUG00000062858	0
ENSMMUG00000063832	0
ENSMMUG00000053401	0
ENSMMUG00000064663	0
ENSMMUG00000052907	0
ENSMMUG00000057087	0
ENSMMUG00000049648	0
ENSMMUG00000052824	0
ENSMMUG00000039905	0
ENSMMUG00000058262	0
ENSMMUG00000059544	0
ENSMMUG00000059593	0
ENSMMUG00000060150	0
ENSMMUG00000055523	0
ENSMMUG00000064887	0
ENSMMUG00000049906	0
ENSMMUG00000057478	0
ENSMMUG00000053784	0
ENSMMUG00000056359	0
ENSMMUG00000062947	0
ENSMMUG00000054740	0
ENSMMUG00000059949	0
ENSMMUG00000064884	0
ENSMMUG00000064037	0
ENSMMUG00000059003	0
ENSMMUG00000059523	0
ENSMMUG00000062836	0
ENSMMUG00000064098	0
ENSMMUG00000050684	0
ENSMMUG00000056806	0
ENSMMUG00000052397	0
ENSMMUG00000056936	0
ENSMMUG00000063089	0
ENSMMUG00000054787	0
ENSMMUG00000054160	0
ENSMMUG00000055894	0
ENSMMUG00000062293	0
ENSMMUG00000054079	0
ENSMMUG00000059957	0
ENSMMUG00000046569	0
ENSMMUG00000050805	0
ENSMMUG00000061862	0
ENSMMUG00000060180	0
ENSMMUG00000057200	0
ENSMMUG00000060662	0
ENSMMUG00000059822	0
ENSMMUG00000057880	0
ENSMMUG00000056590	0
ENSMMUG00000056379	0
ENSMMUG00000064205	0
ENSMMUG00000059917	0
ENSMMUG00000060587	0
ENSMMUG00000051540	0
ENSMMUG00000063805	0
ENSMMUG00000053684	0
ENSMMUG00000050143	0
ENSMMUG00000060198	0
ENSMMUG00000053297	0
ENSMMUG00000063138	0
ENSMMUG00000056527	0
ENSMMUG00000059356	0
ENSMMUG00000055144	0
ENSMMUG00000055001	0
ENSMMUG00000063402	0
ENSMMUG00000061768	0
ENSMMUG00000056747	0
ENSMMUG00000053750	0
ENSMMUG00000058775	6
ENSMMUG00000056621	0
ENSMMUG00000044436	0
ENSMMUG00000050191	0
ENSMMUG00000051857	0
ENSMMUG00000061161	0
ENSMMUG00000061685	0
ENSMMUG00000058634	3
ENSMMUG00000057690	0
ENSMMUG00000057090	0
ENSMMUG00000055174	0
ENSMMUG00000051940	0
ENSMMUG00000056952	0
ENSMMUG00000060369	0
ENSMMUG00000050084	0
ENSMMUG00000056850	0
ENSMMUG00000064894	0
ENSMMUG00000049155	0
ENSMMUG00000059887	0
ENSMMUG00000049450	0
ENSMMUG00000055841	0
ENSMMUG00000040721	0
ENSMMUG00000057781	0
ENSMMUG00000059378	0
ENSMMUG00000057246	0
ENSMMUG00000065055	0
ENSMMUG00000058368	0
ENSMMUG00000061584	0
ENSMMUG00000039937	0
ENSMMUG00000055368	0
ENSMMUG00000049461	0
ENSMMUG00000051167	20
ENSMMUG00000059104	0
ENSMMUG00000055176	0
ENSMMUG00000065348	1
ENSMMUG00000051725	0
ENSMMUG00000057413	0
ENSMMUG00000059998	0
ENSMMUG00000045048	388
ENSMMUG00000055939	0
ENSMMUG00000064038	0
ENSMMUG00000062351	0
ENSMMUG00000050322	0
ENSMMUG00000055555	2
ENSMMUG00000059945	85
ENSMMUG00000062817	0
ENSMMUG00000053711	0
ENSMMUG00000059747	0
ENSMMUG00000065116	0
ENSMMUG00000056884	0
ENSMMUG00000059369	0
ENSMMUG00000062731	0
ENSMMUG00000049897	0
ENSMMUG00000064208	0
ENSMMUG00000059325	0
ENSMMUG00000061680	0
ENSMMUG00000052428	1
ENSMMUG00000064580	0
ENSMMUG00000057514	0
ENSMMUG00000042311	0
ENSMMUG00000057936	0
ENSMMUG00000064120	21
ENSMMUG00000063505	36
ENSMMUG00000053654	0
ENSMMUG00000055094	0
ENSMMUG00000052471	0
ENSMMUG00000052694	0
ENSMMUG00000057435	0
ENSMMUG00000055643	0
ENSMMUG00000062606	0
ENSMMUG00000050755	0
ENSMMUG00000054263	0
ENSMMUG00000052052	0
ENSMMUG00000064335	0
ENSMMUG00000050414	0
ENSMMUG00000052017	0
ENSMMUG00000060190	0
ENSMMUG00000058117	0
ENSMMUG00000056748	0
ENSMMUG00000046187	0
ENSMMUG00000059878	0
ENSMMUG00000063194	0
ENSMMUG00000049758	0
ENSMMUG00000061508	0
ENSMMUG00000056252	0
ENSMMUG00000062778	0
ENSMMUG00000062312	0
ENSMMUG00000058530	0
ENSMMUG00000058047	0
ENSMMUG00000054026	0
ENSMMUG00000053442	0
ENSMMUG00000054809	0
ENSMMUG00000055160	0
ENSMMUG00000054854	0
ENSMMUG00000053782	0
ENSMMUG00000045519	0
ENSMMUG00000050365	0
ENSMMUG00000061873	0
ENSMMUG00000063677	0
ENSMMUG00000061146	1
ENSMMUG00000058989	0
ENSMMUG00000054403	0
ENSMMUG00000063497	0
ENSMMUG00000065187	0
ENSMMUG00000061462	0
ENSMMUG00000053759	0
ENSMMUG00000060105	0
ENSMMUG00000061806	0
ENSMMUG00000052061	0
ENSMMUG00000050347	0
ENSMMUG00000057583	0
ENSMMUG00000053951	0
ENSMMUG00000061076	0
ENSMMUG00000064065	0
ENSMMUG00000064655	0
ENSMMUG00000059962	0
ENSMMUG00000061317	0
ENSMMUG00000035418	0
ENSMMUG00000058819	0
ENSMMUG00000032007	0
ENSMMUG00000064678	0
ENSMMUG00000053315	0
ENSMMUG00000064027	0
ENSMMUG00000059394	0
ENSMMUG00000045208	4
ENSMMUG00000051421	0
ENSMMUG00000052034	0
ENSMMUG00000051083	0
ENSMMUG00000053226	0
ENSMMUG00000050029	0
ENSMMUG00000063640	0
ENSMMUG00000064166	0
ENSMMUG00000063841	0
ENSMMUG00000054492	0
ENSMMUG00000053676	0
ENSMMUG00000061620	0
ENSMMUG00000056295	0
ENSMMUG00000053892	0
ENSMMUG00000063065	0
ENSMMUG00000050721	0
ENSMMUG00000061489	0
ENSMMUG00000065243	0
ENSMMUG00000042754	0
ENSMMUG00000057512	0
ENSMMUG00000054208	0
ENSMMUG00000059468	0
ZEBOVgp1	2
ZEBOVgp2	0
ZEBOVgp3	0
ZEBOVgp4	0
ZEBOVgp5	0
ZEBOVgp6	0
ZEBOVgp7	0
