ENSMMUG00000023296	0
ENSMMUG00000036181	0
ENSMMUG00000000634	163
ENSMMUG00000037875	57
ENSMMUG00000000632	6
ENSMMUG00000064799	0
ENSMMUG00000057389	0
ENSMMUG00000031200	0
ENSMMUG00000052613	0
ENSMMUG00000031199	0
ENSMMUG00000053841	0
ENSMMUG00000017095	0
ENSMMUG00000025700	0
ENSMMUG00000049101	0
ENSMMUG00000048289	0
ENSMMUG00000017368	0
ENSMMUG00000055842	0
ENSMMUG00000031198	0
ENSMMUG00000062331	0
ENSMMUG00000049901	0
ENSMMUG00000064657	0
ENSMMUG00000005566	0
ENSMMUG00000064874	0
ENSMMUG00000039595	0
ENSMMUG00000038524	0
ENSMMUG00000049432	0
ENSMMUG00000050812	0
ENSMMUG00000059065	0
ENSMMUG00000064763	0
ENSMMUG00000053957	0
ENSMMUG00000062908	0
ENSMMUG00000057748	0
ENSMMUG00000051218	0
ENSMMUG00000050041	0
ENSMMUG00000052261	0
ENSMMUG00000054556	0
ENSMMUG00000060886	0
ENSMMUG00000062168	0
ENSMMUG00000059751	0
ENSMMUG00000018891	0
ENSMMUG00000056262	0
ENSMMUG00000038159	0
ENSMMUG00000005570	1
ENSMMUG00000006214	0
ENSMMUG00000056211	0
ENSMMUG00000049478	0
ENSMMUG00000062849	0
ENSMMUG00000064145	0
ENSMMUG00000059455	0
ENSMMUG00000016175	0
ENSMMUG00000016176	0
ENSMMUG00000058340	0
ENSMMUG00000005955	0
ENSMMUG00000012954	0
ENSMMUG00000060427	0
ENSMMUG00000005949	0
ENSMMUG00000005946	4
ENSMMUG00000052686	0
ENSMMUG00000019585	19
ENSMMUG00000064912	0
ENSMMUG00000021266	0
ENSMMUG00000058602	0
ENSMMUG00000059322	0
ENSMMUG00000004566	0
ENSMMUG00000058214	0
ENSMMUG00000023311	1
ENSMMUG00000050290	0
ENSMMUG00000054567	0
ENSMMUG00000031191	0
ENSMMUG00000061999	0
ENSMMUG00000016408	28
ENSMMUG00000049281	0
ENSMMUG00000053269	0
ENSMMUG00000022208	2
ENSMMUG00000056452	0
ENSMMUG00000050866	0
ENSMMUG00000057881	0
ENSMMUG00000062560	0
ENSMMUG00000064226	0
ENSMMUG00000061675	0
ENSMMUG00000053105	0
ENSMMUG00000044246	0
ENSMMUG00000052988	0
ENSMMUG00000051199	0
ENSMMUG00000058983	0
ENSMMUG00000050099	0
ENSMMUG00000053289	0
ENSMMUG00000050167	0
ENSMMUG00000054394	0
ENSMMUG00000050971	0
ENSMMUG00000026576	4
ENSMMUG00000050302	0
ENSMMUG00000061587	0
ENSMMUG00000064992	0
ENSMMUG00000025558	0
ENSMMUG00000060709	0
ENSMMUG00000035621	0
ENSMMUG00000050926	0
ENSMMUG00000047025	0
ENSMMUG00000051961	0
ENSMMUG00000056846	0
ENSMMUG00000062726	0
ENSMMUG00000036728	0
ENSMMUG00000050964	0
ENSMMUG00000065137	0
ENSMMUG00000057829	0
ENSMMUG00000061941	0
ENSMMUG00000054812	11
ENSMMUG00000059354	0
ENSMMUG00000054381	0
ENSMMUG00000055981	0
ENSMMUG00000052461	0
ENSMMUG00000058124	60
ENSMMUG00000060426	10
ENSMMUG00000059666	0
ENSMMUG00000060006	0
ENSMMUG00000025681	0
ENSMMUG00000062580	0
ENSMMUG00000001382	0
ENSMMUG00000043586	25
ENSMMUG00000052364	0
ENSMMUG00000052910	0
ENSMMUG00000064896	0
ENSMMUG00000060928	0
ENSMMUG00000011380	2
ENSMMUG00000002585	0
ENSMMUG00000062933	0
ENSMMUG00000059690	25
ENSMMUG00000055490	3
ENSMMUG00000055003	0
ENSMMUG00000005777	13
ENSMMUG00000024556	0
ENSMMUG00000008153	18
ENSMMUG00000017324	0
ENSMMUG00000050220	0
ENSMMUG00000052401	0
ENSMMUG00000059892	0
ENSMMUG00000027317	0
ENSMMUG00000008847	0
ENSMMUG00000011424	1
ENSMMUG00000057396	0
ENSMMUG00000036930	0
ENSMMUG00000060683	0
ENSMMUG00000051140	0
ENSMMUG00000053368	23
ENSMMUG00000036090	0
ENSMMUG00000050136	0
ENSMMUG00000060516	0
ENSMMUG00000021098	12
ENSMMUG00000059986	0
ENSMMUG00000062668	0
ENSMMUG00000058292	0
ENSMMUG00000031175	45
ENSMMUG00000048085	0
ENSMMUG00000062648	0
ENSMMUG00000054073	0
ENSMMUG00000057626	0
ENSMMUG00000018525	13
ENSMMUG00000022310	0
ENSMMUG00000058133	0
ENSMMUG00000052237	0
ENSMMUG00000012031	8
ENSMMUG00000000021	0
ENSMMUG00000008636	105
ENSMMUG00000050632	12
ENSMMUG00000021388	0
ENSMMUG00000062093	5
ENSMMUG00000000016	0
ENSMMUG00000012028	3
ENSMMUG00000010176	0
ENSMMUG00000000015	0
ENSMMUG00000058747	0
ENSMMUG00000059503	0
ENSMMUG00000053405	0
ENSMMUG00000058339	0
ENSMMUG00000041413	0
ENSMMUG00000006252	14
ENSMMUG00000048772	0
ENSMMUG00000039543	0
ENSMMUG00000053438	0
ENSMMUG00000047935	0
ENSMMUG00000011832	0
ENSMMUG00000055596	0
ENSMMUG00000008149	29
ENSMMUG00000015664	11
ENSMMUG00000061500	0
ENSMMUG00000019771	5
ENSMMUG00000063991	0
ENSMMUG00000058567	0
ENSMMUG00000055600	0
ENSMMUG00000058282	0
ENSMMUG00000044406	0
ENSMMUG00000049847	0
ENSMMUG00000026424	0
ENSMMUG00000055817	0
ENSMMUG00000042021	16
ENSMMUG00000006251	5
ENSMMUG00000002141	6
ENSMMUG00000008836	779
ENSMMUG00000002142	11
ENSMMUG00000019995	1
ENSMMUG00000053224	5
ENSMMUG00000015158	8
ENSMMUG00000008835	279
ENSMMUG00000008146	13
ENSMMUG00000064143	0
ENSMMUG00000010977	8
ENSMMUG00000008145	7
ENSMMUG00000056564	12
ENSMMUG00000015156	0
ENSMMUG00000057586	7
ENSMMUG00000054804	0
ENSMMUG00000003343	8
ENSMMUG00000060391	0
ENSMMUG00000055518	0
ENSMMUG00000025174	0
ENSMMUG00000057562	86
ENSMMUG00000015155	9
ENSMMUG00000050796	0
ENSMMUG00000045106	50
ENSMMUG00000061927	0
ENSMMUG00000008638	3
ENSMMUG00000010973	12
ENSMMUG00000010978	1
ENSMMUG00000051774	7
ENSMMUG00000052045	0
ENSMMUG00000019994	7
ENSMMUG00000050423	0
ENSMMUG00000031655	0
ENSMMUG00000053265	0
ENSMMUG00000022884	723
ENSMMUG00000063102	0
ENSMMUG00000010979	2
ENSMMUG00000015150	7
ENSMMUG00000010970	5
ENSMMUG00000010980	0
ENSMMUG00000064110	3290
ENSMMUG00000008917	22
ENSMMUG00000053474	0
ENSMMUG00000022886	0
ENSMMUG00000058556	0
ENSMMUG00000011221	0
ENSMMUG00000049444	0
ENSMMUG00000040678	0
ENSMMUG00000006022	0
ENSMMUG00000001803	0
ENSMMUG00000010961	3
ENSMMUG00000059457	0
ENSMMUG00000022173	0
ENSMMUG00000047604	0
ENSMMUG00000056485	0
ENSMMUG00000032222	0
ENSMMUG00000022171	0
ENSMMUG00000061389	0
ENSMMUG00000004833	0
ENSMMUG00000031291	0
ENSMMUG00000004835	0
ENSMMUG00000012185	15
ENSMMUG00000036025	6
ENSMMUG00000056752	0
ENSMMUG00000052576	0
ENSMMUG00000005740	40
ENSMMUG00000047853	0
ENSMMUG00000045584	24
ENSMMUG00000013857	7
ENSMMUG00000052341	0
ENSMMUG00000015142	153
ENSMMUG00000004832	0
ENSMMUG00000022170	10
ENSMMUG00000038517	0
ENSMMUG00000021387	0
ENSMMUG00000015056	0
ENSMMUG00000044778	45
ENSMMUG00000052344	2
ENSMMUG00000059270	1
ENSMMUG00000061945	0
ENSMMUG00000064796	0
ENSMMUG00000006868	2
ENSMMUG00000008435	56
ENSMMUG00000049733	0
ENSMMUG00000005634	5
ENSMMUG00000006865	0
ENSMMUG00000019287	9
ENSMMUG00000013090	53
ENSMMUG00000058244	0
ENSMMUG00000052239	0
ENSMMUG00000053940	0
ENSMMUG00000064041	0
ENSMMUG00000032677	0
ENSMMUG00000060204	0
ENSMMUG00000053534	0
ENSMMUG00000045550	2
ENSMMUG00000051554	0
ENSMMUG00000022168	0
ENSMMUG00000009773	22
ENSMMUG00000042187	0
ENSMMUG00000043598	0
ENSMMUG00000055481	0
ENSMMUG00000061167	0
ENSMMUG00000045959	0
ENSMMUG00000019815	0
ENSMMUG00000031430	0
ENSMMUG00000021750	0
ENSMMUG00000064805	0
ENSMMUG00000051645	0
ENSMMUG00000057430	0
ENSMMUG00000051591	0
ENSMMUG00000064352	0
ENSMMUG00000059169	0
ENSMMUG00000013738	0
ENSMMUG00000008990	0
ENSMMUG00000021862	119
ENSMMUG00000049143	9
ENSMMUG00000037766	0
ENSMMUG00000019812	45
ENSMMUG00000015924	23
ENSMMUG00000055077	0
ENSMMUG00000050331	0
ENSMMUG00000041086	0
ENSMMUG00000011732	3
ENSMMUG00000053964	0
ENSMMUG00000015555	13
ENSMMUG00000061474	0
ENSMMUG00000055316	0
ENSMMUG00000019914	3
ENSMMUG00000020834	5
ENSMMUG00000054857	0
ENSMMUG00000010764	4
ENSMMUG00000055798	0
ENSMMUG00000036441	0
ENSMMUG00000064729	0
ENSMMUG00000057296	0
ENSMMUG00000011733	0
ENSMMUG00000023624	0
ENSMMUG00000015922	31
ENSMMUG00000001264	67
ENSMMUG00000063702	0
ENSMMUG00000054613	0
ENSMMUG00000008992	0
ENSMMUG00000016215	1
ENSMMUG00000042618	0
ENSMMUG00000011711	3
ENSMMUG00000017740	0
ENSMMUG00000019806	23
ENSMMUG00000011735	4
ENSMMUG00000002492	0
ENSMMUG00000016214	0
ENSMMUG00000037367	0
ENSMMUG00000055038	0
ENSMMUG00000054634	0
ENSMMUG00000044175	1
ENSMMUG00000051719	0
ENSMMUG00000027973	0
ENSMMUG00000052260	0
ENSMMUG00000059561	0
ENSMMUG00000054650	0
ENSMMUG00000058472	0
ENSMMUG00000058332	0
ENSMMUG00000043588	3
ENSMMUG00000064604	0
ENSMMUG00000056940	0
ENSMMUG00000062759	0
ENSMMUG00000062448	0
ENSMMUG00000063749	0
ENSMMUG00000050859	0
ENSMMUG00000055266	0
ENSMMUG00000041482	0
ENSMMUG00000012479	56
ENSMMUG00000061742	0
ENSMMUG00000051816	0
ENSMMUG00000063085	0
ENSMMUG00000005635	1
ENSMMUG00000017104	12
ENSMMUG00000001966	0
ENSMMUG00000013602	0
ENSMMUG00000032231	148
ENSMMUG00000053960	0
ENSMMUG00000016812	2
ENSMMUG00000049843	0
ENSMMUG00000062996	0
ENSMMUG00000004265	0
ENSMMUG00000049286	0
ENSMMUG00000003581	0
ENSMMUG00000053735	0
ENSMMUG00000023382	0
ENSMMUG00000017103	0
ENSMMUG00000058094	0
ENSMMUG00000005210	10
ENSMMUG00000056808	0
ENSMMUG00000056341	73
ENSMMUG00000013596	0
ENSMMUG00000050804	0
ENSMMUG00000053498	0
ENSMMUG00000035346	0
ENSMMUG00000000352	0
ENSMMUG00000052516	0
ENSMMUG00000058456	0
ENSMMUG00000001967	0
ENSMMUG00000053723	0
ENSMMUG00000003579	0
ENSMMUG00000017101	21
ENSMMUG00000053323	0
ENSMMUG00000015081	0
ENSMMUG00000061598	2
ENSMMUG00000060345	0
ENSMMUG00000009951	4
ENSMMUG00000009040	8
ENSMMUG00000040888	0
ENSMMUG00000052779	0
ENSMMUG00000056511	0
ENSMMUG00000065322	8
ENSMMUG00000045421	13
ENSMMUG00000060445	22
ENSMMUG00000023145	23
ENSMMUG00000009948	22
ENSMMUG00000059472	3
ENSMMUG00000059665	0
ENSMMUG00000008761	0
ENSMMUG00000061947	0
ENSMMUG00000053610	0
ENSMMUG00000015084	110
ENSMMUG00000063539	0
ENSMMUG00000058486	60
ENSMMUG00000053934	0
ENSMMUG00000064774	6
ENSMMUG00000055760	0
ENSMMUG00000063807	6
ENSMMUG00000021386	13
ENSMMUG00000020756	85
ENSMMUG00000016808	8
ENSMMUG00000040694	0
ENSMMUG00000043675	21
ENSMMUG00000006894	66
ENSMMUG00000013561	10
ENSMMUG00000008763	0
ENSMMUG00000063725	113
ENSMMUG00000007129	1
ENSMMUG00000019536	8
ENSMMUG00000003309	6
ENSMMUG00000043775	0
ENSMMUG00000016786	1
ENSMMUG00000062596	32
ENSMMUG00000053652	7
ENSMMUG00000058256	0
ENSMMUG00000005736	0
ENSMMUG00000039340	0
ENSMMUG00000055285	0
ENSMMUG00000065199	0
ENSMMUG00000020754	0
ENSMMUG00000001479	8
ENSMMUG00000019793	8
ENSMMUG00000052469	0
ENSMMUG00000000476	3
ENSMMUG00000023200	22
ENSMMUG00000051332	0
ENSMMUG00000036946	0
ENSMMUG00000006892	7
ENSMMUG00000014970	31
ENSMMUG00000061825	0
ENSMMUG00000005669	0
ENSMMUG00000040115	0
ENSMMUG00000043124	5
ENSMMUG00000045495	0
ENSMMUG00000037178	0
ENSMMUG00000006119	27
ENSMMUG00000005668	0
ENSMMUG00000025420	0
ENSMMUG00000051071	0
ENSMMUG00000051142	11
ENSMMUG00000057445	0
ENSMMUG00000018618	10
ENSMMUG00000050205	0
ENSMMUG00000008453	15
ENSMMUG00000005073	4
ENSMMUG00000005735	0
ENSMMUG00000061293	0
ENSMMUG00000053581	2
ENSMMUG00000026958	0
ENSMMUG00000023199	1
ENSMMUG00000026847	0
ENSMMUG00000011914	0
ENSMMUG00000051009	18
ENSMMUG00000057466	26
ENSMMUG00000008552	4
ENSMMUG00000009024	21
ENSMMUG00000025705	0
ENSMMUG00000008857	0
ENSMMUG00000005667	0
ENSMMUG00000006697	52
ENSMMUG00000061360	0
ENSMMUG00000005072	22
ENSMMUG00000026870	0
ENSMMUG00000002454	0
ENSMMUG00000017718	0
ENSMMUG00000001481	0
ENSMMUG00000054974	18
ENSMMUG00000015133	40
ENSMMUG00000032681	0
ENSMMUG00000026648	0
ENSMMUG00000021577	1
ENSMMUG00000028449	0
ENSMMUG00000057010	0
ENSMMUG00000018014	29
ENSMMUG00000015631	3
ENSMMUG00000039139	0
ENSMMUG00000054776	0
ENSMMUG00000046184	0
ENSMMUG00000002455	3
ENSMMUG00000021575	0
ENSMMUG00000012221	13
ENSMMUG00000060685	0
ENSMMUG00000057015	0
ENSMMUG00000061582	0
ENSMMUG00000056473	0
ENSMMUG00000015632	11
ENSMMUG00000012477	31
ENSMMUG00000058111	0
ENSMMUG00000059358	0
ENSMMUG00000050315	0
ENSMMUG00000010729	0
ENSMMUG00000028051	0
ENSMMUG00000061414	2
ENSMMUG00000040207	0
ENSMMUG00000006891	0
ENSMMUG00000054758	0
ENSMMUG00000056255	0
ENSMMUG00000005070	4
ENSMMUG00000049415	0
ENSMMUG00000050602	0
ENSMMUG00000057342	0
ENSMMUG00000023277	2
ENSMMUG00000011156	0
ENSMMUG00000049315	0
ENSMMUG00000004563	32
ENSMMUG00000009234	0
ENSMMUG00000064473	12
ENSMMUG00000015066	5
ENSMMUG00000023144	12
ENSMMUG00000015634	0
ENSMMUG00000050628	1
ENSMMUG00000020398	0
ENSMMUG00000049470	15
ENSMMUG00000054679	0
ENSMMUG00000033058	0
ENSMMUG00000022009	7
ENSMMUG00000056871	0
ENSMMUG00000005836	0
ENSMMUG00000064824	1
ENSMMUG00000032217	0
ENSMMUG00000015580	50
ENSMMUG00000021574	0
ENSMMUG00000031497	0
ENSMMUG00000035358	0
ENSMMUG00000031435	0
ENSMMUG00000043005	0
ENSMMUG00000023275	5
ENSMMUG00000049853	0
ENSMMUG00000051230	0
ENSMMUG00000065039	0
ENSMMUG00000057845	0
ENSMMUG00000062651	0
ENSMMUG00000006688	7
ENSMMUG00000051883	2
ENSMMUG00000057560	0
ENSMMUG00000062883	0
ENSMMUG00000043951	0
ENSMMUG00000052612	0
ENSMMUG00000065223	0
ENSMMUG00000059650	0
ENSMMUG00000054334	0
ENSMMUG00000032084	3
ENSMMUG00000005371	11
ENSMMUG00000013839	1
ENSMMUG00000041183	2
ENSMMUG00000003887	0
ENSMMUG00000019154	28
ENSMMUG00000018458	11
ENSMMUG00000005372	4
ENSMMUG00000002970	22
ENSMMUG00000016931	0
ENSMMUG00000026504	0
ENSMMUG00000052967	0
ENSMMUG00000046192	0
ENSMMUG00000024249	0
ENSMMUG00000022040	1
ENSMMUG00000005185	0
ENSMMUG00000002968	2
ENSMMUG00000021385	15
ENSMMUG00000058838	0
ENSMMUG00000064202	0
ENSMMUG00000001869	30
ENSMMUG00000055525	0
ENSMMUG00000006754	3
ENSMMUG00000008455	7
ENSMMUG00000051390	0
ENSMMUG00000065207	0
ENSMMUG00000024513	0
ENSMMUG00000053800	0
ENSMMUG00000002461	2
ENSMMUG00000064868	0
ENSMMUG00000026923	0
ENSMMUG00000029649	0
ENSMMUG00000062716	4
ENSMMUG00000058564	0
ENSMMUG00000060855	0
ENSMMUG00000022639	17
ENSMMUG00000064377	0
ENSMMUG00000022038	0
ENSMMUG00000055536	0
ENSMMUG00000018664	3
ENSMMUG00000058153	0
ENSMMUG00000026240	0
ENSMMUG00000005068	0
ENSMMUG00000061518	0
ENSMMUG00000053969	14
ENSMMUG00000055847	0
ENSMMUG00000021442	0
ENSMMUG00000007338	2207
ENSMMUG00000003369	1
ENSMMUG00000060243	0
ENSMMUG00000016479	0
ENSMMUG00000060353	0
ENSMMUG00000060259	0
ENSMMUG00000057953	0
ENSMMUG00000053968	0
ENSMMUG00000009114	0
ENSMMUG00000050186	0
ENSMMUG00000014340	0
ENSMMUG00000023089	7
ENSMMUG00000034447	0
ENSMMUG00000008338	22
ENSMMUG00000016054	26
ENSMMUG00000002420	2
ENSMMUG00000007806	21
ENSMMUG00000058078	0
ENSMMUG00000050045	0
ENSMMUG00000059198	0
ENSMMUG00000042929	0
ENSMMUG00000063277	0
ENSMMUG00000022640	0
ENSMMUG00000005186	2
ENSMMUG00000054726	0
ENSMMUG00000050712	0
ENSMMUG00000054856	0
ENSMMUG00000021531	3
ENSMMUG00000044826	1
ENSMMUG00000016738	0
ENSMMUG00000015083	0
ENSMMUG00000058513	0
ENSMMUG00000002416	13
ENSMMUG00000015650	6
ENSMMUG00000016925	5
ENSMMUG00000054712	0
ENSMMUG00000052432	86
ENSMMUG00000029348	0
ENSMMUG00000021449	45
ENSMMUG00000000812	7
ENSMMUG00000013679	0
ENSMMUG00000061399	0
ENSMMUG00000050533	0
ENSMMUG00000060016	0
ENSMMUG00000001152	0
ENSMMUG00000049264	0
ENSMMUG00000010096	1
ENSMMUG00000008420	2
ENSMMUG00000005000	2
ENSMMUG00000059542	0
ENSMMUG00000061301	0
ENSMMUG00000056972	0
ENSMMUG00000060894	0
ENSMMUG00000061845	0
ENSMMUG00000041790	0
ENSMMUG00000047901	0
ENSMMUG00000052395	0
ENSMMUG00000063954	2
ENSMMUG00000047765	0
ENSMMUG00000054842	0
ENSMMUG00000002791	4
ENSMMUG00000005992	5
ENSMMUG00000053896	0
ENSMMUG00000002105	0
ENSMMUG00000059514	0
ENSMMUG00000023438	22
ENSMMUG00000033018	0
ENSMMUG00000063676	0
ENSMMUG00000016568	0
ENSMMUG00000056375	0
ENSMMUG00000013681	2
ENSMMUG00000061702	0
ENSMMUG00000063455	0
ENSMMUG00000052547	0
ENSMMUG00000056247	0
ENSMMUG00000008419	0
ENSMMUG00000040654	1
ENSMMUG00000013680	0
ENSMMUG00000061410	8
ENSMMUG00000026478	0
ENSMMUG00000006645	4
ENSMMUG00000052510	0
ENSMMUG00000018460	37
ENSMMUG00000062154	0
ENSMMUG00000051599	0
ENSMMUG00000016053	6
ENSMMUG00000016567	0
ENSMMUG00000031260	0
ENSMMUG00000042531	0
ENSMMUG00000032180	0
ENSMMUG00000010095	0
ENSMMUG00000016051	25
ENSMMUG00000023085	8
ENSMMUG00000014167	0
ENSMMUG00000058879	0
ENSMMUG00000024679	0
ENSMMUG00000013673	5
ENSMMUG00000027950	0
ENSMMUG00000063534	0
ENSMMUG00000053181	0
ENSMMUG00000036119	0
ENSMMUG00000016049	28
ENSMMUG00000062323	0
ENSMMUG00000049347	0
ENSMMUG00000001060	0
ENSMMUG00000004998	0
ENSMMUG00000040271	0
ENSMMUG00000061128	21
ENSMMUG00000057902	0
ENSMMUG00000023086	0
ENSMMUG00000056788	0
ENSMMUG00000061559	0
ENSMMUG00000046901	13
ENSMMUG00000045482	3
ENSMMUG00000009189	13
ENSMMUG00000057675	1
ENSMMUG00000057834	1
ENSMMUG00000055431	0
ENSMMUG00000016048	5
ENSMMUG00000060193	0
ENSMMUG00000019108	0
ENSMMUG00000054343	0
ENSMMUG00000063390	0
ENSMMUG00000059723	0
ENSMMUG00000058954	0
ENSMMUG00000059587	0
ENSMMUG00000008418	0
ENSMMUG00000056106	0
ENSMMUG00000000811	13
ENSMMUG00000053036	0
ENSMMUG00000007244	19
ENSMMUG00000059855	14
ENSMMUG00000012505	0
ENSMMUG00000049609	0
ENSMMUG00000016043	0
ENSMMUG00000014946	7
ENSMMUG00000007180	0
ENSMMUG00000022927	0
ENSMMUG00000022679	0
ENSMMUG00000020976	7
ENSMMUG00000026519	0
ENSMMUG00000022062	0
ENSMMUG00000016399	13
ENSMMUG00000022677	0
ENSMMUG00000059214	0
ENSMMUG00000052282	1
ENSMMUG00000054190	0
ENSMMUG00000001860	0
ENSMMUG00000023096	1384
ENSMMUG00000018684	0
ENSMMUG00000001859	0
ENSMMUG00000007246	0
ENSMMUG00000041046	1
ENSMMUG00000062764	0
ENSMMUG00000054017	0
ENSMMUG00000050154	0
ENSMMUG00000008722	18
ENSMMUG00000032951	0
ENSMMUG00000039738	0
ENSMMUG00000010328	3
ENSMMUG00000041470	8
ENSMMUG00000004466	0
ENSMMUG00000063814	0
ENSMMUG00000054439	0
ENSMMUG00000007256	2
ENSMMUG00000016056	0
ENSMMUG00000060649	0
ENSMMUG00000053692	0
ENSMMUG00000007213	0
ENSMMUG00000035555	0
ENSMMUG00000053077	0
ENSMMUG00000063359	0
ENSMMUG00000062177	0
ENSMMUG00000005466	0
ENSMMUG00000006300	0
ENSMMUG00000055302	5
ENSMMUG00000057054	0
ENSMMUG00000022065	7
ENSMMUG00000064173	0
ENSMMUG00000000952	0
ENSMMUG00000054255	1
ENSMMUG00000059598	16
ENSMMUG00000007257	2
ENSMMUG00000058542	0
ENSMMUG00000063754	0
ENSMMUG00000009257	69
ENSMMUG00000022066	6
ENSMMUG00000062824	0
ENSMMUG00000006669	141
ENSMMUG00000020972	3
ENSMMUG00000049848	15
ENSMMUG00000024597	0
ENSMMUG00000016733	5
ENSMMUG00000064398	0
ENSMMUG00000009188	30
ENSMMUG00000010323	29
ENSMMUG00000010073	44
ENSMMUG00000004070	0
ENSMMUG00000007258	7
ENSMMUG00000004463	2
ENSMMUG00000064331	0
ENSMMUG00000064197	0
ENSMMUG00000015022	13
ENSMMUG00000052186	0
ENSMMUG00000050060	0
ENSMMUG00000061036	12
ENSMMUG00000059072	0
ENSMMUG00000016734	21
ENSMMUG00000015949	0
ENSMMUG00000037540	8
ENSMMUG00000061181	0
ENSMMUG00000019986	0
ENSMMUG00000059673	0
ENSMMUG00000063990	0
ENSMMUG00000043047	0
ENSMMUG00000004071	10
ENSMMUG00000065163	0
ENSMMUG00000016349	0
ENSMMUG00000009679	0
ENSMMUG00000002892	18
ENSMMUG00000052382	0
ENSMMUG00000015020	22
ENSMMUG00000014828	86
ENSMMUG00000015947	0
ENSMMUG00000062407	2
ENSMMUG00000016735	2
ENSMMUG00000054615	24
ENSMMUG00000060284	0
ENSMMUG00000051523	0
ENSMMUG00000008519	0
ENSMMUG00000011264	7
ENSMMUG00000054078	0
ENSMMUG00000016405	0
ENSMMUG00000053885	0
ENSMMUG00000040506	2
ENSMMUG00000002741	0
ENSMMUG00000055059	0
ENSMMUG00000014218	3
ENSMMUG00000033539	0
ENSMMUG00000058040	0
ENSMMUG00000061560	0
ENSMMUG00000004362	1
ENSMMUG00000049685	0
ENSMMUG00000009967	0
ENSMMUG00000023057	0
ENSMMUG00000053512	0
ENSMMUG00000064206	0
ENSMMUG00000015518	0
ENSMMUG00000016736	7
ENSMMUG00000051267	0
ENSMMUG00000061073	0
ENSMMUG00000014018	0
ENSMMUG00000004614	9
ENSMMUG00000060377	4
ENSMMUG00000054836	0
ENSMMUG00000054610	0
ENSMMUG00000015948	9
ENSMMUG00000063454	0
ENSMMUG00000038839	0
ENSMMUG00000027803	0
ENSMMUG00000040630	0
ENSMMUG00000027766	0
ENSMMUG00000046023	0
ENSMMUG00000016223	8
ENSMMUG00000058107	0
ENSMMUG00000005306	5
ENSMMUG00000016099	1
ENSMMUG00000051730	0
ENSMMUG00000041607	0
ENSMMUG00000007969	0
ENSMMUG00000021544	0
ENSMMUG00000058020	0
ENSMMUG00000054563	0
ENSMMUG00000064782	0
ENSMMUG00000051893	0
ENSMMUG00000062353	5
ENSMMUG00000023401	0
ENSMMUG00000015946	4
ENSMMUG00000057392	0
ENSMMUG00000007183	2
ENSMMUG00000016220	1
ENSMMUG00000058713	0
ENSMMUG00000005307	4
ENSMMUG00000020434	1
ENSMMUG00000023889	0
ENSMMUG00000027412	0
ENSMMUG00000028053	0
ENSMMUG00000052703	0
ENSMMUG00000063311	0
ENSMMUG00000008513	10
ENSMMUG00000060619	0
ENSMMUG00000062066	0
ENSMMUG00000019642	3
ENSMMUG00000052587	0
ENSMMUG00000054730	0
ENSMMUG00000023052	14
ENSMMUG00000055227	0
ENSMMUG00000054571	0
ENSMMUG00000005585	2
ENSMMUG00000060464	0
ENSMMUG00000025964	0
ENSMMUG00000059204	0
ENSMMUG00000016102	0
ENSMMUG00000020471	166
ENSMMUG00000053022	3
ENSMMUG00000063318	0
ENSMMUG00000060603	0
ENSMMUG00000053859	7
ENSMMUG00000054797	0
ENSMMUG00000005410	8
ENSMMUG00000062140	0
ENSMMUG00000058881	2
ENSMMUG00000048590	23
ENSMMUG00000001742	22
ENSMMUG00000019640	3
ENSMMUG00000058089	0
ENSMMUG00000020433	34
ENSMMUG00000061152	0
ENSMMUG00000005426	15
ENSMMUG00000059055	0
ENSMMUG00000057426	8
ENSMMUG00000058364	0
ENSMMUG00000054908	0
ENSMMUG00000062240	0
ENSMMUG00000055782	0
ENSMMUG00000055501	0
ENSMMUG00000024186	0
ENSMMUG00000023143	0
ENSMMUG00000053074	0
ENSMMUG00000057556	0
ENSMMUG00000036857	0
ENSMMUG00000064365	0
ENSMMUG00000064626	0
ENSMMUG00000056455	0
ENSMMUG00000018869	10
ENSMMUG00000064010	0
ENSMMUG00000061239	0
ENSMMUG00000056384	0
ENSMMUG00000054590	0
ENSMMUG00000060874	0
ENSMMUG00000062109	0
ENSMMUG00000013487	13
ENSMMUG00000050633	0
ENSMMUG00000054496	0
ENSMMUG00000017789	12
ENSMMUG00000054771	0
ENSMMUG00000056294	0
ENSMMUG00000006224	7
ENSMMUG00000063734	0
ENSMMUG00000061381	0
ENSMMUG00000048493	0
ENSMMUG00000052871	0
ENSMMUG00000063830	0
ENSMMUG00000043556	0
ENSMMUG00000053670	0
ENSMMUG00000061090	0
ENSMMUG00000036124	0
ENSMMUG00000057963	0
ENSMMUG00000046645	0
ENSMMUG00000057014	0
ENSMMUG00000058794	0
ENSMMUG00000063769	0
ENSMMUG00000053818	0
ENSMMUG00000044273	0
ENSMMUG00000020383	4
ENSMMUG00000056619	0
ENSMMUG00000051734	0
ENSMMUG00000053033	0
ENSMMUG00000023141	4
ENSMMUG00000059500	0
ENSMMUG00000062807	0
ENSMMUG00000056128	23
ENSMMUG00000052366	0
ENSMMUG00000051812	0
ENSMMUG00000055711	0
ENSMMUG00000020432	0
ENSMMUG00000060400	0
ENSMMUG00000060804	0
ENSMMUG00000017790	31
ENSMMUG00000058027	0
ENSMMUG00000052865	0
ENSMMUG00000050019	2
ENSMMUG00000064326	0
ENSMMUG00000032096	0
ENSMMUG00000054599	0
ENSMMUG00000056648	0
ENSMMUG00000052259	0
ENSMMUG00000059024	0
ENSMMUG00000018313	5
ENSMMUG00000058837	0
ENSMMUG00000049884	0
ENSMMUG00000053312	0
ENSMMUG00000031232	0
ENSMMUG00000019515	8
ENSMMUG00000056076	0
ENSMMUG00000031427	0
ENSMMUG00000054551	0
ENSMMUG00000049823	0
ENSMMUG00000055754	0
ENSMMUG00000063674	0
ENSMMUG00000024139	0
ENSMMUG00000038562	0
ENSMMUG00000007182	6
ENSMMUG00000017338	10
ENSMMUG00000056325	0
ENSMMUG00000007497	39
ENSMMUG00000042612	0
ENSMMUG00000057742	0
ENSMMUG00000031997	0
ENSMMUG00000043999	3
ENSMMUG00000051155	0
ENSMMUG00000018309	9
ENSMMUG00000058709	0
ENSMMUG00000057510	0
ENSMMUG00000013783	14
ENSMMUG00000022715	38
ENSMMUG00000000813	0
ENSMMUG00000039930	0
ENSMMUG00000055722	0
ENSMMUG00000053531	0
ENSMMUG00000063165	0
ENSMMUG00000016212	86
ENSMMUG00000045843	0
ENSMMUG00000050770	0
ENSMMUG00000049505	0
ENSMMUG00000061193	0
ENSMMUG00000025148	0
ENSMMUG00000044046	196
ENSMMUG00000059931	0
ENSMMUG00000056449	0
ENSMMUG00000063736	0
ENSMMUG00000057438	0
ENSMMUG00000008507	17
ENSMMUG00000010306	0
ENSMMUG00000037284	0
ENSMMUG00000000868	18
ENSMMUG00000064543	18
ENSMMUG00000004217	0
ENSMMUG00000057604	16
ENSMMUG00000056970	0
ENSMMUG00000064242	13
ENSMMUG00000015135	4
ENSMMUG00000054466	0
ENSMMUG00000013878	0
ENSMMUG00000063313	0
ENSMMUG00000004216	8
ENSMMUG00000036570	0
ENSMMUG00000053573	0
ENSMMUG00000061343	0
ENSMMUG00000053923	0
ENSMMUG00000050281	0
ENSMMUG00000011688	3
ENSMMUG00000005216	0
ENSMMUG00000053423	37
ENSMMUG00000059449	1
ENSMMUG00000054069	80
ENSMMUG00000051399	0
ENSMMUG00000001415	0
ENSMMUG00000023462	0
ENSMMUG00000008506	0
ENSMMUG00000021447	30
ENSMMUG00000019548	1
ENSMMUG00000051024	0
ENSMMUG00000013879	22
ENSMMUG00000062294	0
ENSMMUG00000020560	5
ENSMMUG00000059941	0
ENSMMUG00000006836	3
ENSMMUG00000002680	81
ENSMMUG00000002052	51
ENSMMUG00000017396	1
ENSMMUG00000006238	0
ENSMMUG00000053408	0
ENSMMUG00000059860	0
ENSMMUG00000062859	40
ENSMMUG00000059176	0
ENSMMUG00000014622	61
ENSMMUG00000003902	35
ENSMMUG00000063273	0
ENSMMUG00000051430	0
ENSMMUG00000025367	0
ENSMMUG00000061357	0
ENSMMUG00000006819	0
ENSMMUG00000008509	0
ENSMMUG00000053629	0
ENSMMUG00000007783	15
ENSMMUG00000008340	0
ENSMMUG00000016711	53
ENSMMUG00000006389	4
ENSMMUG00000054102	0
ENSMMUG00000003546	3
ENSMMUG00000057171	0
ENSMMUG00000019549	75
ENSMMUG00000013882	0
ENSMMUG00000035602	0
ENSMMUG00000052115	0
ENSMMUG00000023675	21
ENSMMUG00000034732	0
ENSMMUG00000059651	0
ENSMMUG00000062949	0
ENSMMUG00000026899	0
ENSMMUG00000054560	0
ENSMMUG00000024875	0
ENSMMUG00000036474	0
ENSMMUG00000050592	0
ENSMMUG00000055740	0
ENSMMUG00000061350	0
ENSMMUG00000064971	30
ENSMMUG00000003269	21
ENSMMUG00000023463	0
ENSMMUG00000052491	0
ENSMMUG00000018375	78
ENSMMUG00000060924	0
ENSMMUG00000052206	0
ENSMMUG00000037423	0
ENSMMUG00000061264	1
ENSMMUG00000008030	0
ENSMMUG00000032248	7
ENSMMUG00000061580	0
ENSMMUG00000010174	0
ENSMMUG00000056753	0
ENSMMUG00000019551	4
ENSMMUG00000052772	0
ENSMMUG00000026897	0
ENSMMUG00000051954	0
ENSMMUG00000064212	0
ENSMMUG00000050055	0
ENSMMUG00000027053	0
ENSMMUG00000051013	0
ENSMMUG00000022500	177
ENSMMUG00000035912	0
ENSMMUG00000065239	0
ENSMMUG00000023674	40
ENSMMUG00000003268	0
ENSMMUG00000001380	0
ENSMMUG00000056665	0
ENSMMUG00000051788	58
ENSMMUG00000007635	0
ENSMMUG00000049341	2
ENSMMUG00000024613	0
ENSMMUG00000008029	2
ENSMMUG00000004907	5
ENSMMUG00000012729	0
ENSMMUG00000019554	27
ENSMMUG00000064434	0
ENSMMUG00000003267	4
ENSMMUG00000016307	10
ENSMMUG00000013884	4
ENSMMUG00000007784	16
ENSMMUG00000023398	12
ENSMMUG00000023449	96
ENSMMUG00000008155	7
ENSMMUG00000047035	6
ENSMMUG00000017314	0
ENSMMUG00000042432	0
ENSMMUG00000003173	49
ENSMMUG00000047794	0
ENSMMUG00000062921	2
ENSMMUG00000037336	0
ENSMMUG00000019020	0
ENSMMUG00000011608	0
ENSMMUG00000038021	0
ENSMMUG00000015097	4
ENSMMUG00000056386	0
ENSMMUG00000063911	0
ENSMMUG00000060274	0
ENSMMUG00000019687	0
ENSMMUG00000047392	0
ENSMMUG00000062030	0
ENSMMUG00000050791	0
ENSMMUG00000046275	0
ENSMMUG00000020851	35
ENSMMUG00000016964	0
ENSMMUG00000053547	0
ENSMMUG00000037060	0
ENSMMUG00000006285	5
ENSMMUG00000064079	0
ENSMMUG00000022499	6
ENSMMUG00000061077	0
ENSMMUG00000025514	0
ENSMMUG00000062121	0
ENSMMUG00000053797	0
ENSMMUG00000008158	0
ENSMMUG00000055102	0
ENSMMUG00000015976	2
ENSMMUG00000009562	54
ENSMMUG00000053353	0
ENSMMUG00000023397	15
ENSMMUG00000007612	0
ENSMMUG00000016905	0
ENSMMUG00000023396	2
ENSMMUG00000063120	47
ENSMMUG00000060319	0
ENSMMUG00000013203	0
ENSMMUG00000010474	8
ENSMMUG00000032249	23
ENSMMUG00000023395	0
ENSMMUG00000062713	0
ENSMMUG00000006284	5
ENSMMUG00000033417	0
ENSMMUG00000003906	0
ENSMMUG00000062342	0
ENSMMUG00000016904	1
ENSMMUG00000053002	41
ENSMMUG00000059833	0
ENSMMUG00000013188	103
ENSMMUG00000023372	33
ENSMMUG00000049603	0
ENSMMUG00000055902	33
ENSMMUG00000025722	0
ENSMMUG00000044265	0
ENSMMUG00000054846	0
ENSMMUG00000017312	11
ENSMMUG00000016900	4
ENSMMUG00000034621	0
ENSMMUG00000048881	0
ENSMMUG00000054847	5
ENSMMUG00000027014	0
ENSMMUG00000050209	35
ENSMMUG00000017482	0
ENSMMUG00000013197	18
ENSMMUG00000052610	0
ENSMMUG00000017309	0
ENSMMUG00000058693	0
ENSMMUG00000059039	0
ENSMMUG00000063512	0
ENSMMUG00000014849	0
ENSMMUG00000057404	0
ENSMMUG00000033178	0
ENSMMUG00000061254	0
ENSMMUG00000056609	0
ENSMMUG00000014573	0
ENSMMUG00000057535	4
ENSMMUG00000052649	0
ENSMMUG00000017301	6
ENSMMUG00000060387	0
ENSMMUG00000053807	0
ENSMMUG00000019326	1
ENSMMUG00000054157	0
ENSMMUG00000009184	0
ENSMMUG00000022288	1
ENSMMUG00000023671	25
ENSMMUG00000051579	0
ENSMMUG00000028667	0
ENSMMUG00000062170	0
ENSMMUG00000015132	10
ENSMMUG00000060706	0
ENSMMUG00000005820	14
ENSMMUG00000025971	0
ENSMMUG00000023097	7
ENSMMUG00000049574	0
ENSMMUG00000008157	23
ENSMMUG00000063360	0
ENSMMUG00000009076	9
ENSMMUG00000017302	52
ENSMMUG00000057453	0
ENSMMUG00000057282	0
ENSMMUG00000005720	5
ENSMMUG00000013853	15
ENSMMUG00000008427	35
ENSMMUG00000012469	37
ENSMMUG00000005819	0
ENSMMUG00000010020	0
ENSMMUG00000010380	0
ENSMMUG00000062316	0
ENSMMUG00000062568	1
ENSMMUG00000053858	0
ENSMMUG00000008156	0
ENSMMUG00000007611	21
ENSMMUG00000043979	9
ENSMMUG00000037413	0
ENSMMUG00000026944	0
ENSMMUG00000051669	0
ENSMMUG00000058658	4
ENSMMUG00000062232	2
ENSMMUG00000025232	0
ENSMMUG00000045455	0
ENSMMUG00000055977	0
ENSMMUG00000025287	0
ENSMMUG00000060711	4
ENSMMUG00000013852	5
ENSMMUG00000003149	0
ENSMMUG00000055789	0
ENSMMUG00000053582	0
ENSMMUG00000000308	9
ENSMMUG00000005818	0
ENSMMUG00000012156	15
ENSMMUG00000010387	15
ENSMMUG00000055655	0
ENSMMUG00000057631	40
ENSMMUG00000008932	0
ENSMMUG00000009081	23
ENSMMUG00000003148	0
ENSMMUG00000026505	0
ENSMMUG00000007834	0
ENSMMUG00000051782	0
ENSMMUG00000065038	2
ENSMMUG00000058297	0
ENSMMUG00000019746	10
ENSMMUG00000021238	10
ENSMMUG00000063675	0
ENSMMUG00000007606	2
ENSMMUG00000049510	0
ENSMMUG00000033899	0
ENSMMUG00000008151	31
ENSMMUG00000021921	3
ENSMMUG00000021399	83
ENSMMUG00000062157	6
ENSMMUG00000051387	0
ENSMMUG00000062202	10
ENSMMUG00000036858	202
ENSMMUG00000005361	0
ENSMMUG00000064353	135
ENSMMUG00000010660	4
ENSMMUG00000007605	0
ENSMMUG00000056472	8
ENSMMUG00000007829	8
ENSMMUG00000056080	0
ENSMMUG00000054748	0
ENSMMUG00000009085	3
ENSMMUG00000054365	0
ENSMMUG00000059718	0
ENSMMUG00000005816	0
ENSMMUG00000010389	61
ENSMMUG00000054770	0
ENSMMUG00000009265	7
ENSMMUG00000007604	16
ENSMMUG00000019406	2
ENSMMUG00000052628	0
ENSMMUG00000005815	0
ENSMMUG00000004379	3
ENSMMUG00000050018	0
ENSMMUG00000058596	0
ENSMMUG00000044139	0
ENSMMUG00000061772	0
ENSMMUG00000025161	0
ENSMMUG00000064825	0
ENSMMUG00000038708	12
ENSMMUG00000019743	8
ENSMMUG00000054308	0
ENSMMUG00000051660	0
ENSMMUG00000015403	0
ENSMMUG00000004754	3
ENSMMUG00000055727	0
ENSMMUG00000053602	0
ENSMMUG00000016857	0
ENSMMUG00000019884	0
ENSMMUG00000007893	0
ENSMMUG00000038079	0
ENSMMUG00000051186	17
ENSMMUG00000015402	0
ENSMMUG00000047454	3
ENSMMUG00000063902	0
ENSMMUG00000021423	6
ENSMMUG00000007896	2
ENSMMUG00000061990	0
ENSMMUG00000063379	0
ENSMMUG00000021917	0
ENSMMUG00000004751	4
ENSMMUG00000008426	16
ENSMMUG00000007828	21
ENSMMUG00000006203	7
ENSMMUG00000062446	0
ENSMMUG00000057669	0
ENSMMUG00000012766	0
ENSMMUG00000005812	42
ENSMMUG00000061865	0
ENSMMUG00000004952	7
ENSMMUG00000041837	0
ENSMMUG00000063485	0
ENSMMUG00000034442	0
ENSMMUG00000000390	29
ENSMMUG00000020063	0
ENSMMUG00000001021	4
ENSMMUG00000056299	4
ENSMMUG00000041725	0
ENSMMUG00000033830	0
ENSMMUG00000034494	0
ENSMMUG00000056987	0
ENSMMUG00000002981	0
ENSMMUG00000009940	24
ENSMMUG00000013520	26
ENSMMUG00000010127	0
ENSMMUG00000051978	0
ENSMMUG00000049738	0
ENSMMUG00000014263	0
ENSMMUG00000058001	0
ENSMMUG00000010159	5
ENSMMUG00000000431	0
ENSMMUG00000049752	0
ENSMMUG00000053065	0
ENSMMUG00000034048	0
ENSMMUG00000059044	0
ENSMMUG00000007527	5
ENSMMUG00000002642	0
ENSMMUG00000022183	12
ENSMMUG00000033715	0
ENSMMUG00000004677	7
ENSMMUG00000008713	0
ENSMMUG00000021398	0
ENSMMUG00000017444	2
ENSMMUG00000063766	0
ENSMMUG00000057353	0
ENSMMUG00000017766	0
ENSMMUG00000012716	49
ENSMMUG00000062144	0
ENSMMUG00000058270	0
ENSMMUG00000011860	1
ENSMMUG00000055283	0
ENSMMUG00000022182	15
ENSMMUG00000058703	0
ENSMMUG00000010161	1
ENSMMUG00000010395	0
ENSMMUG00000036290	0
ENSMMUG00000053959	0
ENSMMUG00000042158	0
ENSMMUG00000015025	2
ENSMMUG00000057017	0
ENSMMUG00000059938	0
ENSMMUG00000015380	0
ENSMMUG00000050725	0
ENSMMUG00000053436	0
ENSMMUG00000023669	3
ENSMMUG00000025581	0
ENSMMUG00000000406	1
ENSMMUG00000064850	0
ENSMMUG00000059972	0
ENSMMUG00000061267	1
ENSMMUG00000057694	0
ENSMMUG00000010158	7
ENSMMUG00000009939	0
ENSMMUG00000063202	0
ENSMMUG00000000404	0
ENSMMUG00000021166	0
ENSMMUG00000015026	3
ENSMMUG00000002752	0
ENSMMUG00000064974	0
ENSMMUG00000053366	0
ENSMMUG00000056596	0
ENSMMUG00000055488	0
ENSMMUG00000058808	0
ENSMMUG00000023517	0
ENSMMUG00000053866	0
ENSMMUG00000008970	4
ENSMMUG00000000402	0
ENSMMUG00000015375	10
ENSMMUG00000042176	5
ENSMMUG00000024022	0
ENSMMUG00000023668	34
ENSMMUG00000051742	0
ENSMMUG00000064367	0
ENSMMUG00000005873	0
ENSMMUG00000010156	0
ENSMMUG00000005283	0
ENSMMUG00000063979	49
ENSMMUG00000025554	0
ENSMMUG00000024535	0
ENSMMUG00000008967	3
ENSMMUG00000025533	0
ENSMMUG00000038181	17
ENSMMUG00000056413	0
ENSMMUG00000003457	2
ENSMMUG00000010155	7
ENSMMUG00000013519	13
ENSMMUG00000028346	0
ENSMMUG00000051717	0
ENSMMUG00000062711	0
ENSMMUG00000058849	0
ENSMMUG00000059632	0
ENSMMUG00000062180	0
ENSMMUG00000032251	1
ENSMMUG00000064564	0
ENSMMUG00000051576	6
ENSMMUG00000050878	0
ENSMMUG00000063853	0
ENSMMUG00000004951	12
ENSMMUG00000025317	0
ENSMMUG00000021837	30
ENSMMUG00000022908	12
ENSMMUG00000054966	0
ENSMMUG00000000870	0
ENSMMUG00000059597	0
ENSMMUG00000032121	0
ENSMMUG00000016546	0
ENSMMUG00000057319	0
ENSMMUG00000049986	0
ENSMMUG00000009431	0
ENSMMUG00000008744	7
ENSMMUG00000014826	0
ENSMMUG00000057416	0
ENSMMUG00000065228	0
ENSMMUG00000056592	0
ENSMMUG00000036088	0
ENSMMUG00000053796	0
ENSMMUG00000012695	6
ENSMMUG00000000625	0
ENSMMUG00000056635	0
ENSMMUG00000053318	0
ENSMMUG00000016591	4
ENSMMUG00000017266	4
ENSMMUG00000001434	9
ENSMMUG00000007145	0
ENSMMUG00000062867	0
ENSMMUG00000000373	12
ENSMMUG00000018562	5
ENSMMUG00000054963	0
ENSMMUG00000002261	9
ENSMMUG00000030300	0
ENSMMUG00000033718	0
ENSMMUG00000013333	0
ENSMMUG00000035645	1379
ENSMMUG00000053492	0
ENSMMUG00000025663	0
ENSMMUG00000009429	0
ENSMMUG00000034993	0
ENSMMUG00000050624	16
ENSMMUG00000057452	0
ENSMMUG00000012698	0
ENSMMUG00000055830	0
ENSMMUG00000007141	69
ENSMMUG00000063838	0
ENSMMUG00000041825	0
ENSMMUG00000014807	0
ENSMMUG00000057763	0
ENSMMUG00000045444	0
ENSMMUG00000059136	0
ENSMMUG00000057772	0
ENSMMUG00000036335	0
ENSMMUG00000039959	4
ENSMMUG00000055134	0
ENSMMUG00000038185	0
ENSMMUG00000056103	49
ENSMMUG00000061310	0
ENSMMUG00000017344	4
ENSMMUG00000057249	0
ENSMMUG00000048522	0
ENSMMUG00000051043	0
ENSMMUG00000051737	0
ENSMMUG00000055744	0
ENSMMUG00000056975	0
ENSMMUG00000049196	0
ENSMMUG00000064245	0
ENSMMUG00000065074	0
ENSMMUG00000052309	0
ENSMMUG00000061849	0
ENSMMUG00000061256	0
ENSMMUG00000055692	4
ENSMMUG00000000652	78
ENSMMUG00000057326	0
ENSMMUG00000062311	0
ENSMMUG00000049830	0
ENSMMUG00000048762	0
ENSMMUG00000039424	8
ENSMMUG00000062201	0
ENSMMUG00000049288	0
ENSMMUG00000058317	0
ENSMMUG00000034895	0
ENSMMUG00000060220	0
ENSMMUG00000059404	0
ENSMMUG00000054458	0
ENSMMUG00000062327	0
ENSMMUG00000042232	0
ENSMMUG00000020320	1
ENSMMUG00000000651	4
ENSMMUG00000032252	8
ENSMMUG00000038004	3
ENSMMUG00000058824	13
ENSMMUG00000060609	0
ENSMMUG00000025132	0
ENSMMUG00000036006	0
ENSMMUG00000058535	0
ENSMMUG00000000648	0
ENSMMUG00000055258	0
ENSMMUG00000047471	7
ENSMMUG00000059310	0
ENSMMUG00000055781	0
ENSMMUG00000047278	3
ENSMMUG00000051221	0
ENSMMUG00000060079	0
ENSMMUG00000059924	0
ENSMMUG00000019325	71
ENSMMUG00000052402	10
ENSMMUG00000045131	0
ENSMMUG00000056275	0
ENSMMUG00000031785	0
ENSMMUG00000059313	1
ENSMMUG00000024768	0
ENSMMUG00000002516	12
ENSMMUG00000050998	0
ENSMMUG00000051359	0
ENSMMUG00000017023	19
ENSMMUG00000012182	0
ENSMMUG00000056187	0
ENSMMUG00000049832	33
ENSMMUG00000000647	0
ENSMMUG00000002789	7
ENSMMUG00000021073	4
ENSMMUG00000026044	0
ENSMMUG00000037202	0
ENSMMUG00000016111	5
ENSMMUG00000004686	64
ENSMMUG00000036376	0
ENSMMUG00000053062	0
ENSMMUG00000000645	10
ENSMMUG00000048503	4
ENSMMUG00000006187	32
ENSMMUG00000021703	0
ENSMMUG00000036922	0
ENSMMUG00000064276	0
ENSMMUG00000022381	19
ENSMMUG00000013219	9
ENSMMUG00000060223	0
ENSMMUG00000003728	12
ENSMMUG00000053325	0
ENSMMUG00000057076	0
ENSMMUG00000005350	5
ENSMMUG00000019714	3
ENSMMUG00000059117	0
ENSMMUG00000019322	10
ENSMMUG00000056058	0
ENSMMUG00000061547	0
ENSMMUG00000013136	36
ENSMMUG00000002047	99
ENSMMUG00000000643	0
ENSMMUG00000054486	0
ENSMMUG00000053211	0
ENSMMUG00000002218	0
ENSMMUG00000058771	1
ENSMMUG00000013129	3
ENSMMUG00000042613	71
ENSMMUG00000019321	18
ENSMMUG00000062253	0
ENSMMUG00000054839	0
ENSMMUG00000054407	0
ENSMMUG00000050743	0
ENSMMUG00000020156	12
ENSMMUG00000007459	0
ENSMMUG00000021702	4
ENSMMUG00000063634	0
ENSMMUG00000032281	11
ENSMMUG00000020155	0
ENSMMUG00000007291	0
ENSMMUG00000023350	0
ENSMMUG00000017551	1
ENSMMUG00000013128	0
ENSMMUG00000057080	0
ENSMMUG00000049743	0
ENSMMUG00000009373	13
ENSMMUG00000052207	0
ENSMMUG00000050832	0
ENSMMUG00000007456	26
ENSMMUG00000014333	30
ENSMMUG00000051033	0
ENSMMUG00000003191	3
ENSMMUG00000006226	0
ENSMMUG00000057667	0
ENSMMUG00000062550	3
ENSMMUG00000018183	0
ENSMMUG00000027880	0
ENSMMUG00000032188	0
ENSMMUG00000063372	0
ENSMMUG00000062678	0
ENSMMUG00000000641	0
ENSMMUG00000023681	17
ENSMMUG00000051091	0
ENSMMUG00000021834	0
ENSMMUG00000052294	0
ENSMMUG00000062233	0
ENSMMUG00000058063	0
ENSMMUG00000035697	0
ENSMMUG00000065184	0
ENSMMUG00000013126	0
ENSMMUG00000017553	1
ENSMMUG00000052225	0
ENSMMUG00000039765	0
ENSMMUG00000034360	0
ENSMMUG00000051044	0
ENSMMUG00000008197	1
ENSMMUG00000058790	0
ENSMMUG00000061120	0
ENSMMUG00000055495	0
ENSMMUG00000001034	1
ENSMMUG00000050541	0
ENSMMUG00000062810	0
ENSMMUG00000022429	4
ENSMMUG00000000638	0
ENSMMUG00000019835	6
ENSMMUG00000023634	3
ENSMMUG00000064750	0
ENSMMUG00000058090	0
ENSMMUG00000046785	0
ENSMMUG00000035050	0
ENSMMUG00000055029	0
ENSMMUG00000006260	0
ENSMMUG00000023678	8
ENSMMUG00000014329	27
ENSMMUG00000051992	0
ENSMMUG00000002217	2
ENSMMUG00000009226	1
ENSMMUG00000054247	0
ENSMMUG00000019833	4
ENSMMUG00000019981	24
ENSMMUG00000006261	2
ENSMMUG00000061863	0
ENSMMUG00000063132	0
ENSMMUG00000058996	0
ENSMMUG00000053667	0
ENSMMUG00000023677	4
ENSMMUG00000000637	0
ENSMMUG00000019830	0
ENSMMUG00000049353	0
ENSMMUG00000006262	6
ENSMMUG00000014138	7
ENSMMUG00000056038	14
ENSMMUG00000056315	0
ENSMMUG00000010942	123
ENSMMUG00000057455	0
ENSMMUG00000050784	0
ENSMMUG00000046969	0
ENSMMUG00000049630	0
ENSMMUG00000052279	0
ENSMMUG00000051008	0
ENSMMUG00000060053	0
ENSMMUG00000019979	4
ENSMMUG00000060795	0
ENSMMUG00000023340	18
ENSMMUG00000028695	58
ENSMMUG00000008973	0
ENSMMUG00000057513	0
ENSMMUG00000023676	0
ENSMMUG00000057270	0
ENSMMUG00000056536	0
ENSMMUG00000012615	6
ENSMMUG00000049678	0
ENSMMUG00000008974	2
ENSMMUG00000053628	6
ENSMMUG00000050373	0
ENSMMUG00000040077	0
ENSMMUG00000063310	0
ENSMMUG00000039527	0
ENSMMUG00000060600	0
ENSMMUG00000056360	0
ENSMMUG00000003768	3
ENSMMUG00000053737	0
ENSMMUG00000060953	0
ENSMMUG00000065257	0
ENSMMUG00000058523	0
ENSMMUG00000031908	0
ENSMMUG00000024750	0
ENSMMUG00000055703	0
ENSMMUG00000057173	0
ENSMMUG00000022882	0
ENSMMUG00000026260	0
ENSMMUG00000032254	12
ENSMMUG00000018965	0
ENSMMUG00000064973	0
ENSMMUG00000052046	0
ENSMMUG00000042886	12
ENSMMUG00000063650	0
ENSMMUG00000051646	0
ENSMMUG00000023030	0
ENSMMUG00000057315	0
ENSMMUG00000062220	0
ENSMMUG00000050583	0
ENSMMUG00000059081	0
ENSMMUG00000054678	0
ENSMMUG00000004094	0
ENSMMUG00000025388	0
ENSMMUG00000007490	1
ENSMMUG00000056702	21
ENSMMUG00000052537	0
ENSMMUG00000015661	3
ENSMMUG00000045118	0
ENSMMUG00000061839	0
ENSMMUG00000004149	24
ENSMMUG00000055309	0
ENSMMUG00000023029	11
ENSMMUG00000003442	3
ENSMMUG00000049561	0
ENSMMUG00000052393	0
ENSMMUG00000003769	0
ENSMMUG00000003727	5
ENSMMUG00000003770	0
ENSMMUG00000062654	9
ENSMMUG00000057977	0
ENSMMUG00000036230	0
ENSMMUG00000012828	3
ENSMMUG00000058848	0
ENSMMUG00000062816	0
ENSMMUG00000062876	0
ENSMMUG00000022906	8
ENSMMUG00000048575	0
ENSMMUG00000054429	0
ENSMMUG00000063981	8
ENSMMUG00000039950	0
ENSMMUG00000016033	0
ENSMMUG00000053894	0
ENSMMUG00000008003	0
ENSMMUG00000040055	0
ENSMMUG00000062643	0
ENSMMUG00000061796	0
ENSMMUG00000055256	0
ENSMMUG00000062965	0
ENSMMUG00000056783	0
ENSMMUG00000062889	0
ENSMMUG00000055443	0
ENSMMUG00000053832	0
ENSMMUG00000012436	14
ENSMMUG00000003265	0
ENSMMUG00000017707	0
ENSMMUG00000018039	5
ENSMMUG00000035247	0
ENSMMUG00000031279	20
ENSMMUG00000061766	0
ENSMMUG00000015659	19
ENSMMUG00000051127	0
ENSMMUG00000020157	0
ENSMMUG00000036913	0
ENSMMUG00000053617	2
ENSMMUG00000007110	22
ENSMMUG00000051487	0
ENSMMUG00000050239	0
ENSMMUG00000023339	0
ENSMMUG00000058641	0
ENSMMUG00000004103	0
ENSMMUG00000008852	21
ENSMMUG00000000663	29
ENSMMUG00000014873	21
ENSMMUG00000048622	0
ENSMMUG00000049307	5
ENSMMUG00000023336	0
ENSMMUG00000012068	27
ENSMMUG00000011378	0
ENSMMUG00000046557	0
ENSMMUG00000012381	0
ENSMMUG00000062633	6
ENSMMUG00000054553	0
ENSMMUG00000049908	0
ENSMMUG00000064668	0
ENSMMUG00000004053	45
ENSMMUG00000010110	0
ENSMMUG00000003264	4
ENSMMUG00000059498	0
ENSMMUG00000006584	35
ENSMMUG00000036216	0
ENSMMUG00000046333	0
ENSMMUG00000012380	0
ENSMMUG00000055616	0
ENSMMUG00000013119	9
ENSMMUG00000002135	20
ENSMMUG00000011377	8
ENSMMUG00000060301	20
ENSMMUG00000063553	0
ENSMMUG00000058814	0
ENSMMUG00000000662	66
ENSMMUG00000006780	0
ENSMMUG00000016329	3
ENSMMUG00000050163	0
ENSMMUG00000035798	0
ENSMMUG00000045905	0
ENSMMUG00000065000	0
ENSMMUG00000063252	0
ENSMMUG00000052961	0
ENSMMUG00000032670	0
ENSMMUG00000035717	0
ENSMMUG00000060790	0
ENSMMUG00000056894	24
ENSMMUG00000052451	0
ENSMMUG00000063558	8
ENSMMUG00000064007	0
ENSMMUG00000057964	0
ENSMMUG00000054297	0
ENSMMUG00000016204	3
ENSMMUG00000006581	40
ENSMMUG00000042059	6
ENSMMUG00000061405	7
ENSMMUG00000061662	0
ENSMMUG00000014686	22
ENSMMUG00000053396	40
ENSMMUG00000002171	60
ENSMMUG00000006579	11
ENSMMUG00000012424	0
ENSMMUG00000017327	0
ENSMMUG00000005244	24
ENSMMUG00000063521	0
ENSMMUG00000015812	2
ENSMMUG00000049877	0
ENSMMUG00000006576	58
ENSMMUG00000024142	0
ENSMMUG00000005243	20
ENSMMUG00000050170	7
ENSMMUG00000060999	1
ENSMMUG00000054436	0
ENSMMUG00000050564	0
ENSMMUG00000014327	5
ENSMMUG00000015809	0
ENSMMUG00000018795	0
ENSMMUG00000055304	0
ENSMMUG00000061436	0
ENSMMUG00000052450	7
ENSMMUG00000026148	0
ENSMMUG00000037887	0
ENSMMUG00000014682	7
ENSMMUG00000047744	0
ENSMMUG00000056000	0
ENSMMUG00000005801	8
ENSMMUG00000015470	0
ENSMMUG00000017793	10
ENSMMUG00000063540	7
ENSMMUG00000054714	0
ENSMMUG00000002794	1
ENSMMUG00000015601	0
ENSMMUG00000010917	0
ENSMMUG00000003636	0
ENSMMUG00000011391	20
ENSMMUG00000063654	0
ENSMMUG00000057737	1
ENSMMUG00000020295	10
ENSMMUG00000053044	4
ENSMMUG00000012348	33
ENSMMUG00000059364	7
ENSMMUG00000027901	0
ENSMMUG00000010918	17
ENSMMUG00000049667	0
ENSMMUG00000055489	0
ENSMMUG00000061924	0
ENSMMUG00000005803	5
ENSMMUG00000046236	0
ENSMMUG00000016093	171
ENSMMUG00000020588	0
ENSMMUG00000011390	5
ENSMMUG00000021856	39
ENSMMUG00000014035	0
ENSMMUG00000040660	44
ENSMMUG00000017449	2
ENSMMUG00000047290	0
ENSMMUG00000000039	16
ENSMMUG00000060727	0
ENSMMUG00000035843	0
ENSMMUG00000051998	0
ENSMMUG00000055544	12
ENSMMUG00000008191	2
ENSMMUG00000032811	0
ENSMMUG00000021865	0
ENSMMUG00000005892	0
ENSMMUG00000050311	9
ENSMMUG00000000038	21
ENSMMUG00000012051	5
ENSMMUG00000062002	0
ENSMMUG00000012346	60
ENSMMUG00000006559	0
ENSMMUG00000024102	0
ENSMMUG00000024665	0
ENSMMUG00000024421	0
ENSMMUG00000034081	0
ENSMMUG00000005888	6
ENSMMUG00000004738	83
ENSMMUG00000061697	0
ENSMMUG00000053179	9
ENSMMUG00000000037	37
ENSMMUG00000049047	1
ENSMMUG00000012345	19
ENSMMUG00000006561	0
ENSMMUG00000051065	0
ENSMMUG00000065295	0
ENSMMUG00000021854	56
ENSMMUG00000060366	0
ENSMMUG00000002295	0
ENSMMUG00000063321	0
ENSMMUG00000016089	31
ENSMMUG00000006265	7
ENSMMUG00000010280	18
ENSMMUG00000062839	0
ENSMMUG00000059697	0
ENSMMUG00000038609	0
ENSMMUG00000055166	0
ENSMMUG00000064346	0
ENSMMUG00000005886	3
ENSMMUG00000059633	0
ENSMMUG00000060792	0
ENSMMUG00000012848	1
ENSMMUG00000017093	0
ENSMMUG00000046414	0
ENSMMUG00000018338	5
ENSMMUG00000018916	0
ENSMMUG00000059614	0
ENSMMUG00000055890	0
ENSMMUG00000019547	8
ENSMMUG00000064113	0
ENSMMUG00000064199	0
ENSMMUG00000053605	0
ENSMMUG00000057410	0
ENSMMUG00000050640	0
ENSMMUG00000024314	2
ENSMMUG00000063811	0
ENSMMUG00000025750	5
ENSMMUG00000062597	0
ENSMMUG00000017383	2
ENSMMUG00000053115	0
ENSMMUG00000057924	0
ENSMMUG00000052805	0
ENSMMUG00000064504	0
ENSMMUG00000059936	0
ENSMMUG00000063829	0
ENSMMUG00000058918	0
ENSMMUG00000063051	0
ENSMMUG00000057728	0
ENSMMUG00000055039	0
ENSMMUG00000019216	14
ENSMMUG00000061072	0
ENSMMUG00000005882	0
ENSMMUG00000026427	0
ENSMMUG00000025989	0
ENSMMUG00000026325	0
ENSMMUG00000060182	0
ENSMMUG00000014056	0
ENSMMUG00000060011	0
ENSMMUG00000019545	0
ENSMMUG00000009332	0
ENSMMUG00000034050	0
ENSMMUG00000005881	0
ENSMMUG00000016234	0
ENSMMUG00000056516	0
ENSMMUG00000054762	1
ENSMMUG00000033013	0
ENSMMUG00000018911	5
ENSMMUG00000010353	0
ENSMMUG00000002624	9
ENSMMUG00000020019	0
ENSMMUG00000005877	2
ENSMMUG00000022980	372
ENSMMUG00000019993	6
ENSMMUG00000050920	0
ENSMMUG00000057708	0
ENSMMUG00000002623	28
ENSMMUG00000022978	73
ENSMMUG00000020021	0
ENSMMUG00000013788	0
ENSMMUG00000018678	18
ENSMMUG00000002622	2
ENSMMUG00000049760	0
ENSMMUG00000016554	10
ENSMMUG00000002287	8
ENSMMUG00000063030	0
ENSMMUG00000009330	13
ENSMMUG00000017080	10
ENSMMUG00000031357	23
ENSMMUG00000059083	0
ENSMMUG00000002621	0
ENSMMUG00000063261	0
ENSMMUG00000023364	24
ENSMMUG00000013789	0
ENSMMUG00000060250	1
ENSMMUG00000002285	48
ENSMMUG00000036810	0
ENSMMUG00000020023	1
ENSMMUG00000037235	0
ENSMMUG00000036573	0
ENSMMUG00000058821	0
ENSMMUG00000017841	92
ENSMMUG00000062295	0
ENSMMUG00000037337	0
ENSMMUG00000065293	0
ENSMMUG00000031286	38
ENSMMUG00000013790	0
ENSMMUG00000048329	0
ENSMMUG00000049204	0
ENSMMUG00000058944	0
ENSMMUG00000019106	1
ENSMMUG00000004735	11
ENSMMUG00000055373	0
ENSMMUG00000057519	0
ENSMMUG00000049952	0
ENSMMUG00000012965	7
ENSMMUG00000019514	7
ENSMMUG00000056034	0
ENSMMUG00000060563	0
ENSMMUG00000059291	0
ENSMMUG00000013840	24
ENSMMUG00000027475	0
ENSMMUG00000009509	2
ENSMMUG00000035851	0
ENSMMUG00000013795	18
ENSMMUG00000043518	0
ENSMMUG00000023363	0
ENSMMUG00000016696	56
ENSMMUG00000014498	0
ENSMMUG00000025679	0
ENSMMUG00000049781	0
ENSMMUG00000058724	0
ENSMMUG00000062980	0
ENSMMUG00000026730	0
ENSMMUG00000039533	0
ENSMMUG00000002219	31
ENSMMUG00000010814	8
ENSMMUG00000054886	8
ENSMMUG00000005863	2
ENSMMUG00000018175	0
ENSMMUG00000063984	0
ENSMMUG00000048389	0
ENSMMUG00000018172	5
ENSMMUG00000052202	0
ENSMMUG00000009508	16
ENSMMUG00000006756	0
ENSMMUG00000019513	7
ENSMMUG00000013292	2
ENSMMUG00000057120	170
ENSMMUG00000017838	13
ENSMMUG00000019086	0
ENSMMUG00000034750	0
ENSMMUG00000048753	0
ENSMMUG00000018170	1
ENSMMUG00000058159	79
ENSMMUG00000057172	0
ENSMMUG00000027037	0
ENSMMUG00000056206	0
ENSMMUG00000061573	0
ENSMMUG00000022094	10
ENSMMUG00000010810	86
ENSMMUG00000015972	0
ENSMMUG00000017966	0
ENSMMUG00000054489	0
ENSMMUG00000056833	93
ENSMMUG00000014075	0
ENSMMUG00000008511	0
ENSMMUG00000006225	37
ENSMMUG00000017965	0
ENSMMUG00000052224	0
ENSMMUG00000027472	0
ENSMMUG00000012252	14
ENSMMUG00000051030	0
ENSMMUG00000013995	0
ENSMMUG00000042262	1
ENSMMUG00000003998	29
ENSMMUG00000063331	0
ENSMMUG00000012850	0
ENSMMUG00000022091	1
ENSMMUG00000052789	0
ENSMMUG00000012393	12
ENSMMUG00000017833	182
ENSMMUG00000019034	23
ENSMMUG00000054261	10
ENSMMUG00000052550	11
ENSMMUG00000012392	0
ENSMMUG00000008776	11
ENSMMUG00000054032	0
ENSMMUG00000064443	0
ENSMMUG00000008779	0
ENSMMUG00000055960	0
ENSMMUG00000047929	116
ENSMMUG00000061830	0
ENSMMUG00000059328	0
ENSMMUG00000004790	0
ENSMMUG00000000092	1
ENSMMUG00000054568	0
ENSMMUG00000061785	0
ENSMMUG00000056098	0
ENSMMUG00000001896	36
ENSMMUG00000010683	0
ENSMMUG00000023042	16
ENSMMUG00000054977	7745
ENSMMUG00000052807	0
ENSMMUG00000036811	0
ENSMMUG00000002387	5
ENSMMUG00000052119	0
ENSMMUG00000035925	0
ENSMMUG00000022086	4144
ENSMMUG00000057915	0
ENSMMUG00000061472	0
ENSMMUG00000055053	0
ENSMMUG00000064219	0
ENSMMUG00000016792	2
ENSMMUG00000055996	0
ENSMMUG00000017722	2
ENSMMUG00000060773	0
ENSMMUG00000054408	0
ENSMMUG00000000090	22
ENSMMUG00000012243	20
ENSMMUG00000004049	21
ENSMMUG00000008572	0
ENSMMUG00000010808	1
ENSMMUG00000017720	7
ENSMMUG00000055834	0
ENSMMUG00000059898	0
ENSMMUG00000063069	0
ENSMMUG00000062431	0
ENSMMUG00000049771	0
ENSMMUG00000036651	0
ENSMMUG00000059326	100
ENSMMUG00000022798	5
ENSMMUG00000052744	0
ENSMMUG00000050224	0
ENSMMUG00000033441	0
ENSMMUG00000024325	0
ENSMMUG00000056807	0
ENSMMUG00000064779	0
ENSMMUG00000056971	0
ENSMMUG00000031542	2
ENSMMUG00000061914	0
ENSMMUG00000031107	0
ENSMMUG00000011454	480
ENSMMUG00000060229	17
ENSMMUG00000011800	0
ENSMMUG00000061633	0
ENSMMUG00000024846	0
ENSMMUG00000059109	0
ENSMMUG00000025832	0
ENSMMUG00000010805	58
ENSMMUG00000057995	23
ENSMMUG00000024242	0
ENSMMUG00000051433	0
ENSMMUG00000050169	0
ENSMMUG00000057075	0
ENSMMUG00000049798	0
ENSMMUG00000057862	0
ENSMMUG00000054510	0
ENSMMUG00000055360	0
ENSMMUG00000050963	0
ENSMMUG00000051472	0
ENSMMUG00000052808	0
ENSMMUG00000049634	0
ENSMMUG00000026229	0
ENSMMUG00000026466	0
ENSMMUG00000022801	0
ENSMMUG00000054927	0
ENSMMUG00000014434	0
ENSMMUG00000000085	0
ENSMMUG00000010879	60
ENSMMUG00000046470	0
ENSMMUG00000060729	0
ENSMMUG00000047089	0
ENSMMUG00000019105	0
ENSMMUG00000033160	5
ENSMMUG00000035887	0
ENSMMUG00000000629	0
ENSMMUG00000052181	0
ENSMMUG00000005578	7
ENSMMUG00000013779	0
ENSMMUG00000018350	0
ENSMMUG00000004707	0
ENSMMUG00000058992	0
ENSMMUG00000009868	10
ENSMMUG00000058088	26
ENSMMUG00000004902	17
ENSMMUG00000038166	4
ENSMMUG00000055959	0
ENSMMUG00000004706	0
ENSMMUG00000001894	23
ENSMMUG00000047043	0
ENSMMUG00000053895	0
ENSMMUG00000012055	10
ENSMMUG00000059524	0
ENSMMUG00000000630	45
ENSMMUG00000058464	0
ENSMMUG00000062804	0
ENSMMUG00000014952	0
ENSMMUG00000060218	0
ENSMMUG00000018347	7
ENSMMUG00000001891	0
ENSMMUG00000056707	0
ENSMMUG00000036268	0
ENSMMUG00000022762	4
ENSMMUG00000002932	47
ENSMMUG00000056706	0
ENSMMUG00000063400	0
ENSMMUG00000018240	0
ENSMMUG00000059777	0
ENSMMUG00000045377	0
ENSMMUG00000004901	0
ENSMMUG00000012961	57
ENSMMUG00000056482	0
ENSMMUG00000021078	30
ENSMMUG00000017586	5
ENSMMUG00000004042	0
ENSMMUG00000049099	0
ENSMMUG00000049840	17
ENSMMUG00000040609	55
ENSMMUG00000021079	23
ENSMMUG00000060500	0
ENSMMUG00000052448	0
ENSMMUG00000048805	0
ENSMMUG00000040063	0
ENSMMUG00000037731	0
ENSMMUG00000003775	9
ENSMMUG00000011342	2
ENSMMUG00000060167	0
ENSMMUG00000057065	0
ENSMMUG00000005008	148
ENSMMUG00000036194	0
ENSMMUG00000001551	32
ENSMMUG00000064461	114
ENSMMUG00000059021	0
ENSMMUG00000016838	16
ENSMMUG00000016096	67
ENSMMUG00000051354	0
ENSMMUG00000023884	0
ENSMMUG00000022995	0
ENSMMUG00000064770	0
ENSMMUG00000037265	0
ENSMMUG00000001549	0
ENSMMUG00000021080	0
ENSMMUG00000049839	0
ENSMMUG00000011340	0
ENSMMUG00000004001	1
ENSMMUG00000032897	0
ENSMMUG00000005010	13
ENSMMUG00000011338	6
ENSMMUG00000005007	5
ENSMMUG00000058426	0
ENSMMUG00000011335	0
ENSMMUG00000001565	13
ENSMMUG00000052160	0
ENSMMUG00000018444	0
ENSMMUG00000005005	6
ENSMMUG00000064596	1
ENSMMUG00000022306	0
ENSMMUG00000008922	0
ENSMMUG00000000065	0
ENSMMUG00000006685	0
ENSMMUG00000012126	3
ENSMMUG00000053632	0
ENSMMUG00000039344	0
ENSMMUG00000013039	31
ENSMMUG00000052340	0
ENSMMUG00000009983	13
ENSMMUG00000013427	0
ENSMMUG00000050121	0
ENSMMUG00000059749	0
ENSMMUG00000043311	11
ENSMMUG00000013428	0
ENSMMUG00000050034	2
ENSMMUG00000058438	0
ENSMMUG00000060122	0
ENSMMUG00000053626	0
ENSMMUG00000016206	0
ENSMMUG00000022993	0
ENSMMUG00000035170	0
ENSMMUG00000050086	0
ENSMMUG00000013495	16
ENSMMUG00000060384	2
ENSMMUG00000042510	0
ENSMMUG00000051094	0
ENSMMUG00000001571	15
ENSMMUG00000004564	2
ENSMMUG00000005002	26
ENSMMUG00000001300	6
ENSMMUG00000051786	1
ENSMMUG00000015233	10
ENSMMUG00000022992	0
ENSMMUG00000024417	0
ENSMMUG00000051176	3
ENSMMUG00000013044	5
ENSMMUG00000045518	0
ENSMMUG00000057125	0
ENSMMUG00000039212	0
ENSMMUG00000012112	11
ENSMMUG00000054686	0
ENSMMUG00000058484	0
ENSMMUG00000001297	9
ENSMMUG00000006904	1
ENSMMUG00000060682	0
ENSMMUG00000000545	0
ENSMMUG00000002696	6
ENSMMUG00000010408	0
ENSMMUG00000058667	0
ENSMMUG00000054881	0
ENSMMUG00000008251	29
ENSMMUG00000034906	0
ENSMMUG00000005092	41
ENSMMUG00000012411	3
ENSMMUG00000060152	8
ENSMMUG00000058388	0
ENSMMUG00000049388	0
ENSMMUG00000056659	0
ENSMMUG00000016579	0
ENSMMUG00000000546	30
ENSMMUG00000006651	0
ENSMMUG00000019487	0
ENSMMUG00000001216	0
ENSMMUG00000019057	3
ENSMMUG00000055514	0
ENSMMUG00000016281	165
ENSMMUG00000060692	0
ENSMMUG00000058785	0
ENSMMUG00000054699	0
ENSMMUG00000059208	27
ENSMMUG00000058670	0
ENSMMUG00000019482	14
ENSMMUG00000042475	4
ENSMMUG00000019056	12
ENSMMUG00000053567	0
ENSMMUG00000010406	3
ENSMMUG00000015723	18
ENSMMUG00000054444	0
ENSMMUG00000062087	0
ENSMMUG00000051680	0
ENSMMUG00000007706	5
ENSMMUG00000016580	0
ENSMMUG00000018128	2
ENSMMUG00000017849	3
ENSMMUG00000002200	37
ENSMMUG00000003582	38
ENSMMUG00000004488	0
ENSMMUG00000060496	0
ENSMMUG00000019912	101
ENSMMUG00000044696	5
ENSMMUG00000052595	0
ENSMMUG00000024094	0
ENSMMUG00000004516	0
ENSMMUG00000052908	2
ENSMMUG00000007109	110
ENSMMUG00000004492	2
ENSMMUG00000059612	0
ENSMMUG00000004512	0
ENSMMUG00000005090	1
ENSMMUG00000049726	0
ENSMMUG00000016581	0
ENSMMUG00000002802	2
ENSMMUG00000004648	17
ENSMMUG00000032244	3
ENSMMUG00000045167	0
ENSMMUG00000027793	0
ENSMMUG00000016582	37
ENSMMUG00000053454	6
ENSMMUG00000004490	37
ENSMMUG00000021933	0
ENSMMUG00000057616	372
ENSMMUG00000035614	0
ENSMMUG00000004520	41
ENSMMUG00000054630	0
ENSMMUG00000018163	15
ENSMMUG00000004241	0
ENSMMUG00000013875	6
ENSMMUG00000021312	3
ENSMMUG00000057417	3
ENSMMUG00000025885	0
ENSMMUG00000060051	0
ENSMMUG00000050766	0
ENSMMUG00000059701	0
ENSMMUG00000064906	0
ENSMMUG00000031821	0
ENSMMUG00000054198	0
ENSMMUG00000018450	0
ENSMMUG00000007046	6
ENSMMUG00000050231	0
ENSMMUG00000061549	0
ENSMMUG00000004243	0
ENSMMUG00000056001	0
ENSMMUG00000000733	0
ENSMMUG00000064552	0
ENSMMUG00000053550	0
ENSMMUG00000060541	0
ENSMMUG00000058742	0
ENSMMUG00000050246	9
ENSMMUG00000013866	146
ENSMMUG00000053235	0
ENSMMUG00000054475	47
ENSMMUG00000016583	0
ENSMMUG00000059669	3
ENSMMUG00000000730	0
ENSMMUG00000003987	0
ENSMMUG00000004240	0
ENSMMUG00000009987	65
ENSMMUG00000061243	0
ENSMMUG00000061884	0
ENSMMUG00000006164	1
ENSMMUG00000052919	0
ENSMMUG00000046410	0
ENSMMUG00000051850	0
ENSMMUG00000059802	0
ENSMMUG00000023070	3
ENSMMUG00000000931	6
ENSMMUG00000016279	47
ENSMMUG00000010081	9
ENSMMUG00000000801	1
ENSMMUG00000008828	4
ENSMMUG00000059157	0
ENSMMUG00000044973	0
ENSMMUG00000059275	0
ENSMMUG00000059773	0
ENSMMUG00000016837	0
ENSMMUG00000050642	0
ENSMMUG00000039365	0
ENSMMUG00000032868	0
ENSMMUG00000063298	0
ENSMMUG00000013862	17
ENSMMUG00000058977	0
ENSMMUG00000014674	1
ENSMMUG00000056990	0
ENSMMUG00000050419	0
ENSMMUG00000054837	0
ENSMMUG00000054700	0
ENSMMUG00000063414	4
ENSMMUG00000058023	0
ENSMMUG00000052426	0
ENSMMUG00000062837	0
ENSMMUG00000060555	0
ENSMMUG00000052441	0
ENSMMUG00000050865	7
ENSMMUG00000000063	11
ENSMMUG00000017040	20
ENSMMUG00000003486	0
ENSMMUG00000009282	0
ENSMMUG00000059086	0
ENSMMUG00000022630	57
ENSMMUG00000013380	6
ENSMMUG00000036503	0
ENSMMUG00000062021	0
ENSMMUG00000063647	0
ENSMMUG00000049590	5
ENSMMUG00000007952	1
ENSMMUG00000059646	0
ENSMMUG00000052479	0
ENSMMUG00000023214	17
ENSMMUG00000051344	0
ENSMMUG00000060705	0
ENSMMUG00000021441	42
ENSMMUG00000062397	0
ENSMMUG00000050717	0
ENSMMUG00000017421	0
ENSMMUG00000054507	0
ENSMMUG00000007558	0
ENSMMUG00000022641	30
ENSMMUG00000032292	0
ENSMMUG00000000725	0
ENSMMUG00000056051	0
ENSMMUG00000000724	0
ENSMMUG00000058261	0
ENSMMUG00000054321	0
ENSMMUG00000036792	0
ENSMMUG00000004509	0
ENSMMUG00000004508	0
ENSMMUG00000022629	12
ENSMMUG00000000145	7
ENSMMUG00000017674	0
ENSMMUG00000003168	0
ENSMMUG00000010030	4
ENSMMUG00000019444	0
ENSMMUG00000053824	1
ENSMMUG00000022631	1
ENSMMUG00000053076	0
ENSMMUG00000023216	0
ENSMMUG00000018080	51
ENSMMUG00000016784	0
ENSMMUG00000052320	0
ENSMMUG00000049296	0
ENSMMUG00000062298	0
ENSMMUG00000030888	11
ENSMMUG00000022632	14
ENSMMUG00000019727	0
ENSMMUG00000051252	0
ENSMMUG00000058407	0
ENSMMUG00000022888	1
ENSMMUG00000019519	0
ENSMMUG00000001973	4
ENSMMUG00000054892	0
ENSMMUG00000032139	0
ENSMMUG00000058440	0
ENSMMUG00000019518	48
ENSMMUG00000002010	5
ENSMMUG00000036486	0
ENSMMUG00000056499	0
ENSMMUG00000025902	0
ENSMMUG00000056227	0
ENSMMUG00000016783	1
ENSMMUG00000057159	0
ENSMMUG00000055233	0
ENSMMUG00000055767	0
ENSMMUG00000022643	21
ENSMMUG00000005069	0
ENSMMUG00000062660	0
ENSMMUG00000018556	0
ENSMMUG00000059053	0
ENSMMUG00000060641	0
ENSMMUG00000059172	53
ENSMMUG00000064635	0
ENSMMUG00000001974	198
ENSMMUG00000065201	1
ENSMMUG00000054309	0
ENSMMUG00000063517	1
ENSMMUG00000059937	0
ENSMMUG00000017375	9
ENSMMUG00000022645	1
ENSMMUG00000057550	0
ENSMMUG00000056436	0
ENSMMUG00000002009	0
ENSMMUG00000010626	0
ENSMMUG00000021870	0
ENSMMUG00000055140	0
ENSMMUG00000060871	26
ENSMMUG00000056766	0
ENSMMUG00000014205	0
ENSMMUG00000049931	0
ENSMMUG00000055126	0
ENSMMUG00000056383	0
ENSMMUG00000042038	0
ENSMMUG00000057998	0
ENSMMUG00000063427	0
ENSMMUG00000057874	0
ENSMMUG00000002007	1
ENSMMUG00000020389	0
ENSMMUG00000011137	0
ENSMMUG00000058113	0
ENSMMUG00000045769	0
ENSMMUG00000063690	0
ENSMMUG00000022647	0
ENSMMUG00000014230	0
ENSMMUG00000005681	40
ENSMMUG00000064337	6
ENSMMUG00000064096	0
ENSMMUG00000035875	0
ENSMMUG00000059249	0
ENSMMUG00000054087	0
ENSMMUG00000023146	50
ENSMMUG00000051982	0
ENSMMUG00000034016	0
ENSMMUG00000026815	0
ENSMMUG00000059859	0
ENSMMUG00000053162	0
ENSMMUG00000049105	0
ENSMMUG00000052197	0
ENSMMUG00000040291	0
ENSMMUG00000059970	2
ENSMMUG00000026930	0
ENSMMUG00000042670	0
ENSMMUG00000022935	0
ENSMMUG00000054719	0
ENSMMUG00000002005	20
ENSMMUG00000011142	22
ENSMMUG00000001978	32
ENSMMUG00000050278	0
ENSMMUG00000050215	0
ENSMMUG00000026787	0
ENSMMUG00000049947	0
ENSMMUG00000016388	3
ENSMMUG00000064135	0
ENSMMUG00000054696	0
ENSMMUG00000057545	0
ENSMMUG00000059285	0
ENSMMUG00000057939	0
ENSMMUG00000043626	20
ENSMMUG00000057775	0
ENSMMUG00000057994	31
ENSMMUG00000002003	8
ENSMMUG00000033002	0
ENSMMUG00000008714	0
ENSMMUG00000032712	0
ENSMMUG00000015176	0
ENSMMUG00000056613	0
ENSMMUG00000016335	6
ENSMMUG00000062297	0
ENSMMUG00000022648	21
ENSMMUG00000014497	15
ENSMMUG00000064766	0
ENSMMUG00000049507	0
ENSMMUG00000001996	11
ENSMMUG00000053808	0
ENSMMUG00000058495	0
ENSMMUG00000058070	0
ENSMMUG00000059716	0
ENSMMUG00000038667	0
ENSMMUG00000002001	0
ENSMMUG00000043063	11
ENSMMUG00000008711	4
ENSMMUG00000021030	0
ENSMMUG00000018699	0
ENSMMUG00000052652	0
ENSMMUG00000012037	0
ENSMMUG00000058087	0
ENSMMUG00000062985	0
ENSMMUG00000011146	8
ENSMMUG00000049961	0
ENSMMUG00000015173	9
ENSMMUG00000013391	0
ENSMMUG00000013639	20
ENSMMUG00000062210	0
ENSMMUG00000058126	7
ENSMMUG00000061454	0
ENSMMUG00000032293	0
ENSMMUG00000056654	1
ENSMMUG00000017333	0
ENSMMUG00000062942	0
ENSMMUG00000065097	0
ENSMMUG00000014620	16
ENSMMUG00000059151	0
ENSMMUG00000063750	0
ENSMMUG00000053012	0
ENSMMUG00000008518	0
ENSMMUG00000021082	0
ENSMMUG00000009981	17
ENSMMUG00000056439	0
ENSMMUG00000044166	0
ENSMMUG00000008515	2
ENSMMUG00000008709	0
ENSMMUG00000011149	0
ENSMMUG00000049701	0
ENSMMUG00000055220	0
ENSMMUG00000062280	0
ENSMMUG00000049651	0
ENSMMUG00000000676	2
ENSMMUG00000055024	0
ENSMMUG00000049494	0
ENSMMUG00000053426	59
ENSMMUG00000026871	0
ENSMMUG00000063003	0
ENSMMUG00000028337	0
ENSMMUG00000002400	0
ENSMMUG00000021642	1
ENSMMUG00000022510	0
ENSMMUG00000050913	0
ENSMMUG00000052790	0
ENSMMUG00000045497	1
ENSMMUG00000021641	20
ENSMMUG00000064508	0
ENSMMUG00000027811	0
ENSMMUG00000021640	0
ENSMMUG00000059264	0
ENSMMUG00000063959	2
ENSMMUG00000055124	0
ENSMMUG00000000838	46
ENSMMUG00000060784	0
ENSMMUG00000057158	0
ENSMMUG00000012227	13
ENSMMUG00000015174	0
ENSMMUG00000051963	0
ENSMMUG00000050852	0
ENSMMUG00000020726	17
ENSMMUG00000032284	11
ENSMMUG00000010335	1
ENSMMUG00000009781	0
ENSMMUG00000060677	3
ENSMMUG00000046915	0
ENSMMUG00000038836	0
ENSMMUG00000051471	0
ENSMMUG00000049808	0
ENSMMUG00000013591	0
ENSMMUG00000003472	3
ENSMMUG00000021535	27
ENSMMUG00000054938	0
ENSMMUG00000016569	16
ENSMMUG00000002227	39
ENSMMUG00000021116	32
ENSMMUG00000059549	2
ENSMMUG00000019528	1
ENSMMUG00000003786	20
ENSMMUG00000019527	0
ENSMMUG00000006787	0
ENSMMUG00000009358	1
ENSMMUG00000000243	0
ENSMMUG00000054681	0
ENSMMUG00000058823	0
ENSMMUG00000052630	0
ENSMMUG00000063419	0
ENSMMUG00000062278	0
ENSMMUG00000006786	0
ENSMMUG00000000244	0
ENSMMUG00000027268	0
ENSMMUG00000050780	0
ENSMMUG00000009354	0
ENSMMUG00000016130	0
ENSMMUG00000057691	0
ENSMMUG00000034851	0
ENSMMUG00000060515	0
ENSMMUG00000000134	0
ENSMMUG00000056100	0
ENSMMUG00000000245	0
ENSMMUG00000009350	0
ENSMMUG00000009347	0
ENSMMUG00000005782	64
ENSMMUG00000012334	0
ENSMMUG00000017823	16
ENSMMUG00000058719	0
ENSMMUG00000063323	0
ENSMMUG00000044424	0
ENSMMUG00000025751	0
ENSMMUG00000005785	14
ENSMMUG00000017819	0
ENSMMUG00000049297	0
ENSMMUG00000050661	0
ENSMMUG00000035725	0
ENSMMUG00000050757	370
ENSMMUG00000056198	102
ENSMMUG00000011434	1
ENSMMUG00000058395	0
ENSMMUG00000001817	1
ENSMMUG00000013649	89
ENSMMUG00000004758	0
ENSMMUG00000055405	0
ENSMMUG00000058965	0
ENSMMUG00000023203	0
ENSMMUG00000012322	0
ENSMMUG00000057650	3
ENSMMUG00000035909	0
ENSMMUG00000011435	0
ENSMMUG00000056097	0
ENSMMUG00000042699	14
ENSMMUG00000017817	1
ENSMMUG00000007266	20
ENSMMUG00000055584	2
ENSMMUG00000013962	4
ENSMMUG00000063012	0
ENSMMUG00000059492	0
ENSMMUG00000019058	19
ENSMMUG00000063956	0
ENSMMUG00000005129	0
ENSMMUG00000064681	0
ENSMMUG00000001690	22
ENSMMUG00000010852	0
ENSMMUG00000019098	8
ENSMMUG00000016014	0
ENSMMUG00000057068	0
ENSMMUG00000057992	0
ENSMMUG00000050685	0
ENSMMUG00000063355	0
ENSMMUG00000064630	0
ENSMMUG00000006171	3
ENSMMUG00000058127	0
ENSMMUG00000062345	0
ENSMMUG00000021820	72
ENSMMUG00000001686	2
ENSMMUG00000007273	8
ENSMMUG00000052360	0
ENSMMUG00000057278	0
ENSMMUG00000058665	0
ENSMMUG00000010849	50
ENSMMUG00000053221	0
ENSMMUG00000061874	0
ENSMMUG00000042537	0
ENSMMUG00000007767	52
ENSMMUG00000056548	12
ENSMMUG00000051438	0
ENSMMUG00000008640	2
ENSMMUG00000059035	0
ENSMMUG00000033542	0
ENSMMUG00000014013	3
ENSMMUG00000059489	191
ENSMMUG00000054133	0
ENSMMUG00000017114	8
ENSMMUG00000061649	37
ENSMMUG00000053915	2
ENSMMUG00000015668	0
ENSMMUG00000057102	0
ENSMMUG00000054016	0
ENSMMUG00000054134	0
ENSMMUG00000060740	0
ENSMMUG00000006369	10
ENSMMUG00000037429	0
ENSMMUG00000064693	0
ENSMMUG00000007766	16
ENSMMUG00000013858	3
ENSMMUG00000007765	5
ENSMMUG00000010539	7
ENSMMUG00000037458	0
ENSMMUG00000018455	10
ENSMMUG00000065076	6
ENSMMUG00000051559	0
ENSMMUG00000047630	28
ENSMMUG00000064988	0
ENSMMUG00000026913	0
ENSMMUG00000051866	0
ENSMMUG00000027103	0
ENSMMUG00000053450	0
ENSMMUG00000064032	0
ENSMMUG00000007278	0
ENSMMUG00000057625	0
ENSMMUG00000056107	0
ENSMMUG00000052670	0
ENSMMUG00000007279	0
ENSMMUG00000050522	0
ENSMMUG00000016563	0
ENSMMUG00000022437	0
ENSMMUG00000050825	11
ENSMMUG00000032238	8
ENSMMUG00000007280	0
ENSMMUG00000014489	5
ENSMMUG00000051619	0
ENSMMUG00000050983	0
ENSMMUG00000052184	3
ENSMMUG00000064736	0
ENSMMUG00000055844	0
ENSMMUG00000014486	0
ENSMMUG00000011236	1
ENSMMUG00000001616	76
ENSMMUG00000001614	38
ENSMMUG00000065134	0
ENSMMUG00000060248	0
ENSMMUG00000059499	0
ENSMMUG00000031372	1
ENSMMUG00000063658	0
ENSMMUG00000055783	0
ENSMMUG00000058865	0
ENSMMUG00000031378	0
ENSMMUG00000036962	0
ENSMMUG00000057372	0
ENSMMUG00000059912	0
ENSMMUG00000008460	33
ENSMMUG00000061368	0
ENSMMUG00000001610	20
ENSMMUG00000008462	0
ENSMMUG00000008464	0
ENSMMUG00000003647	0
ENSMMUG00000064841	0
ENSMMUG00000017508	0
ENSMMUG00000025711	0
ENSMMUG00000053451	8
ENSMMUG00000060674	4
ENSMMUG00000018263	0
ENSMMUG00000023345	2
ENSMMUG00000053047	0
ENSMMUG00000007315	31
ENSMMUG00000002350	0
ENSMMUG00000001569	0
ENSMMUG00000010594	0
ENSMMUG00000054277	0
ENSMMUG00000052809	0
ENSMMUG00000049326	0
ENSMMUG00000059366	0
ENSMMUG00000049803	0
ENSMMUG00000065044	0
ENSMMUG00000061855	0
ENSMMUG00000058410	0
ENSMMUG00000052878	0
ENSMMUG00000062464	0
ENSMMUG00000051624	0
ENSMMUG00000022525	64
ENSMMUG00000053920	0
ENSMMUG00000055356	3
ENSMMUG00000052304	0
ENSMMUG00000057801	0
ENSMMUG00000050425	0
ENSMMUG00000052555	7
ENSMMUG00000055415	1
ENSMMUG00000063117	0
ENSMMUG00000050778	0
ENSMMUG00000047409	0
ENSMMUG00000002899	105
ENSMMUG00000019940	19
ENSMMUG00000010352	1
ENSMMUG00000062662	11
ENSMMUG00000011987	14
ENSMMUG00000015898	160
ENSMMUG00000055372	0
ENSMMUG00000045364	65
ENSMMUG00000060669	0
ENSMMUG00000018221	8
ENSMMUG00000012733	17
ENSMMUG00000018325	0
ENSMMUG00000018326	0
ENSMMUG00000018322	1
ENSMMUG00000015804	264
ENSMMUG00000060620	0
ENSMMUG00000012259	0
ENSMMUG00000057910	0
ENSMMUG00000015802	0
ENSMMUG00000021649	13
ENSMMUG00000015800	42
ENSMMUG00000018318	18
ENSMMUG00000011992	0
ENSMMUG00000063855	3
ENSMMUG00000065250	0
ENSMMUG00000005947	3
ENSMMUG00000044790	0
ENSMMUG00000050502	0
ENSMMUG00000060644	0
ENSMMUG00000000009	0
ENSMMUG00000014410	1
ENSMMUG00000064420	0
ENSMMUG00000020218	7
ENSMMUG00000039874	2
ENSMMUG00000018245	11
ENSMMUG00000004768	0
ENSMMUG00000026884	0
ENSMMUG00000026915	0
ENSMMUG00000055114	0
ENSMMUG00000053069	0
ENSMMUG00000053987	0
ENSMMUG00000057477	0
ENSMMUG00000020200	1
ENSMMUG00000057677	0
ENSMMUG00000043676	0
ENSMMUG00000055580	0
ENSMMUG00000004767	16
ENSMMUG00000058968	0
ENSMMUG00000055849	0
ENSMMUG00000020217	0
ENSMMUG00000036028	0
ENSMMUG00000024787	0
ENSMMUG00000039854	0
ENSMMUG00000016188	0
ENSMMUG00000057802	0
ENSMMUG00000035331	0
ENSMMUG00000063532	0
ENSMMUG00000053424	0
ENSMMUG00000062588	0
ENSMMUG00000004762	36
ENSMMUG00000007334	6
ENSMMUG00000050830	0
ENSMMUG00000005994	0
ENSMMUG00000004266	0
ENSMMUG00000058587	0
ENSMMUG00000047939	0
ENSMMUG00000049904	0
ENSMMUG00000025559	0
ENSMMUG00000053031	0
ENSMMUG00000051563	0
ENSMMUG00000016893	7
ENSMMUG00000005990	0
ENSMMUG00000004268	24
ENSMMUG00000018235	0
ENSMMUG00000040425	0
ENSMMUG00000064416	0
ENSMMUG00000061104	0
ENSMMUG00000018695	0
ENSMMUG00000015115	0
ENSMMUG00000021031	0
ENSMMUG00000050286	0
ENSMMUG00000000875	0
ENSMMUG00000010290	4
ENSMMUG00000012218	2
ENSMMUG00000002555	0
ENSMMUG00000010291	0
ENSMMUG00000018723	9
ENSMMUG00000018721	6
ENSMMUG00000013855	3
ENSMMUG00000058432	2
ENSMMUG00000000873	0
ENSMMUG00000001910	89
ENSMMUG00000001911	0
ENSMMUG00000042737	0
ENSMMUG00000052463	0
ENSMMUG00000012700	9
ENSMMUG00000026673	0
ENSMMUG00000025228	0
ENSMMUG00000025802	0
ENSMMUG00000012219	0
ENSMMUG00000008031	6
ENSMMUG00000063678	1
ENSMMUG00000007220	8
ENSMMUG00000052462	0
ENSMMUG00000012697	49
ENSMMUG00000026793	0
ENSMMUG00000054727	46
ENSMMUG00000005921	1
ENSMMUG00000017907	0
ENSMMUG00000008026	67
ENSMMUG00000055329	0
ENSMMUG00000005287	0
ENSMMUG00000058507	0
ENSMMUG00000056266	0
ENSMMUG00000014595	0
ENSMMUG00000053669	0
ENSMMUG00000060442	0
ENSMMUG00000053479	0
ENSMMUG00000048752	0
ENSMMUG00000049989	0
ENSMMUG00000045313	0
ENSMMUG00000032243	4
ENSMMUG00000022111	0
ENSMMUG00000045777	0
ENSMMUG00000019493	14
ENSMMUG00000055524	0
ENSMMUG00000057582	0
ENSMMUG00000062199	0
ENSMMUG00000017414	107
ENSMMUG00000018797	0
ENSMMUG00000018802	0
ENSMMUG00000018803	8
ENSMMUG00000059935	0
ENSMMUG00000051392	10
ENSMMUG00000017419	0
ENSMMUG00000022426	3
ENSMMUG00000013500	0
ENSMMUG00000019488	1
ENSMMUG00000055712	0
ENSMMUG00000049753	0
ENSMMUG00000057870	0
ENSMMUG00000010478	2
ENSMMUG00000013504	0
ENSMMUG00000010241	9
ENSMMUG00000013506	46
ENSMMUG00000056199	0
ENSMMUG00000050259	0
ENSMMUG00000010240	0
ENSMMUG00000013507	6
ENSMMUG00000010480	0
ENSMMUG00000000649	4
ENSMMUG00000046222	75
ENSMMUG00000059120	0
ENSMMUG00000049995	0
ENSMMUG00000063592	0
ENSMMUG00000049565	0
ENSMMUG00000061689	0
ENSMMUG00000047008	4
ENSMMUG00000018585	0
ENSMMUG00000000644	24
ENSMMUG00000020772	23
ENSMMUG00000004100	0
ENSMMUG00000026875	0
ENSMMUG00000004109	0
ENSMMUG00000001908	31
ENSMMUG00000059396	0
ENSMMUG00000004113	0
ENSMMUG00000042455	0
ENSMMUG00000054201	0
ENSMMUG00000012465	0
ENSMMUG00000001024	1
ENSMMUG00000061900	0
ENSMMUG00000055311	0
ENSMMUG00000059676	0
ENSMMUG00000004116	0
ENSMMUG00000064500	0
ENSMMUG00000028002	0
ENSMMUG00000050499	0
ENSMMUG00000062335	0
ENSMMUG00000054753	0
ENSMMUG00000059469	0
ENSMMUG00000062268	3
ENSMMUG00000065181	0
ENSMMUG00000032213	0
ENSMMUG00000051039	0
ENSMMUG00000064105	0
ENSMMUG00000064439	0
ENSMMUG00000055835	5
ENSMMUG00000032214	21
ENSMMUG00000026143	0
ENSMMUG00000040742	0
ENSMMUG00000004682	12
ENSMMUG00000039194	0
ENSMMUG00000021426	39
ENSMMUG00000045223	0
ENSMMUG00000016874	3
ENSMMUG00000009452	1932
ENSMMUG00000061379	0
ENSMMUG00000012328	20
ENSMMUG00000061744	9
ENSMMUG00000057443	0
ENSMMUG00000003673	0
ENSMMUG00000035687	0
ENSMMUG00000014694	0
ENSMMUG00000000655	0
ENSMMUG00000001916	3
ENSMMUG00000056006	0
ENSMMUG00000061872	11
ENSMMUG00000059618	0
ENSMMUG00000000653	0
ENSMMUG00000021591	0
ENSMMUG00000025936	0
ENSMMUG00000007857	4
ENSMMUG00000007856	0
ENSMMUG00000055438	0
ENSMMUG00000032777	0
ENSMMUG00000007854	16
ENSMMUG00000002254	0
ENSMMUG00000054385	0
ENSMMUG00000004318	0
ENSMMUG00000004788	5
ENSMMUG00000057092	0
ENSMMUG00000050620	0
ENSMMUG00000063601	0
ENSMMUG00000064534	0
ENSMMUG00000022614	44
ENSMMUG00000001921	6
ENSMMUG00000001923	25
ENSMMUG00000001924	8
ENSMMUG00000053279	0
ENSMMUG00000001926	6
ENSMMUG00000001929	0
ENSMMUG00000055286	0
ENSMMUG00000064915	0
ENSMMUG00000061850	4
ENSMMUG00000056714	0
ENSMMUG00000032143	0
ENSMMUG00000018867	0
ENSMMUG00000019871	0
ENSMMUG00000019873	0
ENSMMUG00000056043	11
ENSMMUG00000059567	0
ENSMMUG00000055389	0
ENSMMUG00000004864	3
ENSMMUG00000002526	1
ENSMMUG00000004863	3
ENSMMUG00000056620	3
ENSMMUG00000063131	29
ENSMMUG00000020162	6
ENSMMUG00000045607	22
ENSMMUG00000002528	29
ENSMMUG00000044038	0
ENSMMUG00000054075	0
ENSMMUG00000058611	0
ENSMMUG00000014634	0
ENSMMUG00000056382	0
ENSMMUG00000055679	0
ENSMMUG00000002714	19
ENSMMUG00000023566	0
ENSMMUG00000023567	52
ENSMMUG00000034409	3
ENSMMUG00000023569	0
ENSMMUG00000051918	0
ENSMMUG00000023570	0
ENSMMUG00000023571	0
ENSMMUG00000023573	0
ENSMMUG00000023572	0
ENSMMUG00000011220	0
ENSMMUG00000032149	5
ENSMMUG00000011568	3
ENSMMUG00000061065	0
ENSMMUG00000063599	1
ENSMMUG00000015078	40
ENSMMUG00000054850	0
ENSMMUG00000016452	4
ENSMMUG00000015080	8
ENSMMUG00000019033	0
ENSMMUG00000015371	112
ENSMMUG00000056263	4
ENSMMUG00000020209	0
ENSMMUG00000045342	0
ENSMMUG00000004441	1
ENSMMUG00000042487	0
ENSMMUG00000052533	42
ENSMMUG00000014361	0
ENSMMUG00000053942	0
ENSMMUG00000014358	0
ENSMMUG00000012138	85
ENSMMUG00000012137	2
ENSMMUG00000009096	0
ENSMMUG00000009095	0
ENSMMUG00000001831	8
ENSMMUG00000009094	24
ENSMMUG00000057886	0
ENSMMUG00000016955	0
ENSMMUG00000016952	0
ENSMMUG00000040638	4
ENSMMUG00000001960	6
ENSMMUG00000016920	3
ENSMMUG00000049545	0
ENSMMUG00000021260	35
ENSMMUG00000059762	0
ENSMMUG00000017259	0
ENSMMUG00000023431	0
ENSMMUG00000027219	0
ENSMMUG00000021259	2
ENSMMUG00000035742	0
ENSMMUG00000020925	25
ENSMMUG00000049745	16
ENSMMUG00000010773	1
ENSMMUG00000006221	20
ENSMMUG00000015950	19
ENSMMUG00000061520	0
ENSMMUG00000020083	3
ENSMMUG00000050521	0
ENSMMUG00000020081	12
ENSMMUG00000020079	0
ENSMMUG00000020078	0
ENSMMUG00000065303	0
ENSMMUG00000020924	128
ENSMMUG00000060520	0
ENSMMUG00000060852	0
ENSMMUG00000013001	58
ENSMMUG00000045396	5
ENSMMUG00000016623	1
ENSMMUG00000051126	26
ENSMMUG00000012993	19
ENSMMUG00000013170	24
ENSMMUG00000053254	3
ENSMMUG00000040158	0
ENSMMUG00000053072	0
ENSMMUG00000065270	0
ENSMMUG00000046173	0
ENSMMUG00000013166	26
ENSMMUG00000027055	0
ENSMMUG00000035355	0
ENSMMUG00000052857	0
ENSMMUG00000005342	20
ENSMMUG00000049004	61
ENSMMUG00000005228	6
ENSMMUG00000028099	0
ENSMMUG00000040001	0
ENSMMUG00000006582	19
ENSMMUG00000006580	0
ENSMMUG00000050106	0
ENSMMUG00000015270	27
ENSMMUG00000049141	0
ENSMMUG00000026127	0
ENSMMUG00000026062	0
ENSMMUG00000044625	3
ENSMMUG00000054669	0
ENSMMUG00000021929	0
ENSMMUG00000007905	25
ENSMMUG00000007903	15
ENSMMUG00000018566	33
ENSMMUG00000007900	24
ENSMMUG00000045937	0
ENSMMUG00000013341	0
ENSMMUG00000007898	0
ENSMMUG00000007897	1
ENSMMUG00000027468	0
ENSMMUG00000018565	0
ENSMMUG00000064464	156
ENSMMUG00000007643	19
ENSMMUG00000023784	43
ENSMMUG00000064480	1
ENSMMUG00000007577	2
ENSMMUG00000056209	0
ENSMMUG00000024659	0
ENSMMUG00000011651	28
ENSMMUG00000065196	0
ENSMMUG00000065340	0
ENSMMUG00000011645	44
ENSMMUG00000051738	0
ENSMMUG00000057731	0
ENSMMUG00000051377	0
ENSMMUG00000012538	0
ENSMMUG00000008402	0
ENSMMUG00000028192	0
ENSMMUG00000005986	0
ENSMMUG00000056799	0
ENSMMUG00000004668	11
ENSMMUG00000039577	0
ENSMMUG00000059902	0
ENSMMUG00000061816	15
ENSMMUG00000056623	0
ENSMMUG00000020049	130
ENSMMUG00000010075	32
ENSMMUG00000010074	17
ENSMMUG00000010072	7
ENSMMUG00000010071	5
ENSMMUG00000010068	0
ENSMMUG00000054961	3
ENSMMUG00000010067	6
ENSMMUG00000023231	6
ENSMMUG00000023234	42
ENSMMUG00000023235	18
ENSMMUG00000041335	0
ENSMMUG00000037003	0
ENSMMUG00000059691	0
ENSMMUG00000020047	0
ENSMMUG00000020046	0
ENSMMUG00000063822	0
ENSMMUG00000000541	47
ENSMMUG00000038713	0
ENSMMUG00000022350	0
ENSMMUG00000058152	0
ENSMMUG00000062705	0
ENSMMUG00000064339	0
ENSMMUG00000000386	0
ENSMMUG00000056324	0
ENSMMUG00000050619	0
ENSMMUG00000024937	0
ENSMMUG00000002340	10
ENSMMUG00000010670	5
ENSMMUG00000010669	0
ENSMMUG00000059541	0
ENSMMUG00000010668	13
ENSMMUG00000012814	25
ENSMMUG00000061487	4
ENSMMUG00000053525	52
ENSMMUG00000059920	0
ENSMMUG00000063223	0
ENSMMUG00000008218	50
ENSMMUG00000006257	39
ENSMMUG00000006256	2
ENSMMUG00000053416	0
ENSMMUG00000046449	0
ENSMMUG00000002339	8
ENSMMUG00000007303	8
ENSMMUG00000061867	0
ENSMMUG00000024818	0
ENSMMUG00000010351	0
ENSMMUG00000016301	16
ENSMMUG00000054861	0
ENSMMUG00000033271	0
ENSMMUG00000006485	0
ENSMMUG00000064743	0
ENSMMUG00000060724	60
ENSMMUG00000064155	0
ENSMMUG00000021391	5
ENSMMUG00000052437	0
ENSMMUG00000049420	0
ENSMMUG00000003113	34
ENSMMUG00000060411	0
ENSMMUG00000047338	0
ENSMMUG00000052838	0
ENSMMUG00000024138	0
ENSMMUG00000010931	0
ENSMMUG00000045839	0
ENSMMUG00000049093	0
ENSMMUG00000057363	0
ENSMMUG00000056502	0
ENSMMUG00000055345	0
ENSMMUG00000026049	0
ENSMMUG00000023150	0
ENSMMUG00000054234	6
ENSMMUG00000013353	0
ENSMMUG00000050870	0
ENSMMUG00000000932	9
ENSMMUG00000022196	0
ENSMMUG00000034148	0
ENSMMUG00000003304	8
ENSMMUG00000031508	0
ENSMMUG00000000933	5
ENSMMUG00000050612	0
ENSMMUG00000057322	0
ENSMMUG00000064198	0
ENSMMUG00000063790	0
ENSMMUG00000051858	0
ENSMMUG00000016974	1
ENSMMUG00000002953	0
ENSMMUG00000061122	8
ENSMMUG00000054972	0
ENSMMUG00000055243	0
ENSMMUG00000022199	14
ENSMMUG00000055701	0
ENSMMUG00000003262	16
ENSMMUG00000001349	0
ENSMMUG00000016982	35
ENSMMUG00000056664	0
ENSMMUG00000035795	0
ENSMMUG00000011222	1
ENSMMUG00000016984	0
ENSMMUG00000000425	1
ENSMMUG00000018872	3
ENSMMUG00000005618	10
ENSMMUG00000003263	5
ENSMMUG00000063714	0
ENSMMUG00000049795	0
ENSMMUG00000048617	0
ENSMMUG00000005619	44
ENSMMUG00000039099	0
ENSMMUG00000059167	0
ENSMMUG00000014874	3
ENSMMUG00000008549	0
ENSMMUG00000059260	0
ENSMMUG00000064556	10
ENSMMUG00000014876	1
ENSMMUG00000013987	0
ENSMMUG00000005158	26
ENSMMUG00000059352	0
ENSMMUG00000050772	1
ENSMMUG00000061527	0
ENSMMUG00000051943	0
ENSMMUG00000057590	0
ENSMMUG00000044187	0
ENSMMUG00000022881	0
ENSMMUG00000009425	389
ENSMMUG00000022880	0
ENSMMUG00000046670	0
ENSMMUG00000025175	0
ENSMMUG00000062669	0
ENSMMUG00000056158	0
ENSMMUG00000014385	0
ENSMMUG00000001847	0
ENSMMUG00000016793	35
ENSMMUG00000037376	21
ENSMMUG00000055815	0
ENSMMUG00000054107	0
ENSMMUG00000017351	38
ENSMMUG00000001849	0
ENSMMUG00000023151	0
ENSMMUG00000048228	0
ENSMMUG00000025492	0
ENSMMUG00000017983	15
ENSMMUG00000061615	0
ENSMMUG00000060809	0
ENSMMUG00000012737	7
ENSMMUG00000019360	0
ENSMMUG00000017696	45
ENSMMUG00000017986	5
ENSMMUG00000055871	1
ENSMMUG00000049516	3
ENSMMUG00000052190	0
ENSMMUG00000007390	6
ENSMMUG00000049373	0
ENSMMUG00000043487	0
ENSMMUG00000059767	0
ENSMMUG00000063245	0
ENSMMUG00000033170	0
ENSMMUG00000012736	10
ENSMMUG00000060304	0
ENSMMUG00000053064	0
ENSMMUG00000050658	0
ENSMMUG00000055315	0
ENSMMUG00000053997	0
ENSMMUG00000003650	1
ENSMMUG00000017828	3
ENSMMUG00000062290	0
ENSMMUG00000058890	0
ENSMMUG00000062098	0
ENSMMUG00000061860	0
ENSMMUG00000057122	0
ENSMMUG00000022262	13
ENSMMUG00000004734	13
ENSMMUG00000009636	0
ENSMMUG00000023814	0
ENSMMUG00000007886	0
ENSMMUG00000054372	0
ENSMMUG00000019740	44
ENSMMUG00000013269	8
ENSMMUG00000060798	0
ENSMMUG00000025159	0
ENSMMUG00000064748	0
ENSMMUG00000012727	15
ENSMMUG00000021284	2
ENSMMUG00000042756	0
ENSMMUG00000000220	10
ENSMMUG00000046626	2
ENSMMUG00000019130	4
ENSMMUG00000024125	0
ENSMMUG00000061459	0
ENSMMUG00000051139	31
ENSMMUG00000003277	0
ENSMMUG00000017699	2
ENSMMUG00000050247	0
ENSMMUG00000013018	6
ENSMMUG00000005742	0
ENSMMUG00000061877	0
ENSMMUG00000017360	5
ENSMMUG00000017509	1
ENSMMUG00000056585	0
ENSMMUG00000012105	40
ENSMMUG00000023416	1
ENSMMUG00000055346	0
ENSMMUG00000024064	0
ENSMMUG00000016004	0
ENSMMUG00000050505	0
ENSMMUG00000059287	0
ENSMMUG00000021285	9
ENSMMUG00000060370	0
ENSMMUG00000044974	0
ENSMMUG00000015590	0
ENSMMUG00000001185	8
ENSMMUG00000017361	17
ENSMMUG00000018020	5
ENSMMUG00000048232	0
ENSMMUG00000041182	0
ENSMMUG00000021451	0
ENSMMUG00000013610	3
ENSMMUG00000035928	0
ENSMMUG00000033553	0
ENSMMUG00000042100	0
ENSMMUG00000054200	0
ENSMMUG00000012511	0
ENSMMUG00000016005	5
ENSMMUG00000017239	3
ENSMMUG00000062379	16
ENSMMUG00000049323	0
ENSMMUG00000010711	50
ENSMMUG00000012579	10
ENSMMUG00000032872	0
ENSMMUG00000012723	0
ENSMMUG00000037073	0
ENSMMUG00000021972	0
ENSMMUG00000033050	0
ENSMMUG00000058003	0
ENSMMUG00000007755	0
ENSMMUG00000012526	9
ENSMMUG00000040591	0
ENSMMUG00000012104	212
ENSMMUG00000012721	0
ENSMMUG00000063541	0
ENSMMUG00000017370	0
ENSMMUG00000063595	0
ENSMMUG00000017244	0
ENSMMUG00000012578	0
ENSMMUG00000017245	0
ENSMMUG00000049266	0
ENSMMUG00000043091	89
ENSMMUG00000050452	0
ENSMMUG00000001103	0
ENSMMUG00000060670	0
ENSMMUG00000056907	0
ENSMMUG00000058628	0
ENSMMUG00000017903	0
ENSMMUG00000038998	0
ENSMMUG00000063235	0
ENSMMUG00000048681	0
ENSMMUG00000001105	0
ENSMMUG00000050652	0
ENSMMUG00000013167	1
ENSMMUG00000002130	0
ENSMMUG00000041198	16
ENSMMUG00000017564	0
ENSMMUG00000001107	0
ENSMMUG00000014520	0
ENSMMUG00000057554	0
ENSMMUG00000040181	0
ENSMMUG00000057501	0
ENSMMUG00000031537	0
ENSMMUG00000057005	0
ENSMMUG00000003199	0
ENSMMUG00000020641	66
ENSMMUG00000018774	0
ENSMMUG00000017567	0
ENSMMUG00000053217	0
ENSMMUG00000052013	0
ENSMMUG00000001664	0
ENSMMUG00000007757	5
ENSMMUG00000013163	12
ENSMMUG00000052418	0
ENSMMUG00000063380	0
ENSMMUG00000056463	0
ENSMMUG00000048309	0
ENSMMUG00000060077	0
ENSMMUG00000018909	0
ENSMMUG00000051021	0
ENSMMUG00000057786	6
ENSMMUG00000061194	0
ENSMMUG00000043130	0
ENSMMUG00000054158	4
ENSMMUG00000047232	0
ENSMMUG00000042995	0
ENSMMUG00000061915	0
ENSMMUG00000018910	0
ENSMMUG00000037594	0
ENSMMUG00000052319	0
ENSMMUG00000007565	16
ENSMMUG00000010514	0
ENSMMUG00000007843	0
ENSMMUG00000018530	0
ENSMMUG00000006812	0
ENSMMUG00000063630	0
ENSMMUG00000051398	0
ENSMMUG00000063430	0
ENSMMUG00000059283	0
ENSMMUG00000014522	0
ENSMMUG00000003061	59
ENSMMUG00000027153	0
ENSMMUG00000052769	0
ENSMMUG00000006816	21
ENSMMUG00000054667	0
ENSMMUG00000062587	0
ENSMMUG00000057023	0
ENSMMUG00000064474	0
ENSMMUG00000020639	0
ENSMMUG00000007760	0
ENSMMUG00000010516	0
ENSMMUG00000051713	0
ENSMMUG00000022936	0
ENSMMUG00000064965	0
ENSMMUG00000021771	0
ENSMMUG00000022532	7
ENSMMUG00000015910	126
ENSMMUG00000061942	0
ENSMMUG00000019323	8
ENSMMUG00000023588	0
ENSMMUG00000022533	2
ENSMMUG00000051767	0
ENSMMUG00000024802	0
ENSMMUG00000058753	79
ENSMMUG00000014236	0
ENSMMUG00000012574	5
ENSMMUG00000001953	0
ENSMMUG00000021772	6
ENSMMUG00000014523	7
ENSMMUG00000027556	0
ENSMMUG00000047632	0
ENSMMUG00000023289	0
ENSMMUG00000011580	9
ENSMMUG00000064640	0
ENSMMUG00000023585	124
ENSMMUG00000001949	0
ENSMMUG00000009107	6
ENSMMUG00000022539	9
ENSMMUG00000064759	0
ENSMMUG00000001946	0
ENSMMUG00000063656	0
ENSMMUG00000008664	3
ENSMMUG00000019799	0
ENSMMUG00000062320	0
ENSMMUG00000010552	4
ENSMMUG00000001943	0
ENSMMUG00000050427	2
ENSMMUG00000061248	0
ENSMMUG00000047061	7
ENSMMUG00000052747	50
ENSMMUG00000014232	11
ENSMMUG00000019854	0
ENSMMUG00000006343	11
ENSMMUG00000023587	69
ENSMMUG00000019857	0
ENSMMUG00000057371	0
ENSMMUG00000023584	0
ENSMMUG00000056242	0
ENSMMUG00000054623	0
ENSMMUG00000061529	0
ENSMMUG00000010553	30
ENSMMUG00000056769	0
ENSMMUG00000016076	0
ENSMMUG00000057769	0
ENSMMUG00000008666	0
ENSMMUG00000054162	0
ENSMMUG00000004576	0
ENSMMUG00000020740	0
ENSMMUG00000014526	4
ENSMMUG00000062394	0
ENSMMUG00000000058	33
ENSMMUG00000051648	0
ENSMMUG00000006338	24
ENSMMUG00000061684	0
ENSMMUG00000056274	3
ENSMMUG00000026103	0
ENSMMUG00000049937	0
ENSMMUG00000055383	0
ENSMMUG00000060744	0
ENSMMUG00000053540	0
ENSMMUG00000034815	0
ENSMMUG00000031540	0
ENSMMUG00000054175	0
ENSMMUG00000031902	3
ENSMMUG00000025264	0
ENSMMUG00000058662	0
ENSMMUG00000052748	0
ENSMMUG00000014260	0
ENSMMUG00000055734	0
ENSMMUG00000054197	0
ENSMMUG00000051606	0
ENSMMUG00000031543	0
ENSMMUG00000014231	0
ENSMMUG00000055908	12
ENSMMUG00000015779	11
ENSMMUG00000053350	0
ENSMMUG00000000059	0
ENSMMUG00000042873	0
ENSMMUG00000010555	0
ENSMMUG00000001798	49
ENSMMUG00000021859	0
ENSMMUG00000052581	13
ENSMMUG00000043243	0
ENSMMUG00000014527	11
ENSMMUG00000053063	0
ENSMMUG00000060327	0
ENSMMUG00000014261	0
ENSMMUG00000053420	0
ENSMMUG00000021918	69
ENSMMUG00000049225	0
ENSMMUG00000057116	0
ENSMMUG00000065231	0
ENSMMUG00000016075	0
ENSMMUG00000048198	0
ENSMMUG00000062939	9
ENSMMUG00000061129	0
ENSMMUG00000032940	0
ENSMMUG00000001456	0
ENSMMUG00000027866	0
ENSMMUG00000050483	0
ENSMMUG00000045993	0
ENSMMUG00000050059	0
ENSMMUG00000013454	7
ENSMMUG00000054921	0
ENSMMUG00000055295	0
ENSMMUG00000020716	2
ENSMMUG00000009036	6
ENSMMUG00000054284	0
ENSMMUG00000063181	0
ENSMMUG00000060058	0
ENSMMUG00000018321	13
ENSMMUG00000059753	0
ENSMMUG00000057918	0
ENSMMUG00000003048	39
ENSMMUG00000011347	3
ENSMMUG00000052862	0
ENSMMUG00000059820	0
ENSMMUG00000021567	43
ENSMMUG00000057942	5
ENSMMUG00000043637	0
ENSMMUG00000046972	0
ENSMMUG00000021371	4
ENSMMUG00000060922	17
ENSMMUG00000053660	0
ENSMMUG00000003051	28
ENSMMUG00000060393	0
ENSMMUG00000022240	33
ENSMMUG00000035834	0
ENSMMUG00000031605	0
ENSMMUG00000036842	0
ENSMMUG00000043954	0
ENSMMUG00000062682	0
ENSMMUG00000022115	0
ENSMMUG00000013451	0
ENSMMUG00000018663	6
ENSMMUG00000058605	0
ENSMMUG00000050811	2
ENSMMUG00000060687	0
ENSMMUG00000051847	0
ENSMMUG00000048819	0
ENSMMUG00000008916	16
ENSMMUG00000004189	59
ENSMMUG00000016197	0
ENSMMUG00000056924	0
ENSMMUG00000063421	0
ENSMMUG00000060572	0
ENSMMUG00000006353	26
ENSMMUG00000015062	0
ENSMMUG00000057892	0
ENSMMUG00000049652	0
ENSMMUG00000025394	0
ENSMMUG00000016073	0
ENSMMUG00000000912	0
ENSMMUG00000037726	0
ENSMMUG00000021247	15
ENSMMUG00000040723	7
ENSMMUG00000021925	0
ENSMMUG00000006352	26
ENSMMUG00000051934	0
ENSMMUG00000054852	0
ENSMMUG00000008918	0
ENSMMUG00000004194	0
ENSMMUG00000018662	13
ENSMMUG00000016072	0
ENSMMUG00000019302	2
ENSMMUG00000027247	0
ENSMMUG00000013448	0
ENSMMUG00000046471	0
ENSMMUG00000033806	0
ENSMMUG00000021927	18
ENSMMUG00000008919	10
ENSMMUG00000024291	0
ENSMMUG00000007230	11
ENSMMUG00000058318	0
ENSMMUG00000000290	0
ENSMMUG00000024320	0
ENSMMUG00000016068	2
ENSMMUG00000006662	0
ENSMMUG00000059599	0
ENSMMUG00000051288	0
ENSMMUG00000015059	20
ENSMMUG00000018661	17
ENSMMUG00000056425	2
ENSMMUG00000041324	0
ENSMMUG00000035726	0
ENSMMUG00000012605	1
ENSMMUG00000000697	0
ENSMMUG00000043638	0
ENSMMUG00000008070	38
ENSMMUG00000055343	0
ENSMMUG00000015060	16
ENSMMUG00000003169	4
ENSMMUG00000021249	0
ENSMMUG00000017014	0
ENSMMUG00000055296	8
ENSMMUG00000050705	0
ENSMMUG00000055637	6
ENSMMUG00000060258	0
ENSMMUG00000025504	0
ENSMMUG00000050117	0
ENSMMUG00000055946	5
ENSMMUG00000054480	0
ENSMMUG00000046638	9
ENSMMUG00000013443	12
ENSMMUG00000035668	0
ENSMMUG00000011270	0
ENSMMUG00000054139	0
ENSMMUG00000055279	0
ENSMMUG00000024707	0
ENSMMUG00000017782	53
ENSMMUG00000021253	0
ENSMMUG00000021392	0
ENSMMUG00000054612	0
ENSMMUG00000002907	2
ENSMMUG00000040869	0
ENSMMUG00000055520	0
ENSMMUG00000042075	0
ENSMMUG00000014433	11
ENSMMUG00000050437	21
ENSMMUG00000062527	0
ENSMMUG00000017780	0
ENSMMUG00000000168	18
ENSMMUG00000021254	0
ENSMMUG00000021570	0
ENSMMUG00000021694	6
ENSMMUG00000000694	9
ENSMMUG00000060633	0
ENSMMUG00000058067	0
ENSMMUG00000042547	0
ENSMMUG00000052129	0
ENSMMUG00000063980	0
ENSMMUG00000037760	0
ENSMMUG00000058624	0
ENSMMUG00000054638	0
ENSMMUG00000014739	0
ENSMMUG00000026954	0
ENSMMUG00000012750	13
ENSMMUG00000057235	0
ENSMMUG00000014741	17
ENSMMUG00000056821	0
ENSMMUG00000051631	0
ENSMMUG00000052603	0
ENSMMUG00000060540	0
ENSMMUG00000000984	0
ENSMMUG00000022153	3
ENSMMUG00000004671	0
ENSMMUG00000000166	21
ENSMMUG00000014742	1
ENSMMUG00000012752	6
ENSMMUG00000000164	0
ENSMMUG00000059733	0
ENSMMUG00000019810	18
ENSMMUG00000056238	0
ENSMMUG00000060074	0
ENSMMUG00000000158	2
ENSMMUG00000065118	0
ENSMMUG00000062409	0
ENSMMUG00000010346	0
ENSMMUG00000011208	19
ENSMMUG00000000985	5
ENSMMUG00000053695	0
ENSMMUG00000045509	0
ENSMMUG00000064045	0
ENSMMUG00000055705	0
ENSMMUG00000000756	6
ENSMMUG00000051466	0
ENSMMUG00000006351	0
ENSMMUG00000028389	0
ENSMMUG00000011363	0
ENSMMUG00000042811	0
ENSMMUG00000063669	0
ENSMMUG00000033282	0
ENSMMUG00000057262	0
ENSMMUG00000057029	0
ENSMMUG00000053932	0
ENSMMUG00000035327	0
ENSMMUG00000048905	0
ENSMMUG00000053677	0
ENSMMUG00000000688	0
ENSMMUG00000055880	0
ENSMMUG00000056977	0
ENSMMUG00000064459	0
ENSMMUG00000019813	13
ENSMMUG00000000911	0
ENSMMUG00000052755	0
ENSMMUG00000037122	0
ENSMMUG00000021334	0
ENSMMUG00000055664	0
ENSMMUG00000037311	0
ENSMMUG00000050488	0
ENSMMUG00000045982	0
ENSMMUG00000013069	1
ENSMMUG00000065284	0
ENSMMUG00000058249	0
ENSMMUG00000058867	0
ENSMMUG00000024121	0
ENSMMUG00000060029	0
ENSMMUG00000054619	0
ENSMMUG00000058173	0
ENSMMUG00000010630	44
ENSMMUG00000059662	0
ENSMMUG00000062611	0
ENSMMUG00000027920	0
ENSMMUG00000063827	0
ENSMMUG00000051570	0
ENSMMUG00000064298	9
ENSMMUG00000024344	0
ENSMMUG00000061488	0
ENSMMUG00000057421	0
ENSMMUG00000001049	0
ENSMMUG00000058904	0
ENSMMUG00000016720	11
ENSMMUG00000019824	34
ENSMMUG00000064181	0
ENSMMUG00000055898	0
ENSMMUG00000013661	2
ENSMMUG00000060567	0
ENSMMUG00000009998	0
ENSMMUG00000059245	0
ENSMMUG00000063874	0
ENSMMUG00000050558	0
ENSMMUG00000019262	0
ENSMMUG00000061903	0
ENSMMUG00000063978	0
ENSMMUG00000049434	0
ENSMMUG00000061347	0
ENSMMUG00000054506	0
ENSMMUG00000052110	0
ENSMMUG00000056050	0
ENSMMUG00000034009	0
ENSMMUG00000051275	0
ENSMMUG00000055517	0
ENSMMUG00000062434	0
ENSMMUG00000016719	1
ENSMMUG00000001048	0
ENSMMUG00000062453	0
ENSMMUG00000051728	0
ENSMMUG00000009667	0
ENSMMUG00000001045	0
ENSMMUG00000016901	0
ENSMMUG00000063580	0
ENSMMUG00000005515	89
ENSMMUG00000022112	0
ENSMMUG00000036670	0
ENSMMUG00000059089	0
ENSMMUG00000013546	10
ENSMMUG00000013885	0
ENSMMUG00000021117	29
ENSMMUG00000051098	0
ENSMMUG00000052704	0
ENSMMUG00000002746	0
ENSMMUG00000052901	0
ENSMMUG00000050698	0
ENSMMUG00000061361	0
ENSMMUG00000054346	0
ENSMMUG00000025987	0
ENSMMUG00000000898	1
ENSMMUG00000011362	0
ENSMMUG00000050100	2
ENSMMUG00000050977	0
ENSMMUG00000060693	2
ENSMMUG00000053240	6
ENSMMUG00000057768	0
ENSMMUG00000024598	0
ENSMMUG00000055463	0
ENSMMUG00000013545	20
ENSMMUG00000000894	0
ENSMMUG00000045275	2
ENSMMUG00000034764	0
ENSMMUG00000043950	0
ENSMMUG00000013543	12
ENSMMUG00000024834	0
ENSMMUG00000006454	6
ENSMMUG00000065085	0
ENSMMUG00000019977	0
ENSMMUG00000007973	0
ENSMMUG00000014045	43
ENSMMUG00000019978	0
ENSMMUG00000040299	0
ENSMMUG00000008786	0
ENSMMUG00000013846	0
ENSMMUG00000053825	0
ENSMMUG00000050716	0
ENSMMUG00000047491	0
ENSMMUG00000014046	40
ENSMMUG00000059638	0
ENSMMUG00000019266	5
ENSMMUG00000006562	20
ENSMMUG00000019267	1
ENSMMUG00000013385	2
ENSMMUG00000008791	3
ENSMMUG00000019269	18
ENSMMUG00000002865	13
ENSMMUG00000006553	21
ENSMMUG00000056003	3
ENSMMUG00000011161	0
ENSMMUG00000055436	0
ENSMMUG00000053921	0
ENSMMUG00000061316	0
ENSMMUG00000051778	0
ENSMMUG00000062856	0
ENSMMUG00000006557	57
ENSMMUG00000056699	35
ENSMMUG00000058299	1
ENSMMUG00000060803	0
ENSMMUG00000064431	0
ENSMMUG00000006558	43
ENSMMUG00000061955	0
ENSMMUG00000050134	0
ENSMMUG00000064588	0
ENSMMUG00000001596	11
ENSMMUG00000008810	4
ENSMMUG00000052543	0
ENSMMUG00000047365	0
ENSMMUG00000065088	10
ENSMMUG00000048407	0
ENSMMUG00000018949	0
ENSMMUG00000043015	0
ENSMMUG00000043287	0
ENSMMUG00000049435	0
ENSMMUG00000018951	0
ENSMMUG00000065004	0
ENSMMUG00000033810	0
ENSMMUG00000057502	0
ENSMMUG00000001594	0
ENSMMUG00000031947	0
ENSMMUG00000019597	10
ENSMMUG00000011231	0
ENSMMUG00000018955	0
ENSMMUG00000001593	0
ENSMMUG00000008787	16
ENSMMUG00000018417	0
ENSMMUG00000024819	0
ENSMMUG00000024203	0
ENSMMUG00000057049	0
ENSMMUG00000018956	0
ENSMMUG00000001592	6
ENSMMUG00000053196	0
ENSMMUG00000062094	0
ENSMMUG00000053340	0
ENSMMUG00000055098	0
ENSMMUG00000061281	6
ENSMMUG00000052213	0
ENSMMUG00000024701	0
ENSMMUG00000000800	88
ENSMMUG00000050854	0
ENSMMUG00000065056	0
ENSMMUG00000063953	0
ENSMMUG00000002925	150
ENSMMUG00000051987	0
ENSMMUG00000021620	0
ENSMMUG00000033099	0
ENSMMUG00000063863	0
ENSMMUG00000056791	0
ENSMMUG00000059533	0
ENSMMUG00000000075	6
ENSMMUG00000014426	0
ENSMMUG00000051280	0
ENSMMUG00000001981	0
ENSMMUG00000003216	1
ENSMMUG00000059215	0
ENSMMUG00000010934	282
ENSMMUG00000040717	0
ENSMMUG00000050945	0
ENSMMUG00000042584	0
ENSMMUG00000025820	0
ENSMMUG00000058573	0
ENSMMUG00000005188	10
ENSMMUG00000001980	29
ENSMMUG00000002863	10
ENSMMUG00000064296	0
ENSMMUG00000002818	0
ENSMMUG00000001976	0
ENSMMUG00000026768	0
ENSMMUG00000002862	0
ENSMMUG00000005187	0
ENSMMUG00000055499	0
ENSMMUG00000000907	0
ENSMMUG00000023078	0
ENSMMUG00000062687	0
ENSMMUG00000033108	0
ENSMMUG00000002861	0
ENSMMUG00000007503	5
ENSMMUG00000000906	18
ENSMMUG00000007507	1
ENSMMUG00000004079	1
ENSMMUG00000000905	14
ENSMMUG00000053804	0
ENSMMUG00000000902	5
ENSMMUG00000062964	0
ENSMMUG00000020025	4
ENSMMUG00000002820	40
ENSMMUG00000007524	7
ENSMMUG00000004083	1
ENSMMUG00000056813	0
ENSMMUG00000053955	1
ENSMMUG00000063222	0
ENSMMUG00000007525	0
ENSMMUG00000007238	0
ENSMMUG00000020024	5
ENSMMUG00000057758	0
ENSMMUG00000058765	0
ENSMMUG00000037195	0
ENSMMUG00000051295	0
ENSMMUG00000049333	0
ENSMMUG00000054028	0
ENSMMUG00000016367	9
ENSMMUG00000010163	23
ENSMMUG00000007528	7
ENSMMUG00000049614	0
ENSMMUG00000058805	0
ENSMMUG00000012014	14
ENSMMUG00000016602	0
ENSMMUG00000009742	11
ENSMMUG00000059222	0
ENSMMUG00000020026	1
ENSMMUG00000007224	0
ENSMMUG00000011577	0
ENSMMUG00000060581	0
ENSMMUG00000012012	4
ENSMMUG00000009744	0
ENSMMUG00000039085	12
ENSMMUG00000009746	9
ENSMMUG00000059314	0
ENSMMUG00000002946	0
ENSMMUG00000056483	0
ENSMMUG00000002939	2
ENSMMUG00000003594	84
ENSMMUG00000002945	28
ENSMMUG00000012010	0
ENSMMUG00000002935	8
ENSMMUG00000007976	0
ENSMMUG00000012009	28
ENSMMUG00000059359	0
ENSMMUG00000052875	0
ENSMMUG00000032091	0
ENSMMUG00000058190	0
ENSMMUG00000060379	0
ENSMMUG00000021008	24
ENSMMUG00000059265	0
ENSMMUG00000046937	0
ENSMMUG00000054113	2
ENSMMUG00000035948	0
ENSMMUG00000064088	0
ENSMMUG00000003592	0
ENSMMUG00000054043	0
ENSMMUG00000021755	16
ENSMMUG00000057343	0
ENSMMUG00000008078	0
ENSMMUG00000003595	18
ENSMMUG00000008075	0
ENSMMUG00000055571	0
ENSMMUG00000032031	31
ENSMMUG00000025640	0
ENSMMUG00000039078	0
ENSMMUG00000000949	3
ENSMMUG00000059271	0
ENSMMUG00000065323	0
ENSMMUG00000062920	0
ENSMMUG00000043923	0
ENSMMUG00000053305	0
ENSMMUG00000024286	0
ENSMMUG00000014141	0
ENSMMUG00000050512	0
ENSMMUG00000049713	0
ENSMMUG00000055097	0
ENSMMUG00000057237	0
ENSMMUG00000033220	0
ENSMMUG00000053173	0
ENSMMUG00000004741	0
ENSMMUG00000019656	8
ENSMMUG00000015330	12
ENSMMUG00000004742	0
ENSMMUG00000045200	0
ENSMMUG00000052072	0
ENSMMUG00000052532	0
ENSMMUG00000041434	0
ENSMMUG00000051673	0
ENSMMUG00000031732	0
ENSMMUG00000056448	0
ENSMMUG00000049859	0
ENSMMUG00000049332	0
ENSMMUG00000020680	3
ENSMMUG00000062175	0
ENSMMUG00000046004	0
ENSMMUG00000009345	10
ENSMMUG00000043419	14
ENSMMUG00000020068	0
ENSMMUG00000005519	8
ENSMMUG00000051550	0
ENSMMUG00000065165	0
ENSMMUG00000049521	0
ENSMMUG00000059895	0
ENSMMUG00000022562	2
ENSMMUG00000005521	4
ENSMMUG00000052741	0
ENSMMUG00000026177	0
ENSMMUG00000036683	0
ENSMMUG00000018671	0
ENSMMUG00000024301	0
ENSMMUG00000037192	0
ENSMMUG00000036610	0
ENSMMUG00000001915	1
ENSMMUG00000057833	0
ENSMMUG00000055459	0
ENSMMUG00000064933	0
ENSMMUG00000060104	0
ENSMMUG00000036386	0
ENSMMUG00000003700	0
ENSMMUG00000026335	0
ENSMMUG00000000623	4
ENSMMUG00000003820	509
ENSMMUG00000009614	0
ENSMMUG00000000987	13
ENSMMUG00000005526	0
ENSMMUG00000016466	24
ENSMMUG00000054344	0
ENSMMUG00000059008	0
ENSMMUG00000015959	8
ENSMMUG00000017438	10
ENSMMUG00000027112	0
ENSMMUG00000063491	0
ENSMMUG00000062646	0
ENSMMUG00000034008	0
ENSMMUG00000056269	0
ENSMMUG00000021448	0
ENSMMUG00000055794	16
ENSMMUG00000050260	0
ENSMMUG00000057099	0
ENSMMUG00000017436	10
ENSMMUG00000050970	0
ENSMMUG00000063957	0
ENSMMUG00000000990	1
ENSMMUG00000051294	0
ENSMMUG00000014069	18
ENSMMUG00000026385	0
ENSMMUG00000003823	304
ENSMMUG00000000995	1
ENSMMUG00000050666	0
ENSMMUG00000065045	3
ENSMMUG00000000996	10
ENSMMUG00000033365	0
ENSMMUG00000005528	0
ENSMMUG00000057806	0
ENSMMUG00000009550	0
ENSMMUG00000061703	0
ENSMMUG00000009549	10
ENSMMUG00000016823	32
ENSMMUG00000006480	0
ENSMMUG00000055867	0
ENSMMUG00000057341	0
ENSMMUG00000032102	0
ENSMMUG00000058177	0
ENSMMUG00000064288	0
ENSMMUG00000062418	0
ENSMMUG00000054174	3
ENSMMUG00000026994	0
ENSMMUG00000061902	0
ENSMMUG00000056978	0
ENSMMUG00000049390	0
ENSMMUG00000005529	6
ENSMMUG00000064254	0
ENSMMUG00000051426	0
ENSMMUG00000004842	0
ENSMMUG00000050141	0
ENSMMUG00000056488	0
ENSMMUG00000005977	0
ENSMMUG00000060283	0
ENSMMUG00000025313	0
ENSMMUG00000038872	0
ENSMMUG00000053851	0
ENSMMUG00000058449	0
ENSMMUG00000001074	3
ENSMMUG00000031438	24
ENSMMUG00000004847	0
ENSMMUG00000017872	15
ENSMMUG00000009198	170
ENSMMUG00000037349	0
ENSMMUG00000053568	0
ENSMMUG00000041369	0
ENSMMUG00000056059	0
ENSMMUG00000059534	0
ENSMMUG00000047621	0
ENSMMUG00000026515	0
ENSMMUG00000020954	1
ENSMMUG00000052736	0
ENSMMUG00000050972	0
ENSMMUG00000018790	3
ENSMMUG00000038349	9
ENSMMUG00000000850	0
ENSMMUG00000018980	0
ENSMMUG00000057489	0
ENSMMUG00000018982	4
ENSMMUG00000013004	5
ENSMMUG00000052672	0
ENSMMUG00000025979	0
ENSMMUG00000036178	0
ENSMMUG00000060328	0
ENSMMUG00000062593	0
ENSMMUG00000055812	0
ENSMMUG00000059745	0
ENSMMUG00000018983	0
ENSMMUG00000018792	2
ENSMMUG00000016917	26
ENSMMUG00000050708	0
ENSMMUG00000026599	0
ENSMMUG00000035494	0
ENSMMUG00000035728	0
ENSMMUG00000013007	0
ENSMMUG00000054029	0
ENSMMUG00000054936	0
ENSMMUG00000015825	0
ENSMMUG00000001075	19
ENSMMUG00000064458	0
ENSMMUG00000052643	0
ENSMMUG00000051233	0
ENSMMUG00000045578	0
ENSMMUG00000010655	0
ENSMMUG00000031534	0
ENSMMUG00000035943	0
ENSMMUG00000021607	28
ENSMMUG00000014905	3
ENSMMUG00000023335	22
ENSMMUG00000015827	0
ENSMMUG00000027344	0
ENSMMUG00000003078	6
ENSMMUG00000031439	0
ENSMMUG00000023718	0
ENSMMUG00000057773	0
ENSMMUG00000049153	0
ENSMMUG00000023330	0
ENSMMUG00000019962	0
ENSMMUG00000003079	0
ENSMMUG00000037365	0
ENSMMUG00000049324	23
ENSMMUG00000054914	0
ENSMMUG00000039964	0
ENSMMUG00000051506	0
ENSMMUG00000065297	0
ENSMMUG00000062888	0
ENSMMUG00000050680	0
ENSMMUG00000063515	0
ENSMMUG00000057195	0
ENSMMUG00000053913	0
ENSMMUG00000054588	0
ENSMMUG00000057984	0
ENSMMUG00000062022	0
ENSMMUG00000035470	0
ENSMMUG00000003074	8
ENSMMUG00000048884	0
ENSMMUG00000012920	0
ENSMMUG00000056598	0
ENSMMUG00000007627	0
ENSMMUG00000046157	0
ENSMMUG00000002684	11
ENSMMUG00000012780	5
ENSMMUG00000020337	0
ENSMMUG00000009010	9
ENSMMUG00000057226	0
ENSMMUG00000057578	11
ENSMMUG00000012783	0
ENSMMUG00000058138	3
ENSMMUG00000050792	0
ENSMMUG00000020138	19
ENSMMUG00000057255	0
ENSMMUG00000050012	0
ENSMMUG00000055230	0
ENSMMUG00000059788	0
ENSMMUG00000003704	0
ENSMMUG00000050076	0
ENSMMUG00000048734	0
ENSMMUG00000020335	0
ENSMMUG00000058079	21
ENSMMUG00000035160	0
ENSMMUG00000001508	0
ENSMMUG00000020109	18
ENSMMUG00000001077	0
ENSMMUG00000050275	0
ENSMMUG00000050834	0
ENSMMUG00000052664	14
ENSMMUG00000017576	0
ENSMMUG00000045475	0
ENSMMUG00000061607	0
ENSMMUG00000060165	0
ENSMMUG00000022661	0
ENSMMUG00000059049	0
ENSMMUG00000004538	0
ENSMMUG00000050584	11
ENSMMUG00000020334	0
ENSMMUG00000003702	98
ENSMMUG00000062695	6
ENSMMUG00000019897	0
ENSMMUG00000010058	5
ENSMMUG00000062782	0
ENSMMUG00000034821	0
ENSMMUG00000059874	0
ENSMMUG00000057589	0
ENSMMUG00000006596	0
ENSMMUG00000033250	0
ENSMMUG00000020144	22
ENSMMUG00000058321	0
ENSMMUG00000001509	14
ENSMMUG00000043955	2
ENSMMUG00000008242	0
ENSMMUG00000026741	0
ENSMMUG00000010062	52
ENSMMUG00000025017	0
ENSMMUG00000056963	186
ENSMMUG00000053569	0
ENSMMUG00000001513	3
ENSMMUG00000021237	64
ENSMMUG00000000591	1
ENSMMUG00000039684	0
ENSMMUG00000064081	0
ENSMMUG00000020145	22
ENSMMUG00000045282	0
ENSMMUG00000064428	0
ENSMMUG00000023918	0
ENSMMUG00000051548	0
ENSMMUG00000033044	0
ENSMMUG00000005465	29
ENSMMUG00000049786	0
ENSMMUG00000021242	6
ENSMMUG00000021507	0
ENSMMUG00000000265	19
ENSMMUG00000059318	0
ENSMMUG00000043727	0
ENSMMUG00000001443	0
ENSMMUG00000047994	15
ENSMMUG00000054402	0
ENSMMUG00000009931	0
ENSMMUG00000014699	11
ENSMMUG00000033738	0
ENSMMUG00000024639	0
ENSMMUG00000057543	0
ENSMMUG00000061112	0
ENSMMUG00000058979	7
ENSMMUG00000053513	0
ENSMMUG00000016244	0
ENSMMUG00000012675	0
ENSMMUG00000050329	0
ENSMMUG00000052798	0
ENSMMUG00000027395	0
ENSMMUG00000061864	1
ENSMMUG00000058357	0
ENSMMUG00000020147	31
ENSMMUG00000057542	3
ENSMMUG00000016246	7
ENSMMUG00000056724	0
ENSMMUG00000041754	0
ENSMMUG00000019696	22
ENSMMUG00000017510	0
ENSMMUG00000060409	1
ENSMMUG00000000519	4
ENSMMUG00000020150	402
ENSMMUG00000034585	0
ENSMMUG00000057642	0
ENSMMUG00000023839	0
ENSMMUG00000065286	0
ENSMMUG00000052085	0
ENSMMUG00000058921	0
ENSMMUG00000057539	1
ENSMMUG00000022962	0
ENSMMUG00000041772	0
ENSMMUG00000050407	14
ENSMMUG00000057559	0
ENSMMUG00000058057	0
ENSMMUG00000021243	33
ENSMMUG00000022963	0
ENSMMUG00000008610	0
ENSMMUG00000043399	0
ENSMMUG00000021244	164
ENSMMUG00000001529	56
ENSMMUG00000022965	8
ENSMMUG00000024706	0
ENSMMUG00000026185	0
ENSMMUG00000003541	11
ENSMMUG00000064475	0
ENSMMUG00000051711	0
ENSMMUG00000059661	0
ENSMMUG00000047371	0
ENSMMUG00000062592	0
ENSMMUG00000051408	0
ENSMMUG00000021246	101
ENSMMUG00000008608	4
ENSMMUG00000009197	0
ENSMMUG00000032659	0
ENSMMUG00000014705	138
ENSMMUG00000017701	0
ENSMMUG00000055005	0
ENSMMUG00000031754	7
ENSMMUG00000028312	0
ENSMMUG00000047891	0
ENSMMUG00000032942	0
ENSMMUG00000063618	0
ENSMMUG00000058393	11
ENSMMUG00000013330	0
ENSMMUG00000063596	2
ENSMMUG00000044354	1
ENSMMUG00000031683	0
ENSMMUG00000063637	3
ENSMMUG00000055615	0
ENSMMUG00000006473	0
ENSMMUG00000014707	7
ENSMMUG00000009437	0
ENSMMUG00000024178	0
ENSMMUG00000031684	7
ENSMMUG00000064174	0
ENSMMUG00000015955	0
ENSMMUG00000009745	0
ENSMMUG00000039060	3
ENSMMUG00000014720	15
ENSMMUG00000056798	0
ENSMMUG00000054286	0
ENSMMUG00000001028	18
ENSMMUG00000050991	0
ENSMMUG00000014627	49
ENSMMUG00000040696	0
ENSMMUG00000001029	0
ENSMMUG00000014730	6
ENSMMUG00000000081	10
ENSMMUG00000025115	0
ENSMMUG00000060996	0
ENSMMUG00000049552	0
ENSMMUG00000015418	1
ENSMMUG00000018832	43
ENSMMUG00000001031	0
ENSMMUG00000001531	73
ENSMMUG00000039597	27
ENSMMUG00000052459	0
ENSMMUG00000064433	0
ENSMMUG00000063008	36
ENSMMUG00000060113	0
ENSMMUG00000019396	23
ENSMMUG00000055467	0
ENSMMUG00000035999	0
ENSMMUG00000037676	0
ENSMMUG00000038470	0
ENSMMUG00000015127	0
ENSMMUG00000058710	0
ENSMMUG00000001096	0
ENSMMUG00000064960	0
ENSMMUG00000055806	0
ENSMMUG00000052478	0
ENSMMUG00000006130	9
ENSMMUG00000013092	0
ENSMMUG00000022227	14
ENSMMUG00000005649	8
ENSMMUG00000005369	0
ENSMMUG00000011943	0
ENSMMUG00000017585	3
ENSMMUG00000005652	42
ENSMMUG00000026938	0
ENSMMUG00000028550	0
ENSMMUG00000062019	0
ENSMMUG00000031705	0
ENSMMUG00000063594	0
ENSMMUG00000058322	48
ENSMMUG00000051293	0
ENSMMUG00000026326	0
ENSMMUG00000058651	0
ENSMMUG00000054683	0
ENSMMUG00000060237	0
ENSMMUG00000055244	0
ENSMMUG00000064303	0
ENSMMUG00000024983	0
ENSMMUG00000004052	3
ENSMMUG00000005656	34
ENSMMUG00000038992	0
ENSMMUG00000059592	0
ENSMMUG00000051589	0
ENSMMUG00000018617	2
ENSMMUG00000033802	0
ENSMMUG00000005660	18
ENSMMUG00000018619	3
ENSMMUG00000049238	0
ENSMMUG00000002943	34
ENSMMUG00000002948	44
ENSMMUG00000004800	17
ENSMMUG00000055206	0
ENSMMUG00000063476	0
ENSMMUG00000013091	0
ENSMMUG00000040188	0
ENSMMUG00000052745	0
ENSMMUG00000014537	0
ENSMMUG00000053756	0
ENSMMUG00000010708	32
ENSMMUG00000002952	71
ENSMMUG00000014540	24
ENSMMUG00000057113	7
ENSMMUG00000053344	0
ENSMMUG00000055032	0
ENSMMUG00000010706	0
ENSMMUG00000060916	0
ENSMMUG00000002836	10
ENSMMUG00000014564	27
ENSMMUG00000051073	0
ENSMMUG00000002833	11
ENSMMUG00000046787	0
ENSMMUG00000062159	0
ENSMMUG00000019697	13
ENSMMUG00000053526	0
ENSMMUG00000012032	5
ENSMMUG00000014582	2
ENSMMUG00000009564	4
ENSMMUG00000014584	68
ENSMMUG00000031526	43
ENSMMUG00000057297	0
ENSMMUG00000014589	17
ENSMMUG00000000822	4
ENSMMUG00000009418	0
ENSMMUG00000031794	0
ENSMMUG00000020979	0
ENSMMUG00000020980	30
ENSMMUG00000059403	0
ENSMMUG00000056024	0
ENSMMUG00000037755	0
ENSMMUG00000006648	14
ENSMMUG00000016200	0
ENSMMUG00000063351	0
ENSMMUG00000016476	0
ENSMMUG00000007387	0
ENSMMUG00000061164	0
ENSMMUG00000052474	0
ENSMMUG00000050932	0
ENSMMUG00000062555	0
ENSMMUG00000062915	0
ENSMMUG00000064357	0
ENSMMUG00000059884	0
ENSMMUG00000064837	0
ENSMMUG00000037299	0
ENSMMUG00000063228	0
ENSMMUG00000042979	0
ENSMMUG00000060612	2
ENSMMUG00000016480	0
ENSMMUG00000054039	0
ENSMMUG00000028689	4613
ENSMMUG00000055530	0
ENSMMUG00000062338	0
ENSMMUG00000053154	0
ENSMMUG00000054412	0
ENSMMUG00000044412	0
ENSMMUG00000001302	0
ENSMMUG00000059293	0
ENSMMUG00000057602	0
ENSMMUG00000051863	0
ENSMMUG00000050950	0
ENSMMUG00000049226	0
ENSMMUG00000061950	0
ENSMMUG00000011134	13
ENSMMUG00000057190	0
ENSMMUG00000007866	0
ENSMMUG00000007865	0
ENSMMUG00000058308	0
ENSMMUG00000063188	0
ENSMMUG00000003353	9
ENSMMUG00000011050	0
ENSMMUG00000060960	0
ENSMMUG00000058887	0
ENSMMUG00000003742	0
ENSMMUG00000062681	0
ENSMMUG00000050150	0
ENSMMUG00000043135	0
ENSMMUG00000009693	11
ENSMMUG00000063812	0
ENSMMUG00000058672	7
ENSMMUG00000050287	0
ENSMMUG00000033106	0
ENSMMUG00000057439	0
ENSMMUG00000055165	0
ENSMMUG00000049790	0
ENSMMUG00000034769	5
ENSMMUG00000023045	0
ENSMMUG00000049541	7
ENSMMUG00000031811	14
ENSMMUG00000012151	1
ENSMMUG00000000706	62
ENSMMUG00000057486	7
ENSMMUG00000012963	14
ENSMMUG00000009765	9
ENSMMUG00000013847	0
ENSMMUG00000047476	46
ENSMMUG00000050069	0
ENSMMUG00000003494	9
ENSMMUG00000055556	0
ENSMMUG00000059875	0
ENSMMUG00000056170	0
ENSMMUG00000058668	0
ENSMMUG00000058903	0
ENSMMUG00000011090	2
ENSMMUG00000005452	4
ENSMMUG00000008616	3
ENSMMUG00000013372	0
ENSMMUG00000014038	28
ENSMMUG00000051379	0
ENSMMUG00000022925	0
ENSMMUG00000031780	14
ENSMMUG00000009764	0
ENSMMUG00000040979	0
ENSMMUG00000004921	29
ENSMMUG00000055179	0
ENSMMUG00000061567	0
ENSMMUG00000004683	43
ENSMMUG00000057299	0
ENSMMUG00000054672	196
ENSMMUG00000008620	18
ENSMMUG00000052238	0
ENSMMUG00000009760	0
ENSMMUG00000056150	0
ENSMMUG00000008865	4
ENSMMUG00000023553	2
ENSMMUG00000042245	0
ENSMMUG00000060485	0
ENSMMUG00000025093	0
ENSMMUG00000055638	0
ENSMMUG00000058373	27
ENSMMUG00000055931	0
ENSMMUG00000008628	38
ENSMMUG00000052369	0
ENSMMUG00000005938	0
ENSMMUG00000051953	0
ENSMMUG00000035660	0
ENSMMUG00000023981	0
ENSMMUG00000060799	0
ENSMMUG00000010337	26
ENSMMUG00000005939	0
ENSMMUG00000000387	3
ENSMMUG00000007927	0
ENSMMUG00000020116	0
ENSMMUG00000047393	0
ENSMMUG00000010342	5
ENSMMUG00000020734	13
ENSMMUG00000056280	38
ENSMMUG00000053615	0
ENSMMUG00000034385	0
ENSMMUG00000027277	0
ENSMMUG00000020117	1
ENSMMUG00000002242	0
ENSMMUG00000055990	0
ENSMMUG00000051641	4
ENSMMUG00000012405	8
ENSMMUG00000063303	0
ENSMMUG00000002100	12
ENSMMUG00000063881	0
ENSMMUG00000021874	4
ENSMMUG00000037362	0
ENSMMUG00000012406	12
ENSMMUG00000021875	2
ENSMMUG00000020119	32
ENSMMUG00000003927	0
ENSMMUG00000018341	0
ENSMMUG00000021879	0
ENSMMUG00000047305	0
ENSMMUG00000002775	0
ENSMMUG00000021884	0
ENSMMUG00000044500	0
ENSMMUG00000020120	7
ENSMMUG00000021889	0
ENSMMUG00000020121	5
ENSMMUG00000001120	0
ENSMMUG00000006994	5
ENSMMUG00000002779	0
ENSMMUG00000055561	3
ENSMMUG00000009694	1
ENSMMUG00000006996	7
ENSMMUG00000021893	0
ENSMMUG00000007006	0
ENSMMUG00000058204	0
ENSMMUG00000055455	0
ENSMMUG00000063475	0
ENSMMUG00000011235	0
ENSMMUG00000001127	5
ENSMMUG00000021899	0
ENSMMUG00000051153	0
ENSMMUG00000007013	5
ENSMMUG00000060094	0
ENSMMUG00000054916	0
ENSMMUG00000006315	9
ENSMMUG00000058872	0
ENSMMUG00000051478	0
ENSMMUG00000017055	0
ENSMMUG00000052143	1
ENSMMUG00000055736	0
ENSMMUG00000007191	0
ENSMMUG00000057236	0
ENSMMUG00000013952	0
ENSMMUG00000002841	3
ENSMMUG00000051846	0
ENSMMUG00000062595	0
ENSMMUG00000049299	0
ENSMMUG00000058675	0
ENSMMUG00000007019	0
ENSMMUG00000057917	11
ENSMMUG00000006432	19
ENSMMUG00000007022	0
ENSMMUG00000049932	0
ENSMMUG00000040085	5
ENSMMUG00000007195	13
ENSMMUG00000062050	5
ENSMMUG00000052759	0
ENSMMUG00000036825	0
ENSMMUG00000031993	9
ENSMMUG00000009536	24
ENSMMUG00000010499	0
ENSMMUG00000007324	2
ENSMMUG00000010498	4
ENSMMUG00000007450	66
ENSMMUG00000059288	17
ENSMMUG00000015672	48
ENSMMUG00000010495	34
ENSMMUG00000062447	0
ENSMMUG00000031896	2
ENSMMUG00000062803	0
ENSMMUG00000006229	6
ENSMMUG00000051802	0
ENSMMUG00000042616	0
ENSMMUG00000016968	21
ENSMMUG00000010276	1
ENSMMUG00000000583	0
ENSMMUG00000063800	0
ENSMMUG00000001339	41
ENSMMUG00000064614	8
ENSMMUG00000059740	0
ENSMMUG00000051975	0
ENSMMUG00000016970	0
ENSMMUG00000043629	0
ENSMMUG00000026026	0
ENSMMUG00000058828	0
ENSMMUG00000059185	0
ENSMMUG00000025453	0
ENSMMUG00000020341	0
ENSMMUG00000000366	1
ENSMMUG00000055551	0
ENSMMUG00000060111	0
ENSMMUG00000001340	22
ENSMMUG00000058165	0
ENSMMUG00000020342	22
ENSMMUG00000064419	0
ENSMMUG00000000051	7
ENSMMUG00000021205	0
ENSMMUG00000060829	0
ENSMMUG00000016495	0
ENSMMUG00000058575	0
ENSMMUG00000056657	0
ENSMMUG00000055099	0
ENSMMUG00000063843	0
ENSMMUG00000049762	0
ENSMMUG00000016497	23
ENSMMUG00000031190	0
ENSMMUG00000001342	38
ENSMMUG00000061324	0
ENSMMUG00000060542	0
ENSMMUG00000006993	0
ENSMMUG00000056020	0
ENSMMUG00000012832	0
ENSMMUG00000062243	0
ENSMMUG00000064160	12
ENSMMUG00000065043	0
ENSMMUG00000062150	0
ENSMMUG00000004273	2
ENSMMUG00000034958	5
ENSMMUG00000054317	0
ENSMMUG00000051864	0
ENSMMUG00000000184	13
ENSMMUG00000024905	0
ENSMMUG00000022848	0
ENSMMUG00000063860	0
ENSMMUG00000033186	0
ENSMMUG00000060568	0
ENSMMUG00000063941	0
ENSMMUG00000062582	3
ENSMMUG00000059435	0
ENSMMUG00000063183	0
ENSMMUG00000012046	0
ENSMMUG00000064435	0
ENSMMUG00000012487	10
ENSMMUG00000018836	79
ENSMMUG00000051699	0
ENSMMUG00000019030	25
ENSMMUG00000052384	0
ENSMMUG00000004956	7
ENSMMUG00000005370	0
ENSMMUG00000048439	35
ENSMMUG00000052096	0
ENSMMUG00000053443	0
ENSMMUG00000052271	0
ENSMMUG00000049870	2
ENSMMUG00000004958	0
ENSMMUG00000055858	0
ENSMMUG00000006623	25
ENSMMUG00000021592	0
ENSMMUG00000039981	0
ENSMMUG00000063514	0
ENSMMUG00000054477	0
ENSMMUG00000054204	0
ENSMMUG00000035710	0
ENSMMUG00000008355	0
ENSMMUG00000004961	10
ENSMMUG00000015979	0
ENSMMUG00000019009	14
ENSMMUG00000047184	0
ENSMMUG00000049535	0
ENSMMUG00000060155	0
ENSMMUG00000000972	25
ENSMMUG00000004963	0
ENSMMUG00000023776	19
ENSMMUG00000056177	0
ENSMMUG00000014825	0
ENSMMUG00000054173	0
ENSMMUG00000023510	2
ENSMMUG00000010033	0
ENSMMUG00000044059	0
ENSMMUG00000057306	0
ENSMMUG00000002114	3
ENSMMUG00000023081	14
ENSMMUG00000035895	0
ENSMMUG00000010031	52
ENSMMUG00000056487	0
ENSMMUG00000062851	0
ENSMMUG00000001369	3
ENSMMUG00000051108	0
ENSMMUG00000064182	0
ENSMMUG00000023963	0
ENSMMUG00000023775	27
ENSMMUG00000063879	0
ENSMMUG00000035633	0
ENSMMUG00000064565	0
ENSMMUG00000054838	0
ENSMMUG00000022673	0
ENSMMUG00000041045	0
ENSMMUG00000049320	0
ENSMMUG00000011361	0
ENSMMUG00000004404	10
ENSMMUG00000058812	0
ENSMMUG00000064840	0
ENSMMUG00000050994	0
ENSMMUG00000034830	0
ENSMMUG00000017659	186
ENSMMUG00000022674	58
ENSMMUG00000057723	0
ENSMMUG00000022694	13
ENSMMUG00000064893	0
ENSMMUG00000051184	0
ENSMMUG00000023084	0
ENSMMUG00000058588	1
ENSMMUG00000049551	0
ENSMMUG00000054756	0
ENSMMUG00000055972	0
ENSMMUG00000050874	0
ENSMMUG00000038924	46
ENSMMUG00000054962	0
ENSMMUG00000018445	0
ENSMMUG00000056116	0
ENSMMUG00000031449	0
ENSMMUG00000022693	0
ENSMMUG00000064126	0
ENSMMUG00000044156	0
ENSMMUG00000058488	0
ENSMMUG00000059508	0
ENSMMUG00000055585	7
ENSMMUG00000061617	0
ENSMMUG00000023125	43
ENSMMUG00000017310	0
ENSMMUG00000000056	7
ENSMMUG00000052546	10
ENSMMUG00000054827	0
ENSMMUG00000017282	2
ENSMMUG00000058695	14
ENSMMUG00000019100	6
ENSMMUG00000000055	0
ENSMMUG00000052768	0
ENSMMUG00000045063	0
ENSMMUG00000045268	4
ENSMMUG00000053434	0
ENSMMUG00000054597	0
ENSMMUG00000004035	3
ENSMMUG00000022692	0
ENSMMUG00000023124	0
ENSMMUG00000004034	0
ENSMMUG00000053301	0
ENSMMUG00000051896	0
ENSMMUG00000054814	0
ENSMMUG00000045798	0
ENSMMUG00000052342	0
ENSMMUG00000064030	0
ENSMMUG00000021637	2
ENSMMUG00000052108	0
ENSMMUG00000022690	120
ENSMMUG00000028427	0
ENSMMUG00000003773	21
ENSMMUG00000019327	0
ENSMMUG00000057449	0
ENSMMUG00000055671	7
ENSMMUG00000025352	0
ENSMMUG00000050126	10
ENSMMUG00000051521	10
ENSMMUG00000057275	0
ENSMMUG00000003774	0
ENSMMUG00000037809	0
ENSMMUG00000058936	0
ENSMMUG00000061769	0
ENSMMUG00000012033	10
ENSMMUG00000015877	7
ENSMMUG00000017291	1
ENSMMUG00000006340	2
ENSMMUG00000035191	0
ENSMMUG00000021288	8
ENSMMUG00000002259	32
ENSMMUG00000006342	0
ENSMMUG00000050531	0
ENSMMUG00000027102	0
ENSMMUG00000026920	0
ENSMMUG00000064545	0
ENSMMUG00000019324	0
ENSMMUG00000049445	0
ENSMMUG00000027403	0
ENSMMUG00000052727	0
ENSMMUG00000054145	0
ENSMMUG00000055096	0
ENSMMUG00000056071	0
ENSMMUG00000058559	0
ENSMMUG00000062011	0
ENSMMUG00000049913	0
ENSMMUG00000018083	20
ENSMMUG00000044822	8
ENSMMUG00000065101	0
ENSMMUG00000060127	0
ENSMMUG00000007825	3
ENSMMUG00000014780	0
ENSMMUG00000064882	0
ENSMMUG00000060958	1
ENSMMUG00000053280	0
ENSMMUG00000031409	12
ENSMMUG00000051404	0
ENSMMUG00000051022	0
ENSMMUG00000051809	0
ENSMMUG00000052172	0
ENSMMUG00000016584	0
ENSMMUG00000052579	0
ENSMMUG00000018446	31
ENSMMUG00000058701	0
ENSMMUG00000035915	1
ENSMMUG00000014798	95
ENSMMUG00000031560	0
ENSMMUG00000023820	0
ENSMMUG00000057337	0
ENSMMUG00000014790	13
ENSMMUG00000020762	4
ENSMMUG00000003540	28
ENSMMUG00000002327	13
ENSMMUG00000005156	6
ENSMMUG00000022519	12
ENSMMUG00000007371	15
ENSMMUG00000016585	13
ENSMMUG00000056687	0
ENSMMUG00000064687	0
ENSMMUG00000037478	0
ENSMMUG00000045393	0
ENSMMUG00000054570	0
ENSMMUG00000020761	2
ENSMMUG00000052246	0
ENSMMUG00000063060	0
ENSMMUG00000052350	0
ENSMMUG00000061240	0
ENSMMUG00000042215	0
ENSMMUG00000057573	0
ENSMMUG00000065064	0
ENSMMUG00000004933	1
ENSMMUG00000012609	0
ENSMMUG00000034975	0
ENSMMUG00000007367	0
ENSMMUG00000057401	0
ENSMMUG00000006661	37
ENSMMUG00000036319	0
ENSMMUG00000048125	0
ENSMMUG00000037957	0
ENSMMUG00000056442	0
ENSMMUG00000060461	0
ENSMMUG00000006658	7
ENSMMUG00000000067	55
ENSMMUG00000050449	0
ENSMMUG00000059124	26
ENSMMUG00000031489	0
ENSMMUG00000004280	15
ENSMMUG00000002827	0
ENSMMUG00000012002	20
ENSMMUG00000034669	0
ENSMMUG00000060018	0
ENSMMUG00000065285	0
ENSMMUG00000052831	0
ENSMMUG00000011029	0
ENSMMUG00000020377	0
ENSMMUG00000050595	0
ENSMMUG00000040631	2
ENSMMUG00000033582	0
ENSMMUG00000025300	9
ENSMMUG00000012005	0
ENSMMUG00000047816	0
ENSMMUG00000052155	0
ENSMMUG00000020294	6
ENSMMUG00000051676	0
ENSMMUG00000061374	0
ENSMMUG00000014898	0
ENSMMUG00000053519	0
ENSMMUG00000053601	0
ENSMMUG00000037702	0
ENSMMUG00000004353	0
ENSMMUG00000004352	0
ENSMMUG00000002021	1
ENSMMUG00000003644	13
ENSMMUG00000022203	29
ENSMMUG00000022204	7
ENSMMUG00000022205	7
ENSMMUG00000005137	18
ENSMMUG00000019657	4
ENSMMUG00000003646	11
ENSMMUG00000025754	0
ENSMMUG00000005300	35
ENSMMUG00000005142	22
ENSMMUG00000012485	0
ENSMMUG00000055184	0
ENSMMUG00000059947	0
ENSMMUG00000001154	0
ENSMMUG00000054642	0
ENSMMUG00000063197	0
ENSMMUG00000060956	0
ENSMMUG00000005596	9
ENSMMUG00000012263	0
ENSMMUG00000047685	43
ENSMMUG00000008236	6
ENSMMUG00000008234	17
ENSMMUG00000027061	0
ENSMMUG00000016971	8
ENSMMUG00000027031	0
ENSMMUG00000002889	21
ENSMMUG00000062010	0
ENSMMUG00000001714	0
ENSMMUG00000007780	21
ENSMMUG00000004203	0
ENSMMUG00000004201	0
ENSMMUG00000004197	0
ENSMMUG00000033692	0
ENSMMUG00000040565	11
ENSMMUG00000018494	0
ENSMMUG00000042652	0
ENSMMUG00000057383	0
ENSMMUG00000063738	0
ENSMMUG00000045514	0
ENSMMUG00000063279	0
ENSMMUG00000055180	0
ENSMMUG00000054731	0
ENSMMUG00000042444	2
ENSMMUG00000004195	17
ENSMMUG00000001814	6
ENSMMUG00000062692	0
ENSMMUG00000026365	0
ENSMMUG00000009699	0
ENSMMUG00000009571	0
ENSMMUG00000004192	7
ENSMMUG00000053020	6
ENSMMUG00000049350	0
ENSMMUG00000009703	0
ENSMMUG00000022507	0
ENSMMUG00000060249	0
ENSMMUG00000020013	0
ENSMMUG00000003721	46
ENSMMUG00000016959	1
ENSMMUG00000049548	0
ENSMMUG00000025827	0
ENSMMUG00000012488	72
ENSMMUG00000024216	0
ENSMMUG00000020014	6
ENSMMUG00000054318	0
ENSMMUG00000035353	0
ENSMMUG00000053944	0
ENSMMUG00000060756	0
ENSMMUG00000064384	0
ENSMMUG00000027785	0
ENSMMUG00000060348	0
ENSMMUG00000012661	20
ENSMMUG00000051810	1
ENSMMUG00000054982	0
ENSMMUG00000052582	0
ENSMMUG00000044765	0
ENSMMUG00000021241	0
ENSMMUG00000026804	0
ENSMMUG00000064686	0
ENSMMUG00000016842	0
ENSMMUG00000012847	9
ENSMMUG00000042383	0
ENSMMUG00000017307	41
ENSMMUG00000024730	0
ENSMMUG00000042181	0
ENSMMUG00000061311	20
ENSMMUG00000064329	0
ENSMMUG00000056933	1
ENSMMUG00000003943	27
ENSMMUG00000008360	0
ENSMMUG00000059653	0
ENSMMUG00000011613	0
ENSMMUG00000052136	4
ENSMMUG00000017125	23
ENSMMUG00000011106	0
ENSMMUG00000025043	7
ENSMMUG00000053461	0
ENSMMUG00000051708	0
ENSMMUG00000001169	7
ENSMMUG00000048732	0
ENSMMUG00000059967	0
ENSMMUG00000064581	0
ENSMMUG00000032005	7
ENSMMUG00000055011	0
ENSMMUG00000063958	0
ENSMMUG00000007808	35
ENSMMUG00000014184	0
ENSMMUG00000014516	11
ENSMMUG00000032009	0
ENSMMUG00000003851	11
ENSMMUG00000006115	0
ENSMMUG00000006116	10
ENSMMUG00000006117	23
ENSMMUG00000006120	3
ENSMMUG00000006114	24
ENSMMUG00000004539	10
ENSMMUG00000010628	4
ENSMMUG00000055626	0
ENSMMUG00000034849	0
ENSMMUG00000036576	0
ENSMMUG00000010350	7
ENSMMUG00000018280	3
ENSMMUG00000018281	0
ENSMMUG00000018282	0
ENSMMUG00000058971	0
ENSMMUG00000018285	26
ENSMMUG00000064579	0
ENSMMUG00000062777	0
ENSMMUG00000008301	0
ENSMMUG00000014818	13
ENSMMUG00000018289	10
ENSMMUG00000018290	7
ENSMMUG00000024425	0
ENSMMUG00000060946	0
ENSMMUG00000031981	0
ENSMMUG00000008966	2
ENSMMUG00000025650	0
ENSMMUG00000062073	0
ENSMMUG00000064330	14
ENSMMUG00000002232	2
ENSMMUG00000002230	0
ENSMMUG00000007702	0
ENSMMUG00000007696	0
ENSMMUG00000061169	0
ENSMMUG00000010034	8
ENSMMUG00000022573	8
ENSMMUG00000024238	0
ENSMMUG00000008969	0
ENSMMUG00000045652	27
ENSMMUG00000054242	0
ENSMMUG00000058894	0
ENSMMUG00000061657	0
ENSMMUG00000022572	25
ENSMMUG00000056789	0
ENSMMUG00000050982	0
ENSMMUG00000019932	13
ENSMMUG00000056830	0
ENSMMUG00000022569	106
ENSMMUG00000053054	0
ENSMMUG00000058550	0
ENSMMUG00000019933	5
ENSMMUG00000065159	3
ENSMMUG00000019936	3
ENSMMUG00000019938	5
ENSMMUG00000020547	0
ENSMMUG00000056594	23
ENSMMUG00000016381	104
ENSMMUG00000050704	9
ENSMMUG00000016379	39
ENSMMUG00000033513	0
ENSMMUG00000050182	0
ENSMMUG00000050157	0
ENSMMUG00000016378	0
ENSMMUG00000005916	0
ENSMMUG00000016377	2
ENSMMUG00000047586	0
ENSMMUG00000056258	0
ENSMMUG00000056997	0
ENSMMUG00000063688	0
ENSMMUG00000005917	0
ENSMMUG00000056308	0
ENSMMUG00000021804	7
ENSMMUG00000021806	2
ENSMMUG00000058995	0
ENSMMUG00000052503	0
ENSMMUG00000054554	0
ENSMMUG00000036467	0
ENSMMUG00000059724	0
ENSMMUG00000050580	0
ENSMMUG00000053157	0
ENSMMUG00000063569	0
ENSMMUG00000055608	0
ENSMMUG00000057366	0
ENSMMUG00000051986	0
ENSMMUG00000065132	0
ENSMMUG00000055522	0
ENSMMUG00000056405	0
ENSMMUG00000041421	0
ENSMMUG00000034271	0
ENSMMUG00000058164	0
ENSMMUG00000059946	0
ENSMMUG00000053390	7
ENSMMUG00000045266	0
ENSMMUG00000056566	0
ENSMMUG00000056562	0
ENSMMUG00000059133	28
ENSMMUG00000049655	0
ENSMMUG00000052390	0
ENSMMUG00000050713	0
ENSMMUG00000060898	0
ENSMMUG00000052258	0
ENSMMUG00000050968	0
ENSMMUG00000052799	0
ENSMMUG00000053343	0
ENSMMUG00000051777	0
ENSMMUG00000063327	0
ENSMMUG00000049936	25
ENSMMUG00000049598	0
ENSMMUG00000023099	12
ENSMMUG00000063385	0
ENSMMUG00000058551	0
ENSMMUG00000064977	0
ENSMMUG00000055079	11
ENSMMUG00000003833	0
ENSMMUG00000061562	0
ENSMMUG00000050153	0
ENSMMUG00000003282	1
ENSMMUG00000043952	0
ENSMMUG00000053607	0
ENSMMUG00000021147	0
ENSMMUG00000003831	0
ENSMMUG00000044585	13
ENSMMUG00000059536	0
ENSMMUG00000000827	11
ENSMMUG00000059263	0
ENSMMUG00000003285	0
ENSMMUG00000042918	0
ENSMMUG00000064178	0
ENSMMUG00000003830	0
ENSMMUG00000050600	0
ENSMMUG00000003286	3
ENSMMUG00000052794	22
ENSMMUG00000057622	0
ENSMMUG00000014185	0
ENSMMUG00000058448	0
ENSMMUG00000054928	0
ENSMMUG00000016949	0
ENSMMUG00000012624	28
ENSMMUG00000059748	0
ENSMMUG00000025709	0
ENSMMUG00000003827	0
ENSMMUG00000000828	5
ENSMMUG00000005016	0
ENSMMUG00000002614	0
ENSMMUG00000034006	0
ENSMMUG00000014781	0
ENSMMUG00000000829	35
ENSMMUG00000027025	0
ENSMMUG00000000790	40
ENSMMUG00000017670	0
ENSMMUG00000016919	25
ENSMMUG00000017788	4
ENSMMUG00000003319	0
ENSMMUG00000030380	17
ENSMMUG00000064472	0
ENSMMUG00000044429	0
ENSMMUG00000050465	0
ENSMMUG00000021162	0
ENSMMUG00000003363	9
ENSMMUG00000054925	16
ENSMMUG00000003373	0
ENSMMUG00000056032	0
ENSMMUG00000050565	0
ENSMMUG00000053542	0
ENSMMUG00000056216	0
ENSMMUG00000000789	0
ENSMMUG00000065169	0
ENSMMUG00000016754	0
ENSMMUG00000014173	5
ENSMMUG00000056667	0
ENSMMUG00000050528	0
ENSMMUG00000052832	0
ENSMMUG00000002418	0
ENSMMUG00000058295	0
ENSMMUG00000055278	0
ENSMMUG00000007968	0
ENSMMUG00000004471	0
ENSMMUG00000019963	2
ENSMMUG00000060244	0
ENSMMUG00000041612	0
ENSMMUG00000060972	0
ENSMMUG00000004898	11
ENSMMUG00000056467	0
ENSMMUG00000017977	0
ENSMMUG00000052194	0
ENSMMUG00000002419	0
ENSMMUG00000062219	0
ENSMMUG00000002755	2
ENSMMUG00000016368	19
ENSMMUG00000016747	0
ENSMMUG00000004432	0
ENSMMUG00000051996	0
ENSMMUG00000038104	0
ENSMMUG00000061930	0
ENSMMUG00000053917	0
ENSMMUG00000005569	0
ENSMMUG00000004433	0
ENSMMUG00000055695	0
ENSMMUG00000065298	0
ENSMMUG00000055625	0
ENSMMUG00000055427	0
ENSMMUG00000051406	0
ENSMMUG00000058194	0
ENSMMUG00000018536	0
ENSMMUG00000036302	0
ENSMMUG00000039442	0
ENSMMUG00000015087	27
ENSMMUG00000023241	0
ENSMMUG00000001844	6
ENSMMUG00000016366	1
ENSMMUG00000004437	21
ENSMMUG00000016362	0
ENSMMUG00000002756	4
ENSMMUG00000034790	0
ENSMMUG00000064445	0
ENSMMUG00000063836	0
ENSMMUG00000021161	0
ENSMMUG00000016029	0
ENSMMUG00000058229	0
ENSMMUG00000055013	0
ENSMMUG00000051965	0
ENSMMUG00000012053	2
ENSMMUG00000041217	31
ENSMMUG00000009637	13
ENSMMUG00000016360	0
ENSMMUG00000045833	0
ENSMMUG00000017221	29
ENSMMUG00000002612	1
ENSMMUG00000012123	0
ENSMMUG00000030337	27
ENSMMUG00000041333	0
ENSMMUG00000017222	9
ENSMMUG00000016358	0
ENSMMUG00000015353	4
ENSMMUG00000004785	1
ENSMMUG00000061813	0
ENSMMUG00000057764	11
ENSMMUG00000036724	0
ENSMMUG00000009194	20
ENSMMUG00000017223	43
ENSMMUG00000009925	0
ENSMMUG00000032300	4
ENSMMUG00000063426	0
ENSMMUG00000015507	0
ENSMMUG00000050616	0
ENSMMUG00000033169	0
ENSMMUG00000055132	0
ENSMMUG00000055797	0
ENSMMUG00000063912	0
ENSMMUG00000020856	17
ENSMMUG00000015350	0
ENSMMUG00000065084	0
ENSMMUG00000064578	0
ENSMMUG00000062929	0
ENSMMUG00000052018	0
ENSMMUG00000058609	0
ENSMMUG00000018384	0
ENSMMUG00000008323	72
ENSMMUG00000060440	0
ENSMMUG00000005382	0
ENSMMUG00000039875	0
ENSMMUG00000023427	10
ENSMMUG00000060556	0
ENSMMUG00000061388	0
ENSMMUG00000054895	0
ENSMMUG00000030280	0
ENSMMUG00000005380	0
ENSMMUG00000008357	28
ENSMMUG00000012175	0
ENSMMUG00000018943	0
ENSMMUG00000023244	0
ENSMMUG00000055935	0
ENSMMUG00000026721	0
ENSMMUG00000038497	4
ENSMMUG00000057528	0
ENSMMUG00000037419	0
ENSMMUG00000028282	0
ENSMMUG00000018939	2
ENSMMUG00000005447	0
ENSMMUG00000055469	0
ENSMMUG00000000380	2
ENSMMUG00000050323	0
ENSMMUG00000057637	5
ENSMMUG00000052845	8
ENSMMUG00000051731	0
ENSMMUG00000055432	0
ENSMMUG00000065024	0
ENSMMUG00000063504	0
ENSMMUG00000008579	3
ENSMMUG00000051316	0
ENSMMUG00000008363	6
ENSMMUG00000045222	0
ENSMMUG00000032303	4
ENSMMUG00000005522	0
ENSMMUG00000012176	0
ENSMMUG00000057700	0
ENSMMUG00000023914	0
ENSMMUG00000058967	0
ENSMMUG00000039297	0
ENSMMUG00000022018	0
ENSMMUG00000024793	0
ENSMMUG00000063856	0
ENSMMUG00000040335	0
ENSMMUG00000064450	20
ENSMMUG00000043692	0
ENSMMUG00000022019	0
ENSMMUG00000006271	0
ENSMMUG00000051109	0
ENSMMUG00000011191	57
ENSMMUG00000062629	0
ENSMMUG00000024539	0
ENSMMUG00000004465	7
ENSMMUG00000053730	0
ENSMMUG00000003986	2
ENSMMUG00000064707	2
ENSMMUG00000028422	0
ENSMMUG00000001919	1
ENSMMUG00000052280	0
ENSMMUG00000055386	0
ENSMMUG00000052716	0
ENSMMUG00000013816	0
ENSMMUG00000013342	0
ENSMMUG00000058714	0
ENSMMUG00000049969	0
ENSMMUG00000019945	8
ENSMMUG00000050388	0
ENSMMUG00000012177	65
ENSMMUG00000022900	0
ENSMMUG00000050249	0
ENSMMUG00000013340	2
ENSMMUG00000037069	0
ENSMMUG00000062288	0
ENSMMUG00000061962	0
ENSMMUG00000053321	0
ENSMMUG00000022901	0
ENSMMUG00000003659	0
ENSMMUG00000022311	0
ENSMMUG00000019948	16
ENSMMUG00000063624	1
ENSMMUG00000001752	0
ENSMMUG00000064692	55
ENSMMUG00000022312	0
ENSMMUG00000026084	0
ENSMMUG00000037304	0
ENSMMUG00000009324	0
ENSMMUG00000004977	10
ENSMMUG00000039163	0
ENSMMUG00000001918	10
ENSMMUG00000051707	0
ENSMMUG00000056982	0
ENSMMUG00000023945	0
ENSMMUG00000004979	0
ENSMMUG00000010113	9
ENSMMUG00000058400	0
ENSMMUG00000008514	5
ENSMMUG00000042506	0
ENSMMUG00000061061	0
ENSMMUG00000056393	0
ENSMMUG00000046942	6
ENSMMUG00000025835	0
ENSMMUG00000057204	0
ENSMMUG00000059885	0
ENSMMUG00000012669	7
ENSMMUG00000010967	0
ENSMMUG00000018272	0
ENSMMUG00000008510	14
ENSMMUG00000027318	0
ENSMMUG00000014953	1
ENSMMUG00000046843	0
ENSMMUG00000058607	0
ENSMMUG00000060342	0
ENSMMUG00000009816	14
ENSMMUG00000008501	29
ENSMMUG00000054500	0
ENSMMUG00000060048	0
ENSMMUG00000059659	0
ENSMMUG00000041315	0
ENSMMUG00000049766	0
ENSMMUG00000038114	0
ENSMMUG00000014955	0
ENSMMUG00000050213	0
ENSMMUG00000054060	0
ENSMMUG00000061006	0
ENSMMUG00000009944	10
ENSMMUG00000049285	0
ENSMMUG00000008834	0
ENSMMUG00000060907	0
ENSMMUG00000022003	10
ENSMMUG00000027579	0
ENSMMUG00000001081	0
ENSMMUG00000064832	0
ENSMMUG00000059785	0
ENSMMUG00000003234	0
ENSMMUG00000063315	0
ENSMMUG00000008553	6
ENSMMUG00000020317	0
ENSMMUG00000032304	0
ENSMMUG00000061064	0
ENSMMUG00000057844	0
ENSMMUG00000063123	0
ENSMMUG00000043198	0
ENSMMUG00000060414	5
ENSMMUG00000056077	0
ENSMMUG00000042411	0
ENSMMUG00000009652	0
ENSMMUG00000027898	0
ENSMMUG00000034715	0
ENSMMUG00000036184	0
ENSMMUG00000050049	0
ENSMMUG00000062670	0
ENSMMUG00000001156	0
ENSMMUG00000061992	0
ENSMMUG00000022099	0
ENSMMUG00000015472	95
ENSMMUG00000013851	0
ENSMMUG00000052117	0
ENSMMUG00000003025	0
ENSMMUG00000052743	0
ENSMMUG00000009817	6
ENSMMUG00000019386	0
ENSMMUG00000055448	0
ENSMMUG00000061054	0
ENSMMUG00000051499	0
ENSMMUG00000002465	0
ENSMMUG00000059119	0
ENSMMUG00000015473	0
ENSMMUG00000048558	33
ENSMMUG00000054206	0
ENSMMUG00000047859	0
ENSMMUG00000001485	0
ENSMMUG00000062850	0
ENSMMUG00000017395	48
ENSMMUG00000006708	0
ENSMMUG00000032306	0
ENSMMUG00000058171	0
ENSMMUG00000039866	0
ENSMMUG00000051665	0
ENSMMUG00000006031	0
ENSMMUG00000037164	0
ENSMMUG00000040327	0
ENSMMUG00000048621	3
ENSMMUG00000038501	0
ENSMMUG00000062248	0
ENSMMUG00000001892	12
ENSMMUG00000051502	0
ENSMMUG00000040759	0
ENSMMUG00000055862	0
ENSMMUG00000006029	0
ENSMMUG00000054618	0
ENSMMUG00000055548	0
ENSMMUG00000003518	2
ENSMMUG00000015777	19
ENSMMUG00000007948	7
ENSMMUG00000022269	0
ENSMMUG00000058537	0
ENSMMUG00000039753	0
ENSMMUG00000053790	0
ENSMMUG00000020324	5
ENSMMUG00000048868	0
ENSMMUG00000062489	0
ENSMMUG00000024882	0
ENSMMUG00000048823	0
ENSMMUG00000036979	0
ENSMMUG00000063732	0
ENSMMUG00000060423	0
ENSMMUG00000008547	4
ENSMMUG00000004849	0
ENSMMUG00000013158	30
ENSMMUG00000047324	0
ENSMMUG00000060484	16
ENSMMUG00000004667	0
ENSMMUG00000003519	10
ENSMMUG00000011325	15
ENSMMUG00000004448	0
ENSMMUG00000035242	0
ENSMMUG00000052348	0
ENSMMUG00000062115	0
ENSMMUG00000062057	1
ENSMMUG00000033227	0
ENSMMUG00000065133	0
ENSMMUG00000049988	0
ENSMMUG00000062744	0
ENSMMUG00000054879	0
ENSMMUG00000030261	0
ENSMMUG00000021074	12
ENSMMUG00000027360	0
ENSMMUG00000004183	0
ENSMMUG00000053504	0
ENSMMUG00000050588	1
ENSMMUG00000049170	0
ENSMMUG00000056575	0
ENSMMUG00000003520	1
ENSMMUG00000055659	0
ENSMMUG00000042619	0
ENSMMUG00000007966	12
ENSMMUG00000036519	0
ENSMMUG00000000337	0
ENSMMUG00000056682	0
ENSMMUG00000014773	0
ENSMMUG00000004647	0
ENSMMUG00000019859	0
ENSMMUG00000024436	0
ENSMMUG00000047053	0
ENSMMUG00000002366	0
ENSMMUG00000048393	0
ENSMMUG00000053709	0
ENSMMUG00000063326	0
ENSMMUG00000055876	0
ENSMMUG00000010347	0
ENSMMUG00000055347	0
ENSMMUG00000011323	3
ENSMMUG00000049525	0
ENSMMUG00000000359	0
ENSMMUG00000014335	19
ENSMMUG00000002367	0
ENSMMUG00000042925	0
ENSMMUG00000004983	6
ENSMMUG00000060592	0
ENSMMUG00000012355	0
ENSMMUG00000060519	0
ENSMMUG00000022242	0
ENSMMUG00000032010	2
ENSMMUG00000009819	0
ENSMMUG00000009067	0
ENSMMUG00000015407	537
ENSMMUG00000022244	0
ENSMMUG00000051357	8
ENSMMUG00000004984	15
ENSMMUG00000056021	0
ENSMMUG00000051168	0
ENSMMUG00000004644	0
ENSMMUG00000003333	24
ENSMMUG00000008379	209
ENSMMUG00000022246	28
ENSMMUG00000055707	0
ENSMMUG00000061733	0
ENSMMUG00000054193	0
ENSMMUG00000011103	0
ENSMMUG00000062120	0
ENSMMUG00000002667	0
ENSMMUG00000021988	0
ENSMMUG00000062999	0
ENSMMUG00000007366	0
ENSMMUG00000002265	9
ENSMMUG00000033148	0
ENSMMUG00000014501	0
ENSMMUG00000017768	0
ENSMMUG00000011639	10
ENSMMUG00000063266	0
ENSMMUG00000060760	0
ENSMMUG00000008383	44
ENSMMUG00000036099	0
ENSMMUG00000060914	0
ENSMMUG00000041520	1
ENSMMUG00000050567	0
ENSMMUG00000027387	0
ENSMMUG00000030046	9
ENSMMUG00000049867	0
ENSMMUG00000052171	0
ENSMMUG00000056497	0
ENSMMUG00000006702	0
ENSMMUG00000062221	0
ENSMMUG00000055791	9
ENSMMUG00000008385	72
ENSMMUG00000041326	0
ENSMMUG00000059836	0
ENSMMUG00000049814	0
ENSMMUG00000022218	13
ENSMMUG00000015733	2
ENSMMUG00000049161	0
ENSMMUG00000025079	0
ENSMMUG00000051902	0
ENSMMUG00000024316	0
ENSMMUG00000016660	0
ENSMMUG00000004196	0
ENSMMUG00000025882	0
ENSMMUG00000025863	0
ENSMMUG00000052069	0
ENSMMUG00000044078	0
ENSMMUG00000060842	0
ENSMMUG00000053146	0
ENSMMUG00000061782	0
ENSMMUG00000003488	0
ENSMMUG00000054799	0
ENSMMUG00000064721	0
ENSMMUG00000063857	20
ENSMMUG00000048996	0
ENSMMUG00000052287	0
ENSMMUG00000062569	0
ENSMMUG00000044628	0
ENSMMUG00000059315	0
ENSMMUG00000030358	2
ENSMMUG00000047526	0
ENSMMUG00000036673	0
ENSMMUG00000040680	0
ENSMMUG00000053909	0
ENSMMUG00000036851	0
ENSMMUG00000062082	0
ENSMMUG00000018184	2
ENSMMUG00000061067	0
ENSMMUG00000040113	1
ENSMMUG00000012036	8
ENSMMUG00000047563	0
ENSMMUG00000010581	6
ENSMMUG00000053608	0
ENSMMUG00000024348	0
ENSMMUG00000059030	0
ENSMMUG00000030357	0
ENSMMUG00000006309	0
ENSMMUG00000012561	0
ENSMMUG00000008392	30
ENSMMUG00000021359	0
ENSMMUG00000059742	2
ENSMMUG00000035422	0
ENSMMUG00000052675	0
ENSMMUG00000043479	0
ENSMMUG00000051608	0
ENSMMUG00000064186	0
ENSMMUG00000056627	0
ENSMMUG00000013502	0
ENSMMUG00000012563	5
ENSMMUG00000060488	0
ENSMMUG00000048263	0
ENSMMUG00000060919	0
ENSMMUG00000027981	0
ENSMMUG00000055205	0
ENSMMUG00000062408	0
ENSMMUG00000050730	0
ENSMMUG00000053881	0
ENSMMUG00000057349	0
ENSMMUG00000046720	0
ENSMMUG00000064386	0
ENSMMUG00000056921	16
ENSMMUG00000026795	0
ENSMMUG00000059490	0
ENSMMUG00000064107	0
ENSMMUG00000020692	0
ENSMMUG00000061581	0
ENSMMUG00000030042	4
ENSMMUG00000022417	0
ENSMMUG00000017401	0
ENSMMUG00000001841	41
ENSMMUG00000049759	0
ENSMMUG00000009033	0
ENSMMUG00000011702	0
ENSMMUG00000062510	0
ENSMMUG00000055818	0
ENSMMUG00000064731	0
ENSMMUG00000063972	0
ENSMMUG00000061998	0
ENSMMUG00000021999	3
ENSMMUG00000017393	8
ENSMMUG00000026747	0
ENSMMUG00000056317	0
ENSMMUG00000052063	0
ENSMMUG00000011066	2
ENSMMUG00000021998	2
ENSMMUG00000053665	0
ENSMMUG00000056543	0
ENSMMUG00000025266	0
ENSMMUG00000060639	0
ENSMMUG00000037700	0
ENSMMUG00000054013	0
ENSMMUG00000051329	0
ENSMMUG00000051461	0
ENSMMUG00000051830	0
ENSMMUG00000055932	0
ENSMMUG00000056698	0
ENSMMUG00000062329	0
ENSMMUG00000049109	0
ENSMMUG00000011062	5
ENSMMUG00000063075	0
ENSMMUG00000052882	0
ENSMMUG00000034845	0
ENSMMUG00000001824	0
ENSMMUG00000021762	0
ENSMMUG00000059074	0
ENSMMUG00000053045	4
ENSMMUG00000049861	0
ENSMMUG00000032849	0
ENSMMUG00000007951	0
ENSMMUG00000003552	22
ENSMMUG00000055376	0
ENSMMUG00000027662	0
ENSMMUG00000055577	0
ENSMMUG00000032928	0
ENSMMUG00000055441	0
ENSMMUG00000011059	7
ENSMMUG00000057409	0
ENSMMUG00000051046	0
ENSMMUG00000009820	0
ENSMMUG00000039058	0
ENSMMUG00000023333	0
ENSMMUG00000022355	0
ENSMMUG00000048378	21
ENSMMUG00000051654	0
ENSMMUG00000013071	13
ENSMMUG00000030139	0
ENSMMUG00000023954	0
ENSMMUG00000034526	0
ENSMMUG00000011632	0
ENSMMUG00000011633	0
ENSMMUG00000015242	0
ENSMMUG00000011634	0
ENSMMUG00000007805	47
ENSMMUG00000034684	0
ENSMMUG00000018050	0
ENSMMUG00000015244	0
ENSMMUG00000058274	0
ENSMMUG00000060970	0
ENSMMUG00000043857	0
ENSMMUG00000019784	8
ENSMMUG00000036309	0
ENSMMUG00000015246	7
ENSMMUG00000003629	10
ENSMMUG00000032881	0
ENSMMUG00000035116	0
ENSMMUG00000063460	0
ENSMMUG00000054844	0
ENSMMUG00000010444	25
ENSMMUG00000018051	7
ENSMMUG00000060157	79
ENSMMUG00000019473	0
ENSMMUG00000050310	0
ENSMMUG00000004458	0
ENSMMUG00000063746	0
ENSMMUG00000019092	0
ENSMMUG00000061059	0
ENSMMUG00000058772	0
ENSMMUG00000040740	0
ENSMMUG00000003697	0
ENSMMUG00000061831	0
ENSMMUG00000038103	0
ENSMMUG00000037703	3
ENSMMUG00000008398	0
ENSMMUG00000020861	10
ENSMMUG00000007154	7
ENSMMUG00000020860	12
ENSMMUG00000016922	1
ENSMMUG00000007162	0
ENSMMUG00000028019	0
ENSMMUG00000054485	0
ENSMMUG00000051296	0
ENSMMUG00000025764	0
ENSMMUG00000062761	0
ENSMMUG00000016921	0
ENSMMUG00000020940	2
ENSMMUG00000051198	0
ENSMMUG00000046062	6
ENSMMUG00000051776	0
ENSMMUG00000065275	0
ENSMMUG00000022781	0
ENSMMUG00000056163	0
ENSMMUG00000062584	0
ENSMMUG00000054707	0
ENSMMUG00000055060	0
ENSMMUG00000050948	9
ENSMMUG00000053638	0
ENSMMUG00000022782	2
ENSMMUG00000049554	0
ENSMMUG00000020204	8
ENSMMUG00000021135	0
ENSMMUG00000054217	0
ENSMMUG00000057051	0
ENSMMUG00000052960	0
ENSMMUG00000020203	0
ENSMMUG00000015808	0
ENSMMUG00000064942	0
ENSMMUG00000060830	0
ENSMMUG00000020349	5
ENSMMUG00000023394	1
ENSMMUG00000057646	0
ENSMMUG00000023393	0
ENSMMUG00000006680	1
ENSMMUG00000060398	0
ENSMMUG00000061919	0
ENSMMUG00000049602	0
ENSMMUG00000053466	0
ENSMMUG00000006237	0
ENSMMUG00000015828	5
ENSMMUG00000006236	0
ENSMMUG00000058760	0
ENSMMUG00000062398	5
ENSMMUG00000057541	0
ENSMMUG00000049298	0
ENSMMUG00000006234	3
ENSMMUG00000049348	0
ENSMMUG00000023242	1
ENSMMUG00000002782	0
ENSMMUG00000019239	0
ENSMMUG00000058866	0
ENSMMUG00000002783	0
ENSMMUG00000002785	0
ENSMMUG00000000960	27
ENSMMUG00000002211	2
ENSMMUG00000055828	0
ENSMMUG00000037348	0
ENSMMUG00000058955	0
ENSMMUG00000017761	5
ENSMMUG00000025407	0
ENSMMUG00000057711	0
ENSMMUG00000017762	0
ENSMMUG00000009439	0
ENSMMUG00000058075	0
ENSMMUG00000035565	0
ENSMMUG00000049640	0
ENSMMUG00000055737	0
ENSMMUG00000055119	0
ENSMMUG00000051486	0
ENSMMUG00000001384	0
ENSMMUG00000051768	0
ENSMMUG00000055535	0
ENSMMUG00000025643	0
ENSMMUG00000060404	0
ENSMMUG00000053947	0
ENSMMUG00000016767	0
ENSMMUG00000001341	0
ENSMMUG00000056112	0
ENSMMUG00000052076	0
ENSMMUG00000055223	0
ENSMMUG00000002212	8
ENSMMUG00000022672	37
ENSMMUG00000055925	0
ENSMMUG00000049851	0
ENSMMUG00000043815	0
ENSMMUG00000036342	0
ENSMMUG00000057741	0
ENSMMUG00000059577	0
ENSMMUG00000062561	0
ENSMMUG00000053853	4
ENSMMUG00000052404	0
ENSMMUG00000064118	0
ENSMMUG00000064019	0
ENSMMUG00000057905	0
ENSMMUG00000060838	0
ENSMMUG00000037404	0
ENSMMUG00000030400	2
ENSMMUG00000009383	8
ENSMMUG00000022025	1
ENSMMUG00000061861	0
ENSMMUG00000062096	0
ENSMMUG00000058215	0
ENSMMUG00000022027	30
ENSMMUG00000013984	24
ENSMMUG00000009388	12
ENSMMUG00000056838	3
ENSMMUG00000061298	0
ENSMMUG00000049140	6
ENSMMUG00000051191	0
ENSMMUG00000015294	0
ENSMMUG00000015298	24
ENSMMUG00000052179	0
ENSMMUG00000008162	0
ENSMMUG00000008163	0
ENSMMUG00000048727	0
ENSMMUG00000008164	0
ENSMMUG00000059668	0
ENSMMUG00000008341	6
ENSMMUG00000027050	0
ENSMMUG00000004571	3
ENSMMUG00000001747	2
ENSMMUG00000043581	20
ENSMMUG00000008342	0
ENSMMUG00000022416	4
ENSMMUG00000044289	0
ENSMMUG00000013106	0
ENSMMUG00000055004	0
ENSMMUG00000051974	0
ENSMMUG00000055533	0
ENSMMUG00000023116	4
ENSMMUG00000064900	16
ENSMMUG00000049270	16
ENSMMUG00000017001	4
ENSMMUG00000051968	6
ENSMMUG00000017000	2
ENSMMUG00000063164	0
ENSMMUG00000058192	0
ENSMMUG00000039441	3
ENSMMUG00000059101	0
ENSMMUG00000055414	0
ENSMMUG00000063009	0
ENSMMUG00000063428	0
ENSMMUG00000056822	0
ENSMMUG00000061534	0
ENSMMUG00000030101	0
ENSMMUG00000028178	0
ENSMMUG00000060116	0
ENSMMUG00000003726	29
ENSMMUG00000002676	3
ENSMMUG00000005730	11
ENSMMUG00000032702	0
ENSMMUG00000032726	0
ENSMMUG00000063733	0
ENSMMUG00000059421	0
ENSMMUG00000005731	0
ENSMMUG00000003187	29
ENSMMUG00000053034	0
ENSMMUG00000064012	0
ENSMMUG00000005732	15
ENSMMUG00000016999	21
ENSMMUG00000003734	5
ENSMMUG00000059657	0
ENSMMUG00000053953	17
ENSMMUG00000006026	14
ENSMMUG00000018067	7
ENSMMUG00000014076	51
ENSMMUG00000058058	0
ENSMMUG00000056606	5
ENSMMUG00000018070	0
ENSMMUG00000051677	23
ENSMMUG00000002401	0
ENSMMUG00000014080	0
ENSMMUG00000063776	0
ENSMMUG00000062155	0
ENSMMUG00000049992	5
ENSMMUG00000021886	6
ENSMMUG00000021887	0
ENSMMUG00000060117	0
ENSMMUG00000064424	3
ENSMMUG00000060097	0
ENSMMUG00000018073	0
ENSMMUG00000021695	28
ENSMMUG00000053541	0
ENSMMUG00000064997	0
ENSMMUG00000019040	0
ENSMMUG00000019041	0
ENSMMUG00000063661	0
ENSMMUG00000005298	14
ENSMMUG00000057338	0
ENSMMUG00000047307	1
ENSMMUG00000019043	0
ENSMMUG00000002399	0
ENSMMUG00000019047	10
ENSMMUG00000055763	0
ENSMMUG00000032776	0
ENSMMUG00000051276	0
ENSMMUG00000011114	0
ENSMMUG00000051138	0
ENSMMUG00000009680	11
ENSMMUG00000064660	0
ENSMMUG00000013416	0
ENSMMUG00000011111	0
ENSMMUG00000062151	0
ENSMMUG00000011110	0
ENSMMUG00000058934	0
ENSMMUG00000008793	6
ENSMMUG00000041800	4
ENSMMUG00000026128	0
ENSMMUG00000008795	9
ENSMMUG00000060372	75
ENSMMUG00000013414	29
ENSMMUG00000020931	9
ENSMMUG00000048816	0
ENSMMUG00000060723	0
ENSMMUG00000064426	0
ENSMMUG00000011048	2
ENSMMUG00000021347	7
ENSMMUG00000054027	0
ENSMMUG00000064899	0
ENSMMUG00000057111	0
ENSMMUG00000058834	0
ENSMMUG00000059233	0
ENSMMUG00000056828	6
ENSMMUG00000056162	0
ENSMMUG00000048837	0
ENSMMUG00000015099	0
ENSMMUG00000050931	0
ENSMMUG00000008797	0
ENSMMUG00000053048	0
ENSMMUG00000059629	0
ENSMMUG00000051796	0
ENSMMUG00000065329	0
ENSMMUG00000032295	0
ENSMMUG00000047256	0
ENSMMUG00000020330	0
ENSMMUG00000051381	0
ENSMMUG00000002145	14
ENSMMUG00000039020	5
ENSMMUG00000042588	0
ENSMMUG00000017457	2
ENSMMUG00000044468	0
ENSMMUG00000002146	3
ENSMMUG00000054023	0
ENSMMUG00000064587	9
ENSMMUG00000050880	0
ENSMMUG00000039094	0
ENSMMUG00000028039	0
ENSMMUG00000034107	0
ENSMMUG00000063665	0
ENSMMUG00000062899	0
ENSMMUG00000032865	0
ENSMMUG00000052327	0
ENSMMUG00000002331	1
ENSMMUG00000018490	3
ENSMMUG00000004561	0
ENSMMUG00000056062	0
ENSMMUG00000023152	0
ENSMMUG00000045243	0
ENSMMUG00000027683	0
ENSMMUG00000062799	0
ENSMMUG00000055318	0
ENSMMUG00000026353	0
ENSMMUG00000019563	0
ENSMMUG00000018493	5
ENSMMUG00000051060	0
ENSMMUG00000065105	6
ENSMMUG00000039869	0
ENSMMUG00000010314	29
ENSMMUG00000057703	5
ENSMMUG00000052296	0
ENSMMUG00000052633	0
ENSMMUG00000009001	35
ENSMMUG00000010316	19
ENSMMUG00000050448	0
ENSMMUG00000058247	0
ENSMMUG00000056396	0
ENSMMUG00000010318	24
ENSMMUG00000043768	0
ENSMMUG00000036561	0
ENSMMUG00000058698	25
ENSMMUG00000010138	7
ENSMMUG00000041942	0
ENSMMUG00000049810	0
ENSMMUG00000023149	0
ENSMMUG00000030153	0
ENSMMUG00000056568	0
ENSMMUG00000027698	0
ENSMMUG00000007193	0
ENSMMUG00000056981	0
ENSMMUG00000056453	0
ENSMMUG00000024534	0
ENSMMUG00000065314	0
ENSMMUG00000058544	8
ENSMMUG00000064375	0
ENSMMUG00000008362	14
ENSMMUG00000010141	18
ENSMMUG00000064717	0
ENSMMUG00000036373	0
ENSMMUG00000056152	0
ENSMMUG00000046619	0
ENSMMUG00000015847	4
ENSMMUG00000015849	0
ENSMMUG00000011898	9
ENSMMUG00000015851	4
ENSMMUG00000056986	0
ENSMMUG00000050363	0
ENSMMUG00000063546	0
ENSMMUG00000061503	0
ENSMMUG00000063111	0
ENSMMUG00000057060	0
ENSMMUG00000055416	0
ENSMMUG00000058143	0
ENSMMUG00000014024	1
ENSMMUG00000021301	23
ENSMMUG00000001743	0
ENSMMUG00000054580	0
ENSMMUG00000057096	0
ENSMMUG00000039305	0
ENSMMUG00000032793	0
ENSMMUG00000059482	0
ENSMMUG00000057606	2
ENSMMUG00000049396	0
ENSMMUG00000060245	0
ENSMMUG00000033252	0
ENSMMUG00000021302	0
ENSMMUG00000021303	0
ENSMMUG00000021304	0
ENSMMUG00000057643	0
ENSMMUG00000052999	0
ENSMMUG00000064074	0
ENSMMUG00000062143	0
ENSMMUG00000057441	0
ENSMMUG00000027058	0
ENSMMUG00000057103	0
ENSMMUG00000062794	0
ENSMMUG00000054967	0
ENSMMUG00000055559	0
ENSMMUG00000059781	0
ENSMMUG00000020408	50
ENSMMUG00000004572	0
ENSMMUG00000059032	0
ENSMMUG00000045781	0
ENSMMUG00000055086	0
ENSMMUG00000025894	0
ENSMMUG00000001717	0
ENSMMUG00000053551	0
ENSMMUG00000062060	0
ENSMMUG00000021093	0
ENSMMUG00000060090	0
ENSMMUG00000008868	0
ENSMMUG00000020242	0
ENSMMUG00000003388	0
ENSMMUG00000004482	0
ENSMMUG00000049383	0
ENSMMUG00000041688	0
ENSMMUG00000061083	0
ENSMMUG00000062029	0
ENSMMUG00000052712	0
ENSMMUG00000028494	0
ENSMMUG00000061098	0
ENSMMUG00000060436	0
ENSMMUG00000007419	8
ENSMMUG00000062355	0
ENSMMUG00000007420	0
ENSMMUG00000059520	0
ENSMMUG00000065077	0
ENSMMUG00000055680	0
ENSMMUG00000064230	0
ENSMMUG00000062956	0
ENSMMUG00000007422	8
ENSMMUG00000012508	0
ENSMMUG00000053404	0
ENSMMUG00000054393	0
ENSMMUG00000055765	0
ENSMMUG00000000102	0
ENSMMUG00000050635	0
ENSMMUG00000055697	0
ENSMMUG00000021912	0
ENSMMUG00000019907	7
ENSMMUG00000017342	8
ENSMMUG00000017834	0
ENSMMUG00000034942	0
ENSMMUG00000001848	14
ENSMMUG00000050763	0
ENSMMUG00000007814	0
ENSMMUG00000058349	9
ENSMMUG00000023254	4
ENSMMUG00000035177	0
ENSMMUG00000017343	0
ENSMMUG00000056040	0
ENSMMUG00000053868	0
ENSMMUG00000017733	6
ENSMMUG00000023256	1
ENSMMUG00000052292	0
ENSMMUG00000023400	13
ENSMMUG00000056171	0
ENSMMUG00000033161	0
ENSMMUG00000065100	0
ENSMMUG00000054824	0
ENSMMUG00000053650	0
ENSMMUG00000065062	0
ENSMMUG00000060974	6
ENSMMUG00000009066	3
ENSMMUG00000015799	0
ENSMMUG00000060432	0
ENSMMUG00000052609	0
ENSMMUG00000054464	0
ENSMMUG00000011902	1
ENSMMUG00000054312	0
ENSMMUG00000043524	0
ENSMMUG00000055759	0
ENSMMUG00000006783	3
ENSMMUG00000015966	0
ENSMMUG00000011903	0
ENSMMUG00000026445	0
ENSMMUG00000045101	0
ENSMMUG00000006851	0
ENSMMUG00000054843	0
ENSMMUG00000011810	13
ENSMMUG00000026314	0
ENSMMUG00000020312	0
ENSMMUG00000063564	0
ENSMMUG00000013730	0
ENSMMUG00000057895	0
ENSMMUG00000049916	0
ENSMMUG00000041900	0
ENSMMUG00000060904	0
ENSMMUG00000000552	0
ENSMMUG00000057480	0
ENSMMUG00000028342	0
ENSMMUG00000050011	0
ENSMMUG00000061764	0
ENSMMUG00000051110	0
ENSMMUG00000017703	0
ENSMMUG00000062727	0
ENSMMUG00000052158	0
ENSMMUG00000003779	0
ENSMMUG00000025423	0
ENSMMUG00000061682	0
ENSMMUG00000039081	0
ENSMMUG00000007393	6
ENSMMUG00000065183	0
ENSMMUG00000035715	0
ENSMMUG00000046085	0
ENSMMUG00000008633	23
ENSMMUG00000058547	0
ENSMMUG00000059103	0
ENSMMUG00000015241	0
ENSMMUG00000032749	0
ENSMMUG00000003776	0
ENSMMUG00000023240	8
ENSMMUG00000053598	0
ENSMMUG00000056288	0
ENSMMUG00000040557	0
ENSMMUG00000054219	0
ENSMMUG00000058974	0
ENSMMUG00000056335	0
ENSMMUG00000048480	0
ENSMMUG00000001879	10
ENSMMUG00000061247	0
ENSMMUG00000062756	0
ENSMMUG00000015245	0
ENSMMUG00000042469	0
ENSMMUG00000033143	0
ENSMMUG00000001880	0
ENSMMUG00000052933	13
ENSMMUG00000008174	0
ENSMMUG00000046354	0
ENSMMUG00000055288	0
ENSMMUG00000025856	0
ENSMMUG00000003634	16
ENSMMUG00000013733	0
ENSMMUG00000003320	0
ENSMMUG00000021226	6
ENSMMUG00000013736	11
ENSMMUG00000026502	0
ENSMMUG00000007365	33
ENSMMUG00000022751	12
ENSMMUG00000021225	5
ENSMMUG00000021223	0
ENSMMUG00000062183	0
ENSMMUG00000040764	0
ENSMMUG00000022956	0
ENSMMUG00000053719	0
ENSMMUG00000058973	0
ENSMMUG00000062605	0
ENSMMUG00000018738	108
ENSMMUG00000032664	0
ENSMMUG00000030349	0
ENSMMUG00000010043	6
ENSMMUG00000045350	0
ENSMMUG00000049615	0
ENSMMUG00000064613	8
ENSMMUG00000017912	2
ENSMMUG00000051586	0
ENSMMUG00000064990	0
ENSMMUG00000059886	0
ENSMMUG00000009273	0
ENSMMUG00000043958	0
ENSMMUG00000009392	0
ENSMMUG00000043417	0
ENSMMUG00000056931	0
ENSMMUG00000003748	0
ENSMMUG00000053823	0
ENSMMUG00000064304	0
ENSMMUG00000007394	0
ENSMMUG00000009270	6
ENSMMUG00000027918	0
ENSMMUG00000026482	0
ENSMMUG00000015921	0
ENSMMUG00000009390	7
ENSMMUG00000012701	5
ENSMMUG00000010044	0
ENSMMUG00000009089	0
ENSMMUG00000061525	0
ENSMMUG00000063937	0
ENSMMUG00000050694	0
ENSMMUG00000042541	0
ENSMMUG00000061334	0
ENSMMUG00000048666	0
ENSMMUG00000065012	0
ENSMMUG00000062879	0
ENSMMUG00000032903	0
ENSMMUG00000056735	0
ENSMMUG00000025758	0
ENSMMUG00000050412	1
ENSMMUG00000057704	0
ENSMMUG00000008587	34
ENSMMUG00000005517	3
ENSMMUG00000012244	0
ENSMMUG00000053361	0
ENSMMUG00000009091	0
ENSMMUG00000027929	0
ENSMMUG00000036509	0
ENSMMUG00000055958	0
ENSMMUG00000058795	0
ENSMMUG00000034443	0
ENSMMUG00000047796	34
ENSMMUG00000041764	0
ENSMMUG00000034270	0
ENSMMUG00000014468	0
ENSMMUG00000012820	0
ENSMMUG00000006829	0
ENSMMUG00000040293	0
ENSMMUG00000011322	6
ENSMMUG00000064403	0
ENSMMUG00000003614	0
ENSMMUG00000053028	0
ENSMMUG00000054051	0
ENSMMUG00000006831	1
ENSMMUG00000054275	0
ENSMMUG00000052800	0
ENSMMUG00000053509	0
ENSMMUG00000040183	27
ENSMMUG00000063122	0
ENSMMUG00000053192	0
ENSMMUG00000050382	1
ENSMMUG00000038454	19
ENSMMUG00000065026	4
ENSMMUG00000061423	0
ENSMMUG00000056608	12
ENSMMUG00000005537	0
ENSMMUG00000056304	0
ENSMMUG00000025302	0
ENSMMUG00000038085	0
ENSMMUG00000009526	0
ENSMMUG00000057259	0
ENSMMUG00000055484	0
ENSMMUG00000062420	0
ENSMMUG00000004599	32
ENSMMUG00000004314	0
ENSMMUG00000002588	7
ENSMMUG00000015589	1
ENSMMUG00000014073	9
ENSMMUG00000054375	0
ENSMMUG00000021777	0
ENSMMUG00000014077	0
ENSMMUG00000014078	0
ENSMMUG00000007240	4
ENSMMUG00000021778	6
ENSMMUG00000023591	0
ENSMMUG00000010228	12
ENSMMUG00000021779	0
ENSMMUG00000057224	0
ENSMMUG00000061366	0
ENSMMUG00000034347	0
ENSMMUG00000008441	2
ENSMMUG00000035443	0
ENSMMUG00000054930	0
ENSMMUG00000000284	4
ENSMMUG00000010232	0
ENSMMUG00000049414	0
ENSMMUG00000021780	4
ENSMMUG00000016880	7
ENSMMUG00000049036	0
ENSMMUG00000005764	0
ENSMMUG00000055378	0
ENSMMUG00000059312	10
ENSMMUG00000059652	0
ENSMMUG00000015748	8
ENSMMUG00000018625	0
ENSMMUG00000023597	0
ENSMMUG00000037551	0
ENSMMUG00000014456	0
ENSMMUG00000018628	2
ENSMMUG00000027156	0
ENSMMUG00000003736	7
ENSMMUG00000061803	0
ENSMMUG00000045199	0
ENSMMUG00000049273	0
ENSMMUG00000002883	0
ENSMMUG00000017911	4
ENSMMUG00000062834	0
ENSMMUG00000058617	0
ENSMMUG00000026984	0
ENSMMUG00000033109	0
ENSMMUG00000027042	0
ENSMMUG00000064629	0
ENSMMUG00000056007	0
ENSMMUG00000026882	0
ENSMMUG00000006015	0
ENSMMUG00000028469	0
ENSMMUG00000011778	0
ENSMMUG00000062444	0
ENSMMUG00000052624	0
ENSMMUG00000054165	0
ENSMMUG00000064167	0
ENSMMUG00000015259	0
ENSMMUG00000006871	1
ENSMMUG00000015260	144
ENSMMUG00000053019	0
ENSMMUG00000053464	0
ENSMMUG00000015745	0
ENSMMUG00000026622	0
ENSMMUG00000030008	0
ENSMMUG00000056052	6
ENSMMUG00000053820	0
ENSMMUG00000059433	0
ENSMMUG00000055157	0
ENSMMUG00000049670	0
ENSMMUG00000002004	6
ENSMMUG00000025353	0
ENSMMUG00000060476	0
ENSMMUG00000007292	0
ENSMMUG00000008881	6
ENSMMUG00000052381	0
ENSMMUG00000055221	0
ENSMMUG00000054479	0
ENSMMUG00000062032	0
ENSMMUG00000006703	0
ENSMMUG00000023650	3
ENSMMUG00000006704	0
ENSMMUG00000003739	25
ENSMMUG00000057239	0
ENSMMUG00000063046	0
ENSMMUG00000059481	0
ENSMMUG00000050325	0
ENSMMUG00000052423	0
ENSMMUG00000035613	0
ENSMMUG00000063692	0
ENSMMUG00000035495	0
ENSMMUG00000052059	0
ENSMMUG00000023651	28
ENSMMUG00000006705	4
ENSMMUG00000064797	0
ENSMMUG00000047598	0
ENSMMUG00000061734	0
ENSMMUG00000055374	0
ENSMMUG00000062383	0
ENSMMUG00000014011	51
ENSMMUG00000007294	4
ENSMMUG00000014008	506
ENSMMUG00000042419	0
ENSMMUG00000011201	43
ENSMMUG00000054420	0
ENSMMUG00000037411	0
ENSMMUG00000053387	9
ENSMMUG00000055485	0
ENSMMUG00000008702	99
ENSMMUG00000052767	0
ENSMMUG00000055155	0
ENSMMUG00000003469	10
ENSMMUG00000053358	0
ENSMMUG00000054557	0
ENSMMUG00000022530	14
ENSMMUG00000008703	0
ENSMMUG00000052834	0
ENSMMUG00000061265	1
ENSMMUG00000011206	5
ENSMMUG00000054494	57
ENSMMUG00000062484	0
ENSMMUG00000018821	1
ENSMMUG00000008705	0
ENSMMUG00000060599	0
ENSMMUG00000053539	0
ENSMMUG00000045885	0
ENSMMUG00000011207	0
ENSMMUG00000052040	0
ENSMMUG00000019083	0
ENSMMUG00000002564	1
ENSMMUG00000049637	0
ENSMMUG00000006875	0
ENSMMUG00000061216	0
ENSMMUG00000019085	3
ENSMMUG00000007305	0
ENSMMUG00000057377	0
ENSMMUG00000003676	0
ENSMMUG00000009691	2
ENSMMUG00000019089	0
ENSMMUG00000033737	0
ENSMMUG00000050381	0
ENSMMUG00000055657	0
ENSMMUG00000017630	2
ENSMMUG00000059823	0
ENSMMUG00000055359	0
ENSMMUG00000062865	0
ENSMMUG00000049186	0
ENSMMUG00000030317	0
ENSMMUG00000048972	0
ENSMMUG00000054168	0
ENSMMUG00000045609	0
ENSMMUG00000062519	0
ENSMMUG00000003249	0
ENSMMUG00000026217	0
ENSMMUG00000056757	0
ENSMMUG00000000232	0
ENSMMUG00000060134	0
ENSMMUG00000034765	0
ENSMMUG00000013989	1
ENSMMUG00000000237	8
ENSMMUG00000004415	0
ENSMMUG00000023186	0
ENSMMUG00000061191	0
ENSMMUG00000000914	1
ENSMMUG00000034236	0
ENSMMUG00000019901	3
ENSMMUG00000019904	32
ENSMMUG00000061984	0
ENSMMUG00000018186	0
ENSMMUG00000020919	1
ENSMMUG00000059009	0
ENSMMUG00000020916	0
ENSMMUG00000051231	0
ENSMMUG00000026786	0
ENSMMUG00000033232	0
ENSMMUG00000020914	17
ENSMMUG00000020913	48
ENSMMUG00000051759	0
ENSMMUG00000033194	0
ENSMMUG00000049998	0
ENSMMUG00000053827	0
ENSMMUG00000036878	0
ENSMMUG00000056611	0
ENSMMUG00000020910	3
ENSMMUG00000056173	0
ENSMMUG00000051649	0
ENSMMUG00000053123	0
ENSMMUG00000037234	0
ENSMMUG00000007216	2
ENSMMUG00000057223	23
ENSMMUG00000036109	0
ENSMMUG00000056196	0
ENSMMUG00000052435	0
ENSMMUG00000017831	8
ENSMMUG00000014868	0
ENSMMUG00000020907	7
ENSMMUG00000063785	0
ENSMMUG00000017004	9
ENSMMUG00000014869	1
ENSMMUG00000036073	0
ENSMMUG00000053703	0
ENSMMUG00000014714	0
ENSMMUG00000010941	0
ENSMMUG00000053130	0
ENSMMUG00000011722	2
ENSMMUG00000020903	0
ENSMMUG00000043801	0
ENSMMUG00000021164	29
ENSMMUG00000017503	0
ENSMMUG00000018811	3
ENSMMUG00000023428	0
ENSMMUG00000052563	0
ENSMMUG00000056217	0
ENSMMUG00000017501	0
ENSMMUG00000015756	16
ENSMMUG00000053630	0
ENSMMUG00000015716	0
ENSMMUG00000049624	0
ENSMMUG00000034389	0
ENSMMUG00000021835	12
ENSMMUG00000002153	16
ENSMMUG00000015759	0
ENSMMUG00000047132	0
ENSMMUG00000049724	0
ENSMMUG00000023227	0
ENSMMUG00000009180	0
ENSMMUG00000009177	3
ENSMMUG00000062753	0
ENSMMUG00000064978	19
ENSMMUG00000050692	0
ENSMMUG00000055714	2
ENSMMUG00000063450	0
ENSMMUG00000002314	0
ENSMMUG00000058506	0
ENSMMUG00000002312	0
ENSMMUG00000015554	0
ENSMMUG00000051444	6
ENSMMUG00000038153	0
ENSMMUG00000045102	0
ENSMMUG00000042371	0
ENSMMUG00000058452	0
ENSMMUG00000064819	0
ENSMMUG00000008367	0
ENSMMUG00000001295	0
ENSMMUG00000062421	0
ENSMMUG00000060156	1
ENSMMUG00000062852	0
ENSMMUG00000053715	0
ENSMMUG00000051050	0
ENSMMUG00000054970	0
ENSMMUG00000005174	0
ENSMMUG00000024041	0
ENSMMUG00000041181	0
ENSMMUG00000003427	0
ENSMMUG00000012914	57
ENSMMUG00000003428	0
ENSMMUG00000020654	9
ENSMMUG00000039473	0
ENSMMUG00000012911	0
ENSMMUG00000022331	22
ENSMMUG00000056143	0
ENSMMUG00000010407	3
ENSMMUG00000055281	0
ENSMMUG00000044278	0
ENSMMUG00000052792	0
ENSMMUG00000006075	0
ENSMMUG00000052498	0
ENSMMUG00000022329	2
ENSMMUG00000064313	0
ENSMMUG00000056362	0
ENSMMUG00000058335	0
ENSMMUG00000022324	0
ENSMMUG00000022840	0
ENSMMUG00000008504	7
ENSMMUG00000022317	164
ENSMMUG00000039317	2
ENSMMUG00000046993	0
ENSMMUG00000042360	18
ENSMMUG00000049597	0
ENSMMUG00000050675	0
ENSMMUG00000053027	0
ENSMMUG00000061832	0
ENSMMUG00000063671	0
ENSMMUG00000022454	37
ENSMMUG00000008498	0
ENSMMUG00000062525	0
ENSMMUG00000056099	0
ENSMMUG00000055486	0
ENSMMUG00000049836	0
ENSMMUG00000056336	0
ENSMMUG00000063670	0
ENSMMUG00000049632	0
ENSMMUG00000062496	0
ENSMMUG00000009063	97
ENSMMUG00000023134	5
ENSMMUG00000058004	0
ENSMMUG00000037517	0
ENSMMUG00000000544	241
ENSMMUG00000010296	1
ENSMMUG00000056313	0
ENSMMUG00000055193	0
ENSMMUG00000013463	0
ENSMMUG00000061402	0
ENSMMUG00000065119	0
ENSMMUG00000055708	2
ENSMMUG00000056855	0
ENSMMUG00000051571	3
ENSMMUG00000032930	10
ENSMMUG00000056593	0
ENSMMUG00000061934	1
ENSMMUG00000013459	0
ENSMMUG00000051952	0
ENSMMUG00000013458	2
ENSMMUG00000018136	0
ENSMMUG00000061724	8
ENSMMUG00000061471	11
ENSMMUG00000040874	8
ENSMMUG00000051572	2
ENSMMUG00000060352	0
ENSMMUG00000054649	0
ENSMMUG00000057130	0
ENSMMUG00000046779	0
ENSMMUG00000012807	0
ENSMMUG00000064849	0
ENSMMUG00000018131	19
ENSMMUG00000061188	0
ENSMMUG00000060893	0
ENSMMUG00000056805	0
ENSMMUG00000058103	0
ENSMMUG00000064529	0
ENSMMUG00000062309	0
ENSMMUG00000027118	0
ENSMMUG00000050307	0
ENSMMUG00000018544	0
ENSMMUG00000003825	0
ENSMMUG00000049784	43
ENSMMUG00000059379	0
ENSMMUG00000006962	2
ENSMMUG00000051696	0
ENSMMUG00000023230	0
ENSMMUG00000063018	0
ENSMMUG00000064633	0
ENSMMUG00000057188	0
ENSMMUG00000056496	0
ENSMMUG00000040322	0
ENSMMUG00000055589	0
ENSMMUG00000052777	0
ENSMMUG00000004477	0
ENSMMUG00000017505	5
ENSMMUG00000052250	0
ENSMMUG00000003619	48
ENSMMUG00000062048	0
ENSMMUG00000055002	0
ENSMMUG00000016211	41
ENSMMUG00000049454	0
ENSMMUG00000058732	0
ENSMMUG00000059814	0
ENSMMUG00000043090	0
ENSMMUG00000003615	5
ENSMMUG00000015566	5
ENSMMUG00000026964	0
ENSMMUG00000052941	0
ENSMMUG00000004472	5
ENSMMUG00000052176	0
ENSMMUG00000062845	0
ENSMMUG00000028022	0
ENSMMUG00000058333	18
ENSMMUG00000039877	0
ENSMMUG00000058056	0
ENSMMUG00000033216	0
ENSMMUG00000008369	0
ENSMMUG00000064918	0
ENSMMUG00000005701	0
ENSMMUG00000051205	2
ENSMMUG00000064777	0
ENSMMUG00000062760	0
ENSMMUG00000055756	0
ENSMMUG00000022130	0
ENSMMUG00000063452	0
ENSMMUG00000064056	0
ENSMMUG00000011916	1
ENSMMUG00000061043	0
ENSMMUG00000054019	0
ENSMMUG00000059180	0
ENSMMUG00000065267	35
ENSMMUG00000054728	0
ENSMMUG00000010700	1
ENSMMUG00000055494	0
ENSMMUG00000058691	0
ENSMMUG00000010695	7
ENSMMUG00000022624	0
ENSMMUG00000061023	0
ENSMMUG00000061269	0
ENSMMUG00000000953	9
ENSMMUG00000012343	2
ENSMMUG00000056231	0
ENSMMUG00000049742	23
ENSMMUG00000064966	3
ENSMMUG00000038892	6
ENSMMUG00000015546	17
ENSMMUG00000015545	7
ENSMMUG00000054720	0
ENSMMUG00000000951	11
ENSMMUG00000060009	0
ENSMMUG00000061911	0
ENSMMUG00000053537	0
ENSMMUG00000054383	0
ENSMMUG00000021839	0
ENSMMUG00000053144	0
ENSMMUG00000046352	19
ENSMMUG00000057114	0
ENSMMUG00000030415	0
ENSMMUG00000048545	20
ENSMMUG00000050535	0
ENSMMUG00000010292	25
ENSMMUG00000035157	0
ENSMMUG00000045077	9
ENSMMUG00000057339	0
ENSMMUG00000016218	24
ENSMMUG00000030278	0
ENSMMUG00000058125	0
ENSMMUG00000022556	0
ENSMMUG00000021075	32
ENSMMUG00000021389	285
ENSMMUG00000009625	13
ENSMMUG00000016219	3
ENSMMUG00000022561	0
ENSMMUG00000008016	0
ENSMMUG00000022555	12
ENSMMUG00000014753	3
ENSMMUG00000021627	0
ENSMMUG00000064400	0
ENSMMUG00000008014	0
ENSMMUG00000043221	0
ENSMMUG00000005159	4
ENSMMUG00000044463	0
ENSMMUG00000048049	0
ENSMMUG00000030497	0
ENSMMUG00000012298	0
ENSMMUG00000058549	0
ENSMMUG00000056980	0
ENSMMUG00000022560	0
ENSMMUG00000003167	1
ENSMMUG00000048894	0
ENSMMUG00000064316	0
ENSMMUG00000053465	1
ENSMMUG00000043714	10
ENSMMUG00000022558	0
ENSMMUG00000008013	1
ENSMMUG00000006571	0
ENSMMUG00000022559	0
ENSMMUG00000049633	0
ENSMMUG00000060296	0
ENSMMUG00000008011	0
ENSMMUG00000001225	0
ENSMMUG00000052019	0
ENSMMUG00000049755	0
ENSMMUG00000027504	0
ENSMMUG00000061002	0
ENSMMUG00000063465	0
ENSMMUG00000061284	0
ENSMMUG00000024137	0
ENSMMUG00000053351	0
ENSMMUG00000062517	0
ENSMMUG00000060770	0
ENSMMUG00000057822	0
ENSMMUG00000050638	0
ENSMMUG00000059521	7
ENSMMUG00000059956	0
ENSMMUG00000062161	0
ENSMMUG00000020321	2
ENSMMUG00000005967	0
ENSMMUG00000012694	0
ENSMMUG00000006296	1550
ENSMMUG00000004175	0
ENSMMUG00000030374	8
ENSMMUG00000008008	1
ENSMMUG00000004624	11
ENSMMUG00000012628	14
ENSMMUG00000022361	19
ENSMMUG00000023667	0
ENSMMUG00000007375	5
ENSMMUG00000059783	0
ENSMMUG00000061805	0
ENSMMUG00000063606	0
ENSMMUG00000045653	6
ENSMMUG00000049417	0
ENSMMUG00000043460	0
ENSMMUG00000043222	0
ENSMMUG00000030419	51
ENSMMUG00000043809	2
ENSMMUG00000055766	0
ENSMMUG00000040201	0
ENSMMUG00000015843	11
ENSMMUG00000039360	0
ENSMMUG00000049578	75
ENSMMUG00000057674	0
ENSMMUG00000054920	0
ENSMMUG00000020895	10
ENSMMUG00000058135	0
ENSMMUG00000057941	0
ENSMMUG00000051246	0
ENSMMUG00000060315	0
ENSMMUG00000006306	14
ENSMMUG00000009008	14
ENSMMUG00000057491	0
ENSMMUG00000052939	0
ENSMMUG00000048606	0
ENSMMUG00000045015	1
ENSMMUG00000041473	9
ENSMMUG00000046444	0
ENSMMUG00000060606	0
ENSMMUG00000030420	19
ENSMMUG00000062728	6
ENSMMUG00000054501	0
ENSMMUG00000050820	0
ENSMMUG00000058562	0
ENSMMUG00000052981	0
ENSMMUG00000063730	0
ENSMMUG00000065027	0
ENSMMUG00000050768	0
ENSMMUG00000056378	0
ENSMMUG00000060055	0
ENSMMUG00000045428	0
ENSMMUG00000059649	0
ENSMMUG00000044422	0
ENSMMUG00000011596	2
ENSMMUG00000053116	2
ENSMMUG00000054749	0
ENSMMUG00000030421	0
ENSMMUG00000018478	12
ENSMMUG00000032524	0
ENSMMUG00000012632	9
ENSMMUG00000004173	43
ENSMMUG00000060560	2
ENSMMUG00000026540	0
ENSMMUG00000051889	0
ENSMMUG00000057591	0
ENSMMUG00000020894	5
ENSMMUG00000001744	2
ENSMMUG00000028020	8
ENSMMUG00000030422	1
ENSMMUG00000057350	0
ENSMMUG00000063169	0
ENSMMUG00000036547	0
ENSMMUG00000012633	2
ENSMMUG00000010304	4
ENSMMUG00000060806	0
ENSMMUG00000055614	0
ENSMMUG00000063974	0
ENSMMUG00000058372	0
ENSMMUG00000004311	13
ENSMMUG00000064020	0
ENSMMUG00000054077	0
ENSMMUG00000033249	0
ENSMMUG00000062734	0
ENSMMUG00000062946	0
ENSMMUG00000053010	0
ENSMMUG00000007970	0
ENSMMUG00000048824	3
ENSMMUG00000016394	0
ENSMMUG00000009711	0
ENSMMUG00000012635	11
ENSMMUG00000059430	0
ENSMMUG00000049706	0
ENSMMUG00000064257	0
ENSMMUG00000056232	0
ENSMMUG00000011871	7
ENSMMUG00000023659	0
ENSMMUG00000050199	0
ENSMMUG00000055322	23
ENSMMUG00000062239	0
ENSMMUG00000054767	0
ENSMMUG00000010295	8
ENSMMUG00000058820	0
ENSMMUG00000058072	0
ENSMMUG00000005435	1
ENSMMUG00000063846	0
ENSMMUG00000015477	16
ENSMMUG00000050109	9
ENSMMUG00000063950	0
ENSMMUG00000058370	0
ENSMMUG00000021089	5
ENSMMUG00000008002	0
ENSMMUG00000049368	0
ENSMMUG00000039492	0
ENSMMUG00000063026	0
ENSMMUG00000004168	0
ENSMMUG00000055933	0
ENSMMUG00000016393	6
ENSMMUG00000062641	0
ENSMMUG00000042798	0
ENSMMUG00000053821	0
ENSMMUG00000015479	22
ENSMMUG00000010167	0
ENSMMUG00000063823	0
ENSMMUG00000049474	0
ENSMMUG00000012109	0
ENSMMUG00000045869	0
ENSMMUG00000010648	0
ENSMMUG00000013955	4
ENSMMUG00000023983	0
ENSMMUG00000012110	5
ENSMMUG00000040368	0
ENSMMUG00000060805	0
ENSMMUG00000010647	0
ENSMMUG00000060120	0
ENSMMUG00000036266	0
ENSMMUG00000009007	0
ENSMMUG00000055772	0
ENSMMUG00000005136	9
ENSMMUG00000052549	0
ENSMMUG00000049939	0
ENSMMUG00000045449	2
ENSMMUG00000049558	57
ENSMMUG00000019358	36
ENSMMUG00000064716	0
ENSMMUG00000052087	0
ENSMMUG00000054733	0
ENSMMUG00000063280	0
ENSMMUG00000053197	0
ENSMMUG00000013276	26
ENSMMUG00000037579	0
ENSMMUG00000049419	0
ENSMMUG00000021236	0
ENSMMUG00000019856	0
ENSMMUG00000036937	0
ENSMMUG00000059677	16
ENSMMUG00000005272	28
ENSMMUG00000023104	2
ENSMMUG00000019855	0
ENSMMUG00000021248	4
ENSMMUG00000042110	0
ENSMMUG00000013316	0
ENSMMUG00000021235	8
ENSMMUG00000054785	0
ENSMMUG00000059707	0
ENSMMUG00000035723	0
ENSMMUG00000057811	5
ENSMMUG00000058076	1
ENSMMUG00000039654	54
ENSMMUG00000049981	0
ENSMMUG00000000854	6
ENSMMUG00000019359	11
ENSMMUG00000000531	0
ENSMMUG00000057683	0
ENSMMUG00000051615	0
ENSMMUG00000054802	0
ENSMMUG00000056692	0
ENSMMUG00000061214	0
ENSMMUG00000049089	42
ENSMMUG00000052638	0
ENSMMUG00000037970	4
ENSMMUG00000054086	0
ENSMMUG00000021252	7
ENSMMUG00000000853	0
ENSMMUG00000064492	0
ENSMMUG00000054177	0
ENSMMUG00000060422	0
ENSMMUG00000012917	0
ENSMMUG00000051442	4
ENSMMUG00000011970	0
ENSMMUG00000010134	5
ENSMMUG00000036872	0
ENSMMUG00000011836	4
ENSMMUG00000059873	0
ENSMMUG00000057261	0
ENSMMUG00000025824	0
ENSMMUG00000049462	0
ENSMMUG00000058224	0
ENSMMUG00000033244	0
ENSMMUG00000024477	0
ENSMMUG00000063416	0
ENSMMUG00000040123	0
ENSMMUG00000057321	0
ENSMMUG00000052037	0
ENSMMUG00000020609	0
ENSMMUG00000050787	0
ENSMMUG00000061229	0
ENSMMUG00000057661	0
ENSMMUG00000051038	0
ENSMMUG00000063875	0
ENSMMUG00000050335	0
ENSMMUG00000048598	0
ENSMMUG00000062787	0
ENSMMUG00000059186	0
ENSMMUG00000012377	0
ENSMMUG00000054695	0
ENSMMUG00000064171	0
ENSMMUG00000041919	18
ENSMMUG00000054783	0
ENSMMUG00000060107	4
ENSMMUG00000056896	0
ENSMMUG00000033944	0
ENSMMUG00000021255	19
ENSMMUG00000059438	0
ENSMMUG00000053738	0
ENSMMUG00000001712	25
ENSMMUG00000056779	0
ENSMMUG00000008650	0
ENSMMUG00000005271	11
ENSMMUG00000052880	0
ENSMMUG00000022275	0
ENSMMUG00000059221	0
ENSMMUG00000055827	0
ENSMMUG00000054913	3
ENSMMUG00000051590	0
ENSMMUG00000055219	0
ENSMMUG00000060211	0
ENSMMUG00000062041	0
ENSMMUG00000057132	0
ENSMMUG00000024504	0
ENSMMUG00000006854	0
ENSMMUG00000015772	0
ENSMMUG00000019157	0
ENSMMUG00000001711	60
ENSMMUG00000060092	0
ENSMMUG00000026999	0
ENSMMUG00000028593	0
ENSMMUG00000037227	0
ENSMMUG00000026856	0
ENSMMUG00000051117	0
ENSMMUG00000043799	0
ENSMMUG00000055021	0
ENSMMUG00000062752	0
ENSMMUG00000059209	0
ENSMMUG00000064926	0
ENSMMUG00000014823	0
ENSMMUG00000053883	0
ENSMMUG00000049457	0
ENSMMUG00000062451	0
ENSMMUG00000017542	5
ENSMMUG00000060831	0
ENSMMUG00000051417	0
ENSMMUG00000039689	0
ENSMMUG00000063362	0
ENSMMUG00000027695	0
ENSMMUG00000000007	1
ENSMMUG00000062736	0
ENSMMUG00000052623	0
ENSMMUG00000026105	0
ENSMMUG00000064986	0
ENSMMUG00000019571	16
ENSMMUG00000060571	0
ENSMMUG00000041616	3
ENSMMUG00000006155	0
ENSMMUG00000058568	11
ENSMMUG00000050819	0
ENSMMUG00000020579	0
ENSMMUG00000014920	0
ENSMMUG00000061007	1
ENSMMUG00000020581	0
ENSMMUG00000054481	0
ENSMMUG00000064513	0
ENSMMUG00000045513	0
ENSMMUG00000049169	0
ENSMMUG00000055860	0
ENSMMUG00000061514	0
ENSMMUG00000009325	14
ENSMMUG00000048222	0
ENSMMUG00000014319	0
ENSMMUG00000004127	13
ENSMMUG00000063274	0
ENSMMUG00000006974	0
ENSMMUG00000006081	0
ENSMMUG00000005269	4
ENSMMUG00000061362	0
ENSMMUG00000050751	0
ENSMMUG00000033120	0
ENSMMUG00000028056	0
ENSMMUG00000052734	0
ENSMMUG00000027144	0
ENSMMUG00000021186	0
ENSMMUG00000030170	0
ENSMMUG00000017311	0
ENSMMUG00000054411	0
ENSMMUG00000060459	0
ENSMMUG00000005250	0
ENSMMUG00000023318	101
ENSMMUG00000006973	3
ENSMMUG00000064916	0
ENSMMUG00000049892	0
ENSMMUG00000056363	0
ENSMMUG00000057252	0
ENSMMUG00000057843	0
ENSMMUG00000051158	0
ENSMMUG00000035226	0
ENSMMUG00000048822	0
ENSMMUG00000048490	0
ENSMMUG00000045179	7
ENSMMUG00000001140	0
ENSMMUG00000035114	0
ENSMMUG00000016831	0
ENSMMUG00000046419	0
ENSMMUG00000036399	0
ENSMMUG00000061651	0
ENSMMUG00000009611	2
ENSMMUG00000004456	0
ENSMMUG00000042688	0
ENSMMUG00000023347	0
ENSMMUG00000012304	26
ENSMMUG00000061971	0
ENSMMUG00000053093	0
ENSMMUG00000010060	0
ENSMMUG00000062376	0
ENSMMUG00000051605	0
ENSMMUG00000020803	0
ENSMMUG00000010703	0
ENSMMUG00000053840	0
ENSMMUG00000054122	0
ENSMMUG00000061752	0
ENSMMUG00000000170	0
ENSMMUG00000014971	0
ENSMMUG00000051393	0
ENSMMUG00000061111	0
ENSMMUG00000039949	0
ENSMMUG00000053024	0
ENSMMUG00000012303	6
ENSMMUG00000063777	0
ENSMMUG00000041044	0
ENSMMUG00000019377	0
ENSMMUG00000050022	0
ENSMMUG00000008698	2
ENSMMUG00000026710	0
ENSMMUG00000054249	0
ENSMMUG00000059605	0
ENSMMUG00000044152	0
ENSMMUG00000062457	25
ENSMMUG00000054415	0
ENSMMUG00000055735	0
ENSMMUG00000053468	0
ENSMMUG00000010702	11
ENSMMUG00000014974	0
ENSMMUG00000009494	0
ENSMMUG00000019802	0
ENSMMUG00000058798	0
ENSMMUG00000015534	0
ENSMMUG00000009006	2
ENSMMUG00000017366	41
ENSMMUG00000009495	0
ENSMMUG00000004886	11
ENSMMUG00000059050	0
ENSMMUG00000060636	7
ENSMMUG00000051686	0
ENSMMUG00000009926	6
ENSMMUG00000061303	33
ENSMMUG00000000104	11
ENSMMUG00000016833	38
ENSMMUG00000059772	0
ENSMMUG00000010162	4
ENSMMUG00000005915	0
ENSMMUG00000040007	1
ENSMMUG00000041051	11
ENSMMUG00000062685	0
ENSMMUG00000006980	2
ENSMMUG00000009496	1
ENSMMUG00000005422	0
ENSMMUG00000010164	0
ENSMMUG00000049346	0
ENSMMUG00000061448	0
ENSMMUG00000059509	0
ENSMMUG00000026144	0
ENSMMUG00000063969	0
ENSMMUG00000012213	0
ENSMMUG00000062877	0
ENSMMUG00000056841	0
ENSMMUG00000058227	0
ENSMMUG00000002995	0
ENSMMUG00000006949	6
ENSMMUG00000062107	0
ENSMMUG00000001350	18
ENSMMUG00000058423	0
ENSMMUG00000050262	0
ENSMMUG00000012549	0
ENSMMUG00000049959	2
ENSMMUG00000009499	7
ENSMMUG00000021676	0
ENSMMUG00000010104	4
ENSMMUG00000027018	0
ENSMMUG00000052458	0
ENSMMUG00000059759	0
ENSMMUG00000059316	0
ENSMMUG00000004801	1
ENSMMUG00000006951	10
ENSMMUG00000000488	0
ENSMMUG00000009865	0
ENSMMUG00000006547	0
ENSMMUG00000015735	0
ENSMMUG00000007839	0
ENSMMUG00000005120	13
ENSMMUG00000052148	0
ENSMMUG00000023940	0
ENSMMUG00000006136	7
ENSMMUG00000015684	0
ENSMMUG00000050272	0
ENSMMUG00000061611	0
ENSMMUG00000006898	0
ENSMMUG00000025556	0
ENSMMUG00000060921	0
ENSMMUG00000055369	0
ENSMMUG00000021017	1
ENSMMUG00000004803	0
ENSMMUG00000005229	9
ENSMMUG00000048852	0
ENSMMUG00000039865	11
ENSMMUG00000012491	16
ENSMMUG00000059192	0
ENSMMUG00000063335	0
ENSMMUG00000026917	0
ENSMMUG00000027128	0
ENSMMUG00000050132	0
ENSMMUG00000044167	0
ENSMMUG00000006548	0
ENSMMUG00000064280	613
ENSMMUG00000026089	0
ENSMMUG00000035162	0
ENSMMUG00000027463	0
ENSMMUG00000026507	0
ENSMMUG00000018259	18
ENSMMUG00000022683	0
ENSMMUG00000054401	0
ENSMMUG00000041868	0
ENSMMUG00000058784	0
ENSMMUG00000022442	4
ENSMMUG00000053943	0
ENSMMUG00000058600	0
ENSMMUG00000018260	10
ENSMMUG00000052067	0
ENSMMUG00000053507	0
ENSMMUG00000063090	0
ENSMMUG00000030385	0
ENSMMUG00000059730	0
ENSMMUG00000006549	0
ENSMMUG00000009610	0
ENSMMUG00000052599	0
ENSMMUG00000060317	0
ENSMMUG00000006550	27
ENSMMUG00000014226	0
ENSMMUG00000052795	0
ENSMMUG00000051130	0
ENSMMUG00000009609	0
ENSMMUG00000048612	0
ENSMMUG00000013645	7
ENSMMUG00000059165	0
ENSMMUG00000051146	0
ENSMMUG00000047129	0
ENSMMUG00000022439	0
ENSMMUG00000051456	0
ENSMMUG00000056110	0
ENSMMUG00000017232	8
ENSMMUG00000053261	0
ENSMMUG00000053855	0
ENSMMUG00000042443	0
ENSMMUG00000016271	0
ENSMMUG00000055710	0
ENSMMUG00000002277	4
ENSMMUG00000002886	0
ENSMMUG00000063570	6
ENSMMUG00000021461	73
ENSMMUG00000058787	0
ENSMMUG00000022772	50
ENSMMUG00000014907	17
ENSMMUG00000022776	47
ENSMMUG00000016273	0
ENSMMUG00000022778	0
ENSMMUG00000002884	7
ENSMMUG00000006770	21
ENSMMUG00000052881	7
ENSMMUG00000050858	0
ENSMMUG00000028148	0
ENSMMUG00000052527	0
ENSMMUG00000028409	0
ENSMMUG00000053080	0
ENSMMUG00000047984	0
ENSMMUG00000022791	0
ENSMMUG00000011695	0
ENSMMUG00000038731	0
ENSMMUG00000047830	0
ENSMMUG00000030100	0
ENSMMUG00000054445	0
ENSMMUG00000055175	0
ENSMMUG00000014270	31
ENSMMUG00000037714	0
ENSMMUG00000004944	7
ENSMMUG00000016939	7
ENSMMUG00000062774	0
ENSMMUG00000002481	28
ENSMMUG00000020050	24
ENSMMUG00000011170	0
ENSMMUG00000059061	0
ENSMMUG00000044786	0
ENSMMUG00000063424	0
ENSMMUG00000002364	14
ENSMMUG00000011694	16
ENSMMUG00000064350	0
ENSMMUG00000011770	1
ENSMMUG00000063471	7
ENSMMUG00000037205	0
ENSMMUG00000063579	15
ENSMMUG00000004222	23
ENSMMUG00000061032	0
ENSMMUG00000053649	0
ENSMMUG00000050995	0
ENSMMUG00000050480	0
ENSMMUG00000057928	0
ENSMMUG00000036166	0
ENSMMUG00000009093	2
ENSMMUG00000063502	0
ENSMMUG00000020271	0
ENSMMUG00000010329	44
ENSMMUG00000009004	9
ENSMMUG00000052228	0
ENSMMUG00000051163	0
ENSMMUG00000030377	1
ENSMMUG00000022769	12
ENSMMUG00000016938	76
ENSMMUG00000004224	13
ENSMMUG00000054515	0
ENSMMUG00000049287	0
ENSMMUG00000001623	0
ENSMMUG00000055070	0
ENSMMUG00000011368	10
ENSMMUG00000062758	0
ENSMMUG00000059562	0
ENSMMUG00000056175	0
ENSMMUG00000053098	1
ENSMMUG00000009289	12
ENSMMUG00000016936	11
ENSMMUG00000064390	0
ENSMMUG00000011367	6
ENSMMUG00000061557	0
ENSMMUG00000051678	0
ENSMMUG00000008126	25
ENSMMUG00000040332	0
ENSMMUG00000009748	0
ENSMMUG00000060356	0
ENSMMUG00000012024	1
ENSMMUG00000026124	0
ENSMMUG00000053674	13
ENSMMUG00000063263	0
ENSMMUG00000025030	0
ENSMMUG00000024050	0
ENSMMUG00000064956	0
ENSMMUG00000050875	10
ENSMMUG00000019937	0
ENSMMUG00000014555	4
ENSMMUG00000009288	0
ENSMMUG00000021915	1
ENSMMUG00000001625	0
ENSMMUG00000012021	13
ENSMMUG00000014557	1
ENSMMUG00000059269	0
ENSMMUG00000062366	0
ENSMMUG00000052352	0
ENSMMUG00000015870	0
ENSMMUG00000052861	0
ENSMMUG00000001143	0
ENSMMUG00000050105	0
ENSMMUG00000064055	0
ENSMMUG00000005931	0
ENSMMUG00000054348	0
ENSMMUG00000044653	0
ENSMMUG00000039273	0
ENSMMUG00000003440	0
ENSMMUG00000009818	0
ENSMMUG00000060990	0
ENSMMUG00000044879	0
ENSMMUG00000054457	0
ENSMMUG00000055264	0
ENSMMUG00000061142	0
ENSMMUG00000052244	0
ENSMMUG00000058179	0
ENSMMUG00000001553	4
ENSMMUG00000052640	0
ENSMMUG00000020332	0
ENSMMUG00000064187	0
ENSMMUG00000009183	14
ENSMMUG00000051029	0
ENSMMUG00000053877	0
ENSMMUG00000060238	0
ENSMMUG00000049629	0
ENSMMUG00000058982	0
ENSMMUG00000063185	0
ENSMMUG00000023196	0
ENSMMUG00000062729	1
ENSMMUG00000055050	0
ENSMMUG00000052248	0
ENSMMUG00000063867	0
ENSMMUG00000045349	0
ENSMMUG00000062085	0
ENSMMUG00000010419	0
ENSMMUG00000054915	0
ENSMMUG00000053543	0
ENSMMUG00000056515	0
ENSMMUG00000023194	0
ENSMMUG00000010420	10
ENSMMUG00000049575	0
ENSMMUG00000059654	0
ENSMMUG00000044533	19
ENSMMUG00000039193	0
ENSMMUG00000047473	0
ENSMMUG00000062169	0
ENSMMUG00000014987	0
ENSMMUG00000064624	0
ENSMMUG00000062897	0
ENSMMUG00000012019	20
ENSMMUG00000053732	0
ENSMMUG00000052689	0
ENSMMUG00000006701	3
ENSMMUG00000006286	6
ENSMMUG00000042299	28
ENSMMUG00000051385	0
ENSMMUG00000060361	0
ENSMMUG00000022485	0
ENSMMUG00000058068	0
ENSMMUG00000030384	62
ENSMMUG00000054851	0
ENSMMUG00000062260	0
ENSMMUG00000022107	7
ENSMMUG00000052574	0
ENSMMUG00000050984	0
ENSMMUG00000019445	0
ENSMMUG00000054396	0
ENSMMUG00000043151	0
ENSMMUG00000061255	0
ENSMMUG00000056703	0
ENSMMUG00000022484	0
ENSMMUG00000050927	0
ENSMMUG00000035757	0
ENSMMUG00000012203	19
ENSMMUG00000049767	0
ENSMMUG00000058291	0
ENSMMUG00000004839	0
ENSMMUG00000048246	0
ENSMMUG00000055809	0
ENSMMUG00000064018	0
ENSMMUG00000025101	0
ENSMMUG00000056284	0
ENSMMUG00000022699	0
ENSMMUG00000057494	0
ENSMMUG00000048577	0
ENSMMUG00000054505	0
ENSMMUG00000015516	0
ENSMMUG00000055370	0
ENSMMUG00000037037	0
ENSMMUG00000062211	0
ENSMMUG00000057993	0
ENSMMUG00000007399	0
ENSMMUG00000033015	0
ENSMMUG00000059948	0
ENSMMUG00000055612	0
ENSMMUG00000061041	2
ENSMMUG00000050269	0
ENSMMUG00000015282	2
ENSMMUG00000058360	0
ENSMMUG00000022114	1
ENSMMUG00000057838	0
ENSMMUG00000047349	0
ENSMMUG00000051122	0
ENSMMUG00000005299	1
ENSMMUG00000043894	0
ENSMMUG00000047885	0
ENSMMUG00000053816	0
ENSMMUG00000031775	0
ENSMMUG00000060028	0
ENSMMUG00000051849	0
ENSMMUG00000012648	14
ENSMMUG00000015284	41
ENSMMUG00000059234	0
ENSMMUG00000016017	0
ENSMMUG00000062393	0
ENSMMUG00000007470	4
ENSMMUG00000062258	0
ENSMMUG00000064823	0
ENSMMUG00000017050	0
ENSMMUG00000020043	0
ENSMMUG00000022697	0
ENSMMUG00000016286	0
ENSMMUG00000017049	0
ENSMMUG00000017570	7
ENSMMUG00000004300	0
ENSMMUG00000022696	4
ENSMMUG00000042793	5
ENSMMUG00000052519	0
ENSMMUG00000064876	0
ENSMMUG00000017045	13
ENSMMUG00000003637	0
ENSMMUG00000046388	0
ENSMMUG00000011764	0
ENSMMUG00000063357	0
ENSMMUG00000001560	0
ENSMMUG00000006696	0
ENSMMUG00000054333	0
ENSMMUG00000054370	0
ENSMMUG00000023657	1
ENSMMUG00000064238	0
ENSMMUG00000063778	9
ENSMMUG00000063292	0
ENSMMUG00000023656	0
ENSMMUG00000058269	193
ENSMMUG00000003128	2
ENSMMUG00000055568	0
ENSMMUG00000051032	0
ENSMMUG00000017041	4
ENSMMUG00000056744	381
ENSMMUG00000062116	0
ENSMMUG00000059620	0
ENSMMUG00000023654	7
ENSMMUG00000037761	1
ENSMMUG00000001562	4
ENSMMUG00000052682	0
ENSMMUG00000057211	0
ENSMMUG00000059019	0
ENSMMUG00000058459	0
ENSMMUG00000046728	0
ENSMMUG00000011761	5
ENSMMUG00000022695	0
ENSMMUG00000056912	0
ENSMMUG00000023653	0
ENSMMUG00000006205	123
ENSMMUG00000043482	0
ENSMMUG00000009917	52
ENSMMUG00000011602	5
ENSMMUG00000012427	0
ENSMMUG00000016817	0
ENSMMUG00000064085	0
ENSMMUG00000058690	0
ENSMMUG00000027207	0
ENSMMUG00000028411	0
ENSMMUG00000049975	404
ENSMMUG00000059928	0
ENSMMUG00000036741	0
ENSMMUG00000051969	0
ENSMMUG00000012432	2
ENSMMUG00000011758	7
ENSMMUG00000015685	0
ENSMMUG00000059550	0
ENSMMUG00000037624	1
ENSMMUG00000003840	3
ENSMMUG00000053698	0
ENSMMUG00000054290	0
ENSMMUG00000010336	27
ENSMMUG00000020088	153
ENSMMUG00000012435	12
ENSMMUG00000004236	1
ENSMMUG00000004719	11
ENSMMUG00000060707	0
ENSMMUG00000003843	3
ENSMMUG00000000517	6
ENSMMUG00000058683	0
ENSMMUG00000052650	0
ENSMMUG00000054853	0
ENSMMUG00000051388	0
ENSMMUG00000062962	0
ENSMMUG00000057887	0
ENSMMUG00000048526	8
ENSMMUG00000003429	0
ENSMMUG00000060878	0
ENSMMUG00000056270	0
ENSMMUG00000053372	0
ENSMMUG00000049829	0
ENSMMUG00000012550	0
ENSMMUG00000004975	0
ENSMMUG00000033837	0
ENSMMUG00000065311	3
ENSMMUG00000003430	3
ENSMMUG00000061235	0
ENSMMUG00000012547	10
ENSMMUG00000018085	1
ENSMMUG00000057136	0
ENSMMUG00000056091	0
ENSMMUG00000019983	1
ENSMMUG00000052826	0
ENSMMUG00000062440	0
ENSMMUG00000012541	0
ENSMMUG00000056674	4
ENSMMUG00000020418	0
ENSMMUG00000003432	15
ENSMMUG00000020086	60
ENSMMUG00000060818	0
ENSMMUG00000018084	0
ENSMMUG00000063080	0
ENSMMUG00000035975	0
ENSMMUG00000018842	21
ENSMMUG00000062454	0
ENSMMUG00000039009	0
ENSMMUG00000056818	0
ENSMMUG00000025279	0
ENSMMUG00000006771	0
ENSMMUG00000007362	5
ENSMMUG00000003433	0
ENSMMUG00000002987	3
ENSMMUG00000049382	0
ENSMMUG00000055505	0
ENSMMUG00000006767	0
ENSMMUG00000054636	0
ENSMMUG00000008632	5
ENSMMUG00000062507	0
ENSMMUG00000060395	0
ENSMMUG00000051370	0
ENSMMUG00000061493	0
ENSMMUG00000012539	0
ENSMMUG00000051890	0
ENSMMUG00000018081	0
ENSMMUG00000052200	0
ENSMMUG00000055715	0
ENSMMUG00000048420	0
ENSMMUG00000006766	4
ENSMMUG00000022766	3
ENSMMUG00000020565	20
ENSMMUG00000054883	0
ENSMMUG00000039167	0
ENSMMUG00000012529	8
ENSMMUG00000057951	0
ENSMMUG00000018079	0
ENSMMUG00000022764	0
ENSMMUG00000034757	0
ENSMMUG00000006823	61
ENSMMUG00000050587	0
ENSMMUG00000064839	0
ENSMMUG00000001125	0
ENSMMUG00000062860	0
ENSMMUG00000010788	0
ENSMMUG00000012528	0
ENSMMUG00000064897	0
ENSMMUG00000054119	0
ENSMMUG00000016803	12
ENSMMUG00000018058	7
ENSMMUG00000032675	0
ENSMMUG00000055247	0
ENSMMUG00000053529	0
ENSMMUG00000054109	0
ENSMMUG00000045852	4
ENSMMUG00000001649	16
ENSMMUG00000032870	0
ENSMMUG00000036407	0
ENSMMUG00000010846	3
ENSMMUG00000065141	0
ENSMMUG00000000880	0
ENSMMUG00000050459	0
ENSMMUG00000062652	3
ENSMMUG00000032973	0
ENSMMUG00000055790	0
ENSMMUG00000049918	0
ENSMMUG00000064213	0
ENSMMUG00000021684	12
ENSMMUG00000047410	0
ENSMMUG00000062997	0
ENSMMUG00000025035	0
ENSMMUG00000004605	0
ENSMMUG00000042472	0
ENSMMUG00000008329	0
ENSMMUG00000060787	0
ENSMMUG00000058383	0
ENSMMUG00000004600	0
ENSMMUG00000003722	0
ENSMMUG00000007586	22
ENSMMUG00000063684	0
ENSMMUG00000062608	0
ENSMMUG00000059296	0
ENSMMUG00000007821	0
ENSMMUG00000034027	0
ENSMMUG00000053302	0
ENSMMUG00000057707	0
ENSMMUG00000043099	0
ENSMMUG00000065259	0
ENSMMUG00000059764	0
ENSMMUG00000053518	0
ENSMMUG00000062991	4
ENSMMUG00000050613	0
ENSMMUG00000017270	1
ENSMMUG00000053087	0
ENSMMUG00000012066	0
ENSMMUG00000065271	0
ENSMMUG00000062903	0
ENSMMUG00000052042	0
ENSMMUG00000020184	3
ENSMMUG00000056354	0
ENSMMUG00000001003	4
ENSMMUG00000053203	1
ENSMMUG00000052849	1
ENSMMUG00000054417	0
ENSMMUG00000054848	0
ENSMMUG00000014804	99
ENSMMUG00000018057	0
ENSMMUG00000055749	0
ENSMMUG00000003701	23
ENSMMUG00000020183	0
ENSMMUG00000010787	0
ENSMMUG00000050802	0
ENSMMUG00000060099	0
ENSMMUG00000064967	0
ENSMMUG00000053463	0
ENSMMUG00000058845	0
ENSMMUG00000018053	2
ENSMMUG00000062666	0
ENSMMUG00000051460	0
ENSMMUG00000058302	0
ENSMMUG00000053485	0
ENSMMUG00000004436	0
ENSMMUG00000049607	0
ENSMMUG00000007030	6
ENSMMUG00000056964	0
ENSMMUG00000059368	0
ENSMMUG00000040250	0
ENSMMUG00000061743	0
ENSMMUG00000010785	28
ENSMMUG00000059537	0
ENSMMUG00000055668	0
ENSMMUG00000054743	0
ENSMMUG00000018046	2
ENSMMUG00000010781	18
ENSMMUG00000007626	11
ENSMMUG00000018043	0
ENSMMUG00000022727	17
ENSMMUG00000063908	0
ENSMMUG00000063478	0
ENSMMUG00000058232	0
ENSMMUG00000024996	0
ENSMMUG00000015332	47
ENSMMUG00000050604	0
ENSMMUG00000015329	634
ENSMMUG00000000480	1
ENSMMUG00000060506	0
ENSMMUG00000022513	0
ENSMMUG00000003703	1
ENSMMUG00000040343	43
ENSMMUG00000021730	2
ENSMMUG00000022732	4
ENSMMUG00000006799	0
ENSMMUG00000052776	0
ENSMMUG00000056278	0
ENSMMUG00000005511	130
ENSMMUG00000044257	60
ENSMMUG00000007555	0
ENSMMUG00000041549	0
ENSMMUG00000011095	7
ENSMMUG00000062898	0
ENSMMUG00000033200	0
ENSMMUG00000061208	0
ENSMMUG00000026608	0
ENSMMUG00000064638	0
ENSMMUG00000055538	0
ENSMMUG00000055753	0
ENSMMUG00000001979	0
ENSMMUG00000022702	11
ENSMMUG00000003023	5
ENSMMUG00000017575	5
ENSMMUG00000016074	3
ENSMMUG00000001458	49
ENSMMUG00000059306	0
ENSMMUG00000058250	0
ENSMMUG00000003020	0
ENSMMUG00000021678	1
ENSMMUG00000004257	11
ENSMMUG00000004298	1
ENSMMUG00000023771	0
ENSMMUG00000057107	0
ENSMMUG00000022701	0
ENSMMUG00000063506	0
ENSMMUG00000005509	6
ENSMMUG00000001460	65
ENSMMUG00000020091	2
ENSMMUG00000005508	0
ENSMMUG00000057635	0
ENSMMUG00000052955	0
ENSMMUG00000035981	0
ENSMMUG00000004301	6
ENSMMUG00000063411	0
ENSMMUG00000064901	0
ENSMMUG00000000427	7
ENSMMUG00000053467	9
ENSMMUG00000062310	5
ENSMMUG00000051566	0
ENSMMUG00000003961	0
ENSMMUG00000061740	0
ENSMMUG00000000383	0
ENSMMUG00000020090	0
ENSMMUG00000030454	11
ENSMMUG00000030408	23
ENSMMUG00000063664	0
ENSMMUG00000052773	0
ENSMMUG00000038674	0
ENSMMUG00000047078	38
ENSMMUG00000015728	24
ENSMMUG00000062684	0
ENSMMUG00000003956	12
ENSMMUG00000008189	0
ENSMMUG00000019191	10
ENSMMUG00000030244	6
ENSMMUG00000019593	4
ENSMMUG00000020139	0
ENSMMUG00000055041	0
ENSMMUG00000020140	17
ENSMMUG00000035563	0
ENSMMUG00000003572	2
ENSMMUG00000019005	12
ENSMMUG00000065005	0
ENSMMUG00000020141	1
ENSMMUG00000047333	22
ENSMMUG00000052780	0
ENSMMUG00000061034	7
ENSMMUG00000060637	0
ENSMMUG00000051823	0
ENSMMUG00000017652	0
ENSMMUG00000019104	0
ENSMMUG00000027541	0
ENSMMUG00000036294	0
ENSMMUG00000040393	13
ENSMMUG00000063904	0
ENSMMUG00000057894	0
ENSMMUG00000020089	0
ENSMMUG00000013405	62
ENSMMUG00000037492	0
ENSMMUG00000055483	0
ENSMMUG00000013407	112
ENSMMUG00000022728	10
ENSMMUG00000018652	1
ENSMMUG00000049886	0
ENSMMUG00000019776	11
ENSMMUG00000053974	0
ENSMMUG00000026362	0
ENSMMUG00000025627	0
ENSMMUG00000058843	0
ENSMMUG00000054632	0
ENSMMUG00000053283	0
ENSMMUG00000062544	0
ENSMMUG00000051662	0
ENSMMUG00000064068	12
ENSMMUG00000012107	0
ENSMMUG00000038489	4
ENSMMUG00000059531	1
ENSMMUG00000060576	10
ENSMMUG00000052276	0
ENSMMUG00000022730	14
ENSMMUG00000064955	0
ENSMMUG00000057702	0
ENSMMUG00000053107	0
ENSMMUG00000052829	0
ENSMMUG00000063949	0
ENSMMUG00000052538	0
ENSMMUG00000054278	0
ENSMMUG00000041194	0
ENSMMUG00000059129	0
ENSMMUG00000062340	0
ENSMMUG00000060168	0
ENSMMUG00000043308	0
ENSMMUG00000065108	1
ENSMMUG00000052978	0
ENSMMUG00000052328	14
ENSMMUG00000063255	0
ENSMMUG00000007097	16
ENSMMUG00000053516	0
ENSMMUG00000006458	6
ENSMMUG00000014384	80
ENSMMUG00000011785	3
ENSMMUG00000061706	5
ENSMMUG00000049946	0
ENSMMUG00000053559	0
ENSMMUG00000014122	2
ENSMMUG00000004949	8
ENSMMUG00000006779	11
ENSMMUG00000042946	0
ENSMMUG00000053014	4
ENSMMUG00000024119	0
ENSMMUG00000008727	16
ENSMMUG00000065253	0
ENSMMUG00000018261	29
ENSMMUG00000065283	0
ENSMMUG00000004087	12
ENSMMUG00000006784	2
ENSMMUG00000049475	0
ENSMMUG00000053148	0
ENSMMUG00000060678	0
ENSMMUG00000050824	2
ENSMMUG00000022490	0
ENSMMUG00000006460	3
ENSMMUG00000017056	12
ENSMMUG00000055562	0
ENSMMUG00000064838	0
ENSMMUG00000008725	22
ENSMMUG00000021650	0
ENSMMUG00000062015	0
ENSMMUG00000039622	0
ENSMMUG00000023470	0
ENSMMUG00000008723	1
ENSMMUG00000052737	0
ENSMMUG00000013015	5
ENSMMUG00000058030	0
ENSMMUG00000052234	0
ENSMMUG00000060303	0
ENSMMUG00000004591	9
ENSMMUG00000021722	18
ENSMMUG00000054047	0
ENSMMUG00000061030	0
ENSMMUG00000063929	0
ENSMMUG00000052008	0
ENSMMUG00000022502	19
ENSMMUG00000054973	0
ENSMMUG00000001801	17
ENSMMUG00000059144	0
ENSMMUG00000022503	0
ENSMMUG00000022394	115
ENSMMUG00000050115	0
ENSMMUG00000055297	0
ENSMMUG00000063794	0
ENSMMUG00000061426	0
ENSMMUG00000022504	0
ENSMMUG00000062979	0
ENSMMUG00000055884	0
ENSMMUG00000017605	10
ENSMMUG00000057693	0
ENSMMUG00000019724	15
ENSMMUG00000059171	0
ENSMMUG00000008601	41
ENSMMUG00000006331	0
ENSMMUG00000057007	0
ENSMMUG00000014082	3
ENSMMUG00000032747	0
ENSMMUG00000060885	0
ENSMMUG00000064503	0
ENSMMUG00000032842	0
ENSMMUG00000063367	0
ENSMMUG00000004021	18
ENSMMUG00000055779	0
ENSMMUG00000050435	0
ENSMMUG00000013440	45
ENSMMUG00000059943	0
ENSMMUG00000055123	0
ENSMMUG00000064285	0
ENSMMUG00000021726	0
ENSMMUG00000013442	18
ENSMMUG00000011227	25
ENSMMUG00000058309	0
ENSMMUG00000011228	22
ENSMMUG00000059507	0
ENSMMUG00000054670	0
ENSMMUG00000027069	0
ENSMMUG00000054775	0
ENSMMUG00000060853	42
ENSMMUG00000062987	9
ENSMMUG00000059527	0
ENSMMUG00000013084	0
ENSMMUG00000053441	0
ENSMMUG00000061887	0
ENSMMUG00000044086	0
ENSMMUG00000058243	0
ENSMMUG00000058499	30
ENSMMUG00000055479	0
ENSMMUG00000063916	0
ENSMMUG00000049381	0
ENSMMUG00000011269	0
ENSMMUG00000063901	0
ENSMMUG00000049612	0
ENSMMUG00000043630	0
ENSMMUG00000062591	4
ENSMMUG00000055088	0
ENSMMUG00000062067	0
ENSMMUG00000060184	5
ENSMMUG00000027100	0
ENSMMUG00000053178	0
ENSMMUG00000027023	0
ENSMMUG00000062801	0
ENSMMUG00000026912	0
ENSMMUG00000053690	0
ENSMMUG00000055941	0
ENSMMUG00000046715	0
ENSMMUG00000049925	0
ENSMMUG00000056772	0
ENSMMUG00000013447	8
ENSMMUG00000058554	0
ENSMMUG00000052717	0
ENSMMUG00000055465	0
ENSMMUG00000062494	0
ENSMMUG00000060653	0
ENSMMUG00000054100	0
ENSMMUG00000061717	0
ENSMMUG00000057524	0
ENSMMUG00000062928	0
ENSMMUG00000001308	0
ENSMMUG00000011232	4
ENSMMUG00000007770	0
ENSMMUG00000054864	0
ENSMMUG00000062114	0
ENSMMUG00000013450	8
ENSMMUG00000058725	0
ENSMMUG00000025475	0
ENSMMUG00000058199	0
ENSMMUG00000055045	0
ENSMMUG00000035313	0
ENSMMUG00000030448	4
ENSMMUG00000064940	0
ENSMMUG00000056346	0
ENSMMUG00000036921	0
ENSMMUG00000052990	0
ENSMMUG00000017675	23
ENSMMUG00000052564	0
ENSMMUG00000017063	17
ENSMMUG00000011672	0
ENSMMUG00000050574	0
ENSMMUG00000051302	0
ENSMMUG00000050168	0
ENSMMUG00000057603	0
ENSMMUG00000058293	0
ENSMMUG00000036439	0
ENSMMUG00000013452	0
ENSMMUG00000007351	23
ENSMMUG00000046561	0
ENSMMUG00000051491	85
ENSMMUG00000044333	0
ENSMMUG00000056368	0
ENSMMUG00000039501	0
ENSMMUG00000013453	3
ENSMMUG00000064560	0
ENSMMUG00000017064	1
ENSMMUG00000064256	0
ENSMMUG00000018401	26
ENSMMUG00000039079	0
ENSMMUG00000000246	13
ENSMMUG00000018402	4
ENSMMUG00000018404	0
ENSMMUG00000049357	1
ENSMMUG00000007204	0
ENSMMUG00000058932	0
ENSMMUG00000050732	0
ENSMMUG00000007045	9
ENSMMUG00000060895	0
ENSMMUG00000056853	0
ENSMMUG00000007206	26
ENSMMUG00000024461	0
ENSMMUG00000010297	4
ENSMMUG00000019992	11
ENSMMUG00000008219	0
ENSMMUG00000062128	0
ENSMMUG00000053562	0
ENSMMUG00000061790	0
ENSMMUG00000053341	0
ENSMMUG00000056271	0
ENSMMUG00000018405	0
ENSMMUG00000060363	0
ENSMMUG00000027096	0
ENSMMUG00000007208	15
ENSMMUG00000054818	0
ENSMMUG00000007209	8
ENSMMUG00000059307	0
ENSMMUG00000051278	0
ENSMMUG00000017058	0
ENSMMUG00000008220	186
ENSMMUG00000049463	0
ENSMMUG00000057474	0
ENSMMUG00000011748	9
ENSMMUG00000019991	0
ENSMMUG00000012540	0
ENSMMUG00000011750	0
ENSMMUG00000049620	0
ENSMMUG00000000505	0
ENSMMUG00000052346	10
ENSMMUG00000054296	0
ENSMMUG00000055645	0
ENSMMUG00000039033	9
ENSMMUG00000012548	61
ENSMMUG00000060460	0
ENSMMUG00000056863	0
ENSMMUG00000000504	2
ENSMMUG00000053646	0
ENSMMUG00000050524	0
ENSMMUG00000052062	0
ENSMMUG00000055826	0
ENSMMUG00000056537	0
ENSMMUG00000058569	0
ENSMMUG00000008733	15
ENSMMUG00000060574	0
ENSMMUG00000052801	0
ENSMMUG00000052979	0
ENSMMUG00000025345	0
ENSMMUG00000044365	0
ENSMMUG00000059219	0
ENSMMUG00000023308	0
ENSMMUG00000032971	0
ENSMMUG00000044759	0
ENSMMUG00000023310	0
ENSMMUG00000043922	0
ENSMMUG00000061367	0
ENSMMUG00000054231	0
ENSMMUG00000002434	3
ENSMMUG00000051215	0
ENSMMUG00000058084	0
ENSMMUG00000051765	0
ENSMMUG00000033348	0
ENSMMUG00000011153	69
ENSMMUG00000052615	0
ENSMMUG00000004282	9
ENSMMUG00000038178	0
ENSMMUG00000063932	0
ENSMMUG00000061445	0
ENSMMUG00000003176	62
ENSMMUG00000002435	8
ENSMMUG00000000182	6
ENSMMUG00000049619	1
ENSMMUG00000047872	0
ENSMMUG00000043070	0
ENSMMUG00000022806	0
ENSMMUG00000051860	0
ENSMMUG00000012720	0
ENSMMUG00000055724	0
ENSMMUG00000002439	0
ENSMMUG00000027077	0
ENSMMUG00000051283	0
ENSMMUG00000028555	0
ENSMMUG00000053556	0
ENSMMUG00000002440	5
ENSMMUG00000037597	28
ENSMMUG00000013719	1
ENSMMUG00000013080	42
ENSMMUG00000051643	0
ENSMMUG00000051225	6
ENSMMUG00000013083	9
ENSMMUG00000012418	0
ENSMMUG00000012724	22
ENSMMUG00000054497	0
ENSMMUG00000056666	0
ENSMMUG00000003283	0
ENSMMUG00000055803	0
ENSMMUG00000011659	7
ENSMMUG00000012728	18
ENSMMUG00000058875	0
ENSMMUG00000054611	2
ENSMMUG00000062357	0
ENSMMUG00000061966	0
ENSMMUG00000041566	25
ENSMMUG00000046397	0
ENSMMUG00000056983	0
ENSMMUG00000062930	3
ENSMMUG00000010463	0
ENSMMUG00000056451	0
ENSMMUG00000046663	0
ENSMMUG00000048302	1
ENSMMUG00000046847	0
ENSMMUG00000015311	14
ENSMMUG00000044304	0
ENSMMUG00000062686	0
ENSMMUG00000055609	0
ENSMMUG00000043490	0
ENSMMUG00000017020	4
ENSMMUG00000053532	0
ENSMMUG00000015309	9
ENSMMUG00000015803	2
ENSMMUG00000022072	29
ENSMMUG00000002947	31
ENSMMUG00000022074	15
ENSMMUG00000002949	0
ENSMMUG00000002950	0
ENSMMUG00000037080	0
ENSMMUG00000063077	0
ENSMMUG00000021542	0
ENSMMUG00000065050	0
ENSMMUG00000015797	20
ENSMMUG00000043316	0
ENSMMUG00000036074	0
ENSMMUG00000007461	0
ENSMMUG00000015529	76
ENSMMUG00000063216	0
ENSMMUG00000063265	0
ENSMMUG00000006475	11
ENSMMUG00000004080	119
ENSMMUG00000019181	0
ENSMMUG00000004082	39
ENSMMUG00000044458	0
ENSMMUG00000062433	0
ENSMMUG00000011385	2
ENSMMUG00000058769	0
ENSMMUG00000008581	14
ENSMMUG00000056587	0
ENSMMUG00000059580	0
ENSMMUG00000022863	0
ENSMMUG00000015404	3
ENSMMUG00000015409	11
ENSMMUG00000015411	9
ENSMMUG00000054441	0
ENSMMUG00000019109	13
ENSMMUG00000015412	13
ENSMMUG00000030218	0
ENSMMUG00000059211	0
ENSMMUG00000036250	0
ENSMMUG00000019125	0
ENSMMUG00000053111	0
ENSMMUG00000060405	18
ENSMMUG00000051749	0
ENSMMUG00000006564	3
ENSMMUG00000053978	0
ENSMMUG00000063625	0
ENSMMUG00000006567	38
ENSMMUG00000064962	0
ENSMMUG00000021858	0
ENSMMUG00000062088	0
ENSMMUG00000045463	0
ENSMMUG00000059997	0
ENSMMUG00000065351	0
ENSMMUG00000033822	0
ENSMMUG00000021289	0
ENSMMUG00000053393	0
ENSMMUG00000002116	0
ENSMMUG00000020442	3
ENSMMUG00000010755	0
ENSMMUG00000046165	0
ENSMMUG00000034791	0
ENSMMUG00000028086	0
ENSMMUG00000048853	0
ENSMMUG00000055832	0
ENSMMUG00000053102	0
ENSMMUG00000026830	0
ENSMMUG00000045082	0
ENSMMUG00000028627	0
ENSMMUG00000027098	0
ENSMMUG00000026997	0
ENSMMUG00000051993	13
ENSMMUG00000009632	21
ENSMMUG00000020451	1
ENSMMUG00000032866	1
ENSMMUG00000064737	0
ENSMMUG00000018743	10
ENSMMUG00000005127	0
ENSMMUG00000017541	9
ENSMMUG00000020456	18
ENSMMUG00000021293	0
ENSMMUG00000025903	0
ENSMMUG00000001671	19
ENSMMUG00000020459	59
ENSMMUG00000050885	0
ENSMMUG00000055342	0
ENSMMUG00000040076	34
ENSMMUG00000020466	24
ENSMMUG00000063645	14
ENSMMUG00000009546	22
ENSMMUG00000055422	0
ENSMMUG00000043445	0
ENSMMUG00000006672	12
ENSMMUG00000054070	0
ENSMMUG00000032580	40
ENSMMUG00000049654	0
ENSMMUG00000006679	29
ENSMMUG00000013494	2
ENSMMUG00000006682	8
ENSMMUG00000032634	0
ENSMMUG00000047605	0
ENSMMUG00000053728	0
ENSMMUG00000006687	40
ENSMMUG00000000915	0
ENSMMUG00000010035	0
ENSMMUG00000058300	0
ENSMMUG00000021543	1
ENSMMUG00000000916	0
ENSMMUG00000058048	0
ENSMMUG00000034278	0
ENSMMUG00000052195	0
ENSMMUG00000060808	0
ENSMMUG00000049882	0
ENSMMUG00000058750	7
ENSMMUG00000057442	0
ENSMMUG00000000917	380
ENSMMUG00000050356	0
ENSMMUG00000006244	24
ENSMMUG00000057778	0
ENSMMUG00000006248	0
ENSMMUG00000006249	0
ENSMMUG00000064159	0
ENSMMUG00000015929	0
ENSMMUG00000038898	0
ENSMMUG00000051076	26
ENSMMUG00000013098	144
ENSMMUG00000010943	7
ENSMMUG00000053326	0
ENSMMUG00000057973	0
ENSMMUG00000048649	0
ENSMMUG00000065173	0
ENSMMUG00000028452	0
ENSMMUG00000028442	0
ENSMMUG00000027349	0
ENSMMUG00000049864	0
ENSMMUG00000058648	0
ENSMMUG00000042048	9
ENSMMUG00000052358	0
ENSMMUG00000002651	58
ENSMMUG00000033136	0
ENSMMUG00000017721	0
ENSMMUG00000064934	0
ENSMMUG00000058782	0
ENSMMUG00000012238	18
ENSMMUG00000034712	0
ENSMMUG00000062417	0
ENSMMUG00000004598	0
ENSMMUG00000018549	0
ENSMMUG00000037485	0
ENSMMUG00000011237	0
ENSMMUG00000054821	0
ENSMMUG00000039557	0
ENSMMUG00000062256	0
ENSMMUG00000000767	5
ENSMMUG00000006527	47
ENSMMUG00000050711	0
ENSMMUG00000011788	48
ENSMMUG00000043617	0
ENSMMUG00000052617	18
ENSMMUG00000007212	67
ENSMMUG00000002497	7
ENSMMUG00000006530	0
ENSMMUG00000054253	0
ENSMMUG00000057809	0
ENSMMUG00000055606	0
ENSMMUG00000018707	8
ENSMMUG00000002042	9
ENSMMUG00000060626	0
ENSMMUG00000065296	0
ENSMMUG00000050211	0
ENSMMUG00000009138	0
ENSMMUG00000017159	2
ENSMMUG00000051016	13
ENSMMUG00000049465	0
ENSMMUG00000059102	0
ENSMMUG00000049254	0
ENSMMUG00000050339	0
ENSMMUG00000062419	0
ENSMMUG00000062554	116
ENSMMUG00000039133	384
ENSMMUG00000047155	0
ENSMMUG00000048379	0
ENSMMUG00000002317	3
ENSMMUG00000052888	0
ENSMMUG00000051020	0
ENSMMUG00000052566	0
ENSMMUG00000048892	0
ENSMMUG00000036692	0
ENSMMUG00000011831	1
ENSMMUG00000049696	0
ENSMMUG00000060757	0
ENSMMUG00000049325	0
ENSMMUG00000059100	0
ENSMMUG00000052725	0
ENSMMUG00000064998	0
ENSMMUG00000063970	0
ENSMMUG00000046437	0
ENSMMUG00000002318	0
ENSMMUG00000057027	0
ENSMMUG00000051002	0
ENSMMUG00000002650	8
ENSMMUG00000046200	0
ENSMMUG00000062354	1
ENSMMUG00000016181	3
ENSMMUG00000063700	1
ENSMMUG00000063230	4
ENSMMUG00000011834	0
ENSMMUG00000051950	0
ENSMMUG00000056101	0
ENSMMUG00000002645	19
ENSMMUG00000063125	0
ENSMMUG00000062187	0
ENSMMUG00000053741	0
ENSMMUG00000057847	0
ENSMMUG00000016384	8
ENSMMUG00000040171	0
ENSMMUG00000004679	2
ENSMMUG00000015535	0
ENSMMUG00000056908	0
ENSMMUG00000062092	0
ENSMMUG00000058817	18
ENSMMUG00000000782	0
ENSMMUG00000050336	1
ENSMMUG00000002894	12
ENSMMUG00000015272	23
ENSMMUG00000062384	0
ENSMMUG00000056441	0
ENSMMUG00000011122	11
ENSMMUG00000063623	0
ENSMMUG00000025917	0
ENSMMUG00000000779	22
ENSMMUG00000025184	0
ENSMMUG00000057069	0
ENSMMUG00000015275	60
ENSMMUG00000002433	13
ENSMMUG00000002273	15
ENSMMUG00000005233	0
ENSMMUG00000015276	21
ENSMMUG00000064754	3
ENSMMUG00000022633	54
ENSMMUG00000005232	79
ENSMMUG00000039693	0
ENSMMUG00000045555	5
ENSMMUG00000064014	0
ENSMMUG00000055328	0
ENSMMUG00000056039	0
ENSMMUG00000043412	4
ENSMMUG00000062696	0
ENSMMUG00000022636	7
ENSMMUG00000024362	1
ENSMMUG00000016386	0
ENSMMUG00000001270	0
ENSMMUG00000060375	0
ENSMMUG00000015965	0
ENSMMUG00000059295	0
ENSMMUG00000030802	51
ENSMMUG00000017640	0
ENSMMUG00000060025	0
ENSMMUG00000054135	0
ENSMMUG00000062125	0
ENSMMUG00000055217	0
ENSMMUG00000011386	10
ENSMMUG00000056213	0
ENSMMUG00000059709	0
ENSMMUG00000062226	0
ENSMMUG00000056812	0
ENSMMUG00000062033	3
ENSMMUG00000008033	2
ENSMMUG00000052830	0
ENSMMUG00000011762	0
ENSMMUG00000047276	38
ENSMMUG00000051107	0
ENSMMUG00000058629	0
ENSMMUG00000053874	0
ENSMMUG00000063031	0
ENSMMUG00000017008	0
ENSMMUG00000017108	6
ENSMMUG00000056372	0
ENSMMUG00000040065	0
ENSMMUG00000002430	12
ENSMMUG00000060686	0
ENSMMUG00000049295	30
ENSMMUG00000008596	9
ENSMMUG00000016770	0
ENSMMUG00000063584	0
ENSMMUG00000002427	0
ENSMMUG00000052812	0
ENSMMUG00000064699	0
ENSMMUG00000015543	0
ENSMMUG00000011536	1
ENSMMUG00000038627	0
ENSMMUG00000020435	0
ENSMMUG00000015547	0
ENSMMUG00000020436	1
ENSMMUG00000002411	33
ENSMMUG00000053746	0
ENSMMUG00000015548	0
ENSMMUG00000017321	47
ENSMMUG00000053005	0
ENSMMUG00000063722	0
ENSMMUG00000064255	0
ENSMMUG00000022642	4
ENSMMUG00000063547	0
ENSMMUG00000008005	3
ENSMMUG00000011541	0
ENSMMUG00000016191	0
ENSMMUG00000011542	157
ENSMMUG00000060087	0
ENSMMUG00000011544	16
ENSMMUG00000043306	0
ENSMMUG00000020437	8
ENSMMUG00000005718	0
ENSMMUG00000002426	0
ENSMMUG00000005719	0
ENSMMUG00000007037	0
ENSMMUG00000049185	0
ENSMMUG00000002423	10
ENSMMUG00000007036	0
ENSMMUG00000054565	0
ENSMMUG00000060381	0
ENSMMUG00000010664	0
ENSMMUG00000039248	0
ENSMMUG00000041957	0
ENSMMUG00000048740	0
ENSMMUG00000002422	196
ENSMMUG00000020587	0
ENSMMUG00000062061	0
ENSMMUG00000007032	0
ENSMMUG00000059273	0
ENSMMUG00000027964	0
ENSMMUG00000055183	0
ENSMMUG00000058509	0
ENSMMUG00000019832	5
ENSMMUG00000033913	0
ENSMMUG00000002878	0
ENSMMUG00000049416	0
ENSMMUG00000043491	0
ENSMMUG00000018920	16
ENSMMUG00000002421	0
ENSMMUG00000064860	117
ENSMMUG00000002408	52
ENSMMUG00000057730	0
ENSMMUG00000054741	0
ENSMMUG00000041158	0
ENSMMUG00000056622	0
ENSMMUG00000055430	0
ENSMMUG00000015240	0
ENSMMUG00000027281	0
ENSMMUG00000056444	0
ENSMMUG00000034369	0
ENSMMUG00000002428	1
ENSMMUG00000061812	0
ENSMMUG00000019393	16
ENSMMUG00000055557	0
ENSMMUG00000019023	0
ENSMMUG00000065266	0
ENSMMUG00000015421	6
ENSMMUG00000065142	0
ENSMMUG00000046381	18
ENSMMUG00000006328	0
ENSMMUG00000015427	0
ENSMMUG00000017382	4
ENSMMUG00000015429	0
ENSMMUG00000015432	10
ENSMMUG00000019022	23
ENSMMUG00000019015	10
ENSMMUG00000015436	14
ENSMMUG00000027221	0
ENSMMUG00000026940	0
ENSMMUG00000052833	0
ENSMMUG00000055746	0
ENSMMUG00000052584	0
ENSMMUG00000054694	0
ENSMMUG00000051182	0
ENSMMUG00000005322	0
ENSMMUG00000007250	4
ENSMMUG00000064949	0
ENSMMUG00000061020	0
ENSMMUG00000050300	0
ENSMMUG00000059363	0
ENSMMUG00000050823	0
ENSMMUG00000053339	0
ENSMMUG00000064907	0
ENSMMUG00000036663	0
ENSMMUG00000013764	69
ENSMMUG00000059330	0
ENSMMUG00000065095	0
ENSMMUG00000006421	1
ENSMMUG00000055080	0
ENSMMUG00000057956	0
ENSMMUG00000049363	0
ENSMMUG00000035562	0
ENSMMUG00000037237	0
ENSMMUG00000024428	0
ENSMMUG00000037001	0
ENSMMUG00000053696	0
ENSMMUG00000037473	0
ENSMMUG00000060273	0
ENSMMUG00000022451	17
ENSMMUG00000014509	6
ENSMMUG00000055573	0
ENSMMUG00000052540	0
ENSMMUG00000057810	6
ENSMMUG00000022449	0
ENSMMUG00000051741	0
ENSMMUG00000052530	0
ENSMMUG00000010823	41
ENSMMUG00000060462	0
ENSMMUG00000059386	3
ENSMMUG00000014512	0
ENSMMUG00000013614	1
ENSMMUG00000009612	0
ENSMMUG00000061135	0
ENSMMUG00000063193	0
ENSMMUG00000054750	0
ENSMMUG00000009616	8
ENSMMUG00000047073	0
ENSMMUG00000060185	0
ENSMMUG00000061466	9
ENSMMUG00000050644	0
ENSMMUG00000049449	0
ENSMMUG00000054924	0
ENSMMUG00000001702	0
ENSMMUG00000026577	0
ENSMMUG00000026102	11
ENSMMUG00000024815	0
ENSMMUG00000042817	0
ENSMMUG00000061654	0
ENSMMUG00000065307	7
ENSMMUG00000056215	0
ENSMMUG00000054607	1
ENSMMUG00000025105	0
ENSMMUG00000018064	30
ENSMMUG00000001799	10
ENSMMUG00000055023	0
ENSMMUG00000063906	0
ENSMMUG00000045215	0
ENSMMUG00000052918	0
ENSMMUG00000050966	0
ENSMMUG00000050621	10
ENSMMUG00000050440	19
ENSMMUG00000013563	0
ENSMMUG00000042118	0
ENSMMUG00000017106	0
ENSMMUG00000057908	0
ENSMMUG00000024346	0
ENSMMUG00000008914	8
ENSMMUG00000050009	0
ENSMMUG00000024995	0
ENSMMUG00000051801	1
ENSMMUG00000010042	1
ENSMMUG00000062797	0
ENSMMUG00000047932	2
ENSMMUG00000045064	0
ENSMMUG00000000962	29
ENSMMUG00000061859	0
ENSMMUG00000016638	0
ENSMMUG00000002652	25
ENSMMUG00000064180	0
ENSMMUG00000044415	0
ENSMMUG00000046954	0
ENSMMUG00000032929	0
ENSMMUG00000043163	0
ENSMMUG00000055532	0
ENSMMUG00000059216	0
ENSMMUG00000059841	0
ENSMMUG00000053212	0
ENSMMUG00000059227	0
ENSMMUG00000059623	0
ENSMMUG00000056959	0
ENSMMUG00000060735	0
ENSMMUG00000064521	0
ENSMMUG00000014171	73
ENSMMUG00000057444	0
ENSMMUG00000052713	0
ENSMMUG00000058997	4
ENSMMUG00000057307	0
ENSMMUG00000063025	1
ENSMMUG00000051061	0
ENSMMUG00000055470	0
ENSMMUG00000035796	0
ENSMMUG00000061318	0
ENSMMUG00000016912	0
ENSMMUG00000004774	0
ENSMMUG00000021034	0
ENSMMUG00000061337	0
ENSMMUG00000051895	0
ENSMMUG00000011027	5
ENSMMUG00000042412	0
ENSMMUG00000054906	0
ENSMMUG00000001336	1
ENSMMUG00000058458	0
ENSMMUG00000000330	0
ENSMMUG00000016915	0
ENSMMUG00000061124	0
ENSMMUG00000053009	0
ENSMMUG00000030145	0
ENSMMUG00000030144	17
ENSMMUG00000053687	2
ENSMMUG00000063115	0
ENSMMUG00000050328	0
ENSMMUG00000064695	0
ENSMMUG00000058222	0
ENSMMUG00000044766	2
ENSMMUG00000057634	46
ENSMMUG00000050369	0
ENSMMUG00000056973	0
ENSMMUG00000014251	24
ENSMMUG00000042951	2
ENSMMUG00000020488	0
ENSMMUG00000064559	0
ENSMMUG00000013553	0
ENSMMUG00000001224	0
ENSMMUG00000053263	0
ENSMMUG00000055739	0
ENSMMUG00000053356	0
ENSMMUG00000013557	23
ENSMMUG00000001226	0
ENSMMUG00000000179	0
ENSMMUG00000050416	0
ENSMMUG00000055927	0
ENSMMUG00000036596	0
ENSMMUG00000011877	5
ENSMMUG00000001376	2
ENSMMUG00000061800	0
ENSMMUG00000024350	0
ENSMMUG00000046386	0
ENSMMUG00000063068	0
ENSMMUG00000060546	0
ENSMMUG00000057397	0
ENSMMUG00000064865	0
ENSMMUG00000020502	0
ENSMMUG00000011878	37
ENSMMUG00000055101	0
ENSMMUG00000065235	0
ENSMMUG00000011130	0
ENSMMUG00000054934	0
ENSMMUG00000005018	0
ENSMMUG00000014782	0
ENSMMUG00000025071	0
ENSMMUG00000055022	0
ENSMMUG00000005023	0
ENSMMUG00000011734	19
ENSMMUG00000064036	0
ENSMMUG00000035406	0
ENSMMUG00000047162	0
ENSMMUG00000056115	0
ENSMMUG00000050455	0
ENSMMUG00000061196	0
ENSMMUG00000055474	0
ENSMMUG00000045739	0
ENSMMUG00000053101	1
ENSMMUG00000016180	2
ENSMMUG00000015114	2
ENSMMUG00000018398	0
ENSMMUG00000034485	0
ENSMMUG00000061758	12
ENSMMUG00000059786	0
ENSMMUG00000038950	0
ENSMMUG00000060812	2
ENSMMUG00000062203	0
ENSMMUG00000015288	6
ENSMMUG00000033492	0
ENSMMUG00000016149	0
ENSMMUG00000056057	0
ENSMMUG00000056661	0
ENSMMUG00000023904	0
ENSMMUG00000022191	9
ENSMMUG00000030130	0
ENSMMUG00000022192	1
ENSMMUG00000056563	0
ENSMMUG00000013841	0
ENSMMUG00000008738	3
ENSMMUG00000037127	0
ENSMMUG00000059013	0
ENSMMUG00000037201	0
ENSMMUG00000012265	10
ENSMMUG00000049538	0
ENSMMUG00000032982	0
ENSMMUG00000051164	0
ENSMMUG00000003984	0
ENSMMUG00000057857	0
ENSMMUG00000059351	0
ENSMMUG00000053299	0
ENSMMUG00000051086	0
ENSMMUG00000059426	0
ENSMMUG00000047936	0
ENSMMUG00000064150	0
ENSMMUG00000044181	0
ENSMMUG00000060054	0
ENSMMUG00000059714	0
ENSMMUG00000050815	0
ENSMMUG00000050228	0
ENSMMUG00000054693	0
ENSMMUG00000054898	0
ENSMMUG00000014126	0
ENSMMUG00000029743	0
ENSMMUG00000055930	0
ENSMMUG00000054063	0
ENSMMUG00000059143	0
ENSMMUG00000049080	0
ENSMMUG00000053414	0
ENSMMUG00000050393	0
ENSMMUG00000060800	1
ENSMMUG00000004749	0
ENSMMUG00000009171	0
ENSMMUG00000026873	0
ENSMMUG00000004752	0
ENSMMUG00000059787	0
ENSMMUG00000037313	0
ENSMMUG00000042159	0
ENSMMUG00000029776	0
ENSMMUG00000000570	0
ENSMMUG00000011553	0
ENSMMUG00000050051	0
ENSMMUG00000061125	0
ENSMMUG00000011554	19
ENSMMUG00000056709	0
ENSMMUG00000026703	0
ENSMMUG00000015840	0
ENSMMUG00000065226	0
ENSMMUG00000015092	0
ENSMMUG00000049513	0
ENSMMUG00000046970	0
ENSMMUG00000011556	16
ENSMMUG00000059105	0
ENSMMUG00000061192	0
ENSMMUG00000057846	0
ENSMMUG00000052766	0
ENSMMUG00000056310	0
ENSMMUG00000049372	0
ENSMMUG00000062723	0
ENSMMUG00000027925	0
ENSMMUG00000058511	0
ENSMMUG00000015781	4
ENSMMUG00000062040	0
ENSMMUG00000054640	0
ENSMMUG00000011557	44
ENSMMUG00000019401	0
ENSMMUG00000050771	0
ENSMMUG00000057889	0
ENSMMUG00000050352	0
ENSMMUG00000011559	0
ENSMMUG00000016008	19
ENSMMUG00000013793	15
ENSMMUG00000054793	0
ENSMMUG00000011563	10
ENSMMUG00000029809	0
ENSMMUG00000049935	0
ENSMMUG00000032958	0
ENSMMUG00000054798	0
ENSMMUG00000011565	0
ENSMMUG00000052015	0
ENSMMUG00000007069	0
ENSMMUG00000007899	0
ENSMMUG00000009111	15
ENSMMUG00000020111	3
ENSMMUG00000006811	14
ENSMMUG00000019996	0
ENSMMUG00000050553	0
ENSMMUG00000057388	3
ENSMMUG00000046228	2
ENSMMUG00000051748	0
ENSMMUG00000062873	0
ENSMMUG00000059641	0
ENSMMUG00000053165	0
ENSMMUG00000054708	0
ENSMMUG00000059414	0
ENSMMUG00000061532	0
ENSMMUG00000049686	0
ENSMMUG00000016682	0
ENSMMUG00000053051	0
ENSMMUG00000057290	0
ENSMMUG00000052139	4
ENSMMUG00000021941	0
ENSMMUG00000021943	0
ENSMMUG00000033319	0
ENSMMUG00000016683	6
ENSMMUG00000057240	18
ENSMMUG00000050478	0
ENSMMUG00000010102	11
ENSMMUG00000056480	0
ENSMMUG00000021963	130
ENSMMUG00000026368	0
ENSMMUG00000000823	0
ENSMMUG00000008848	0
ENSMMUG00000059336	74
ENSMMUG00000047460	0
ENSMMUG00000053798	0
ENSMMUG00000021547	13
ENSMMUG00000003067	15
ENSMMUG00000037806	0
ENSMMUG00000009113	176
ENSMMUG00000018827	21
ENSMMUG00000002848	37
ENSMMUG00000059290	10
ENSMMUG00000032878	0
ENSMMUG00000025934	0
ENSMMUG00000052308	2
ENSMMUG00000062970	0
ENSMMUG00000055115	0
ENSMMUG00000052750	300
ENSMMUG00000048227	0
ENSMMUG00000005909	0
ENSMMUG00000005414	166
ENSMMUG00000021964	45
ENSMMUG00000014607	0
ENSMMUG00000019715	0
ENSMMUG00000051055	0
ENSMMUG00000033793	0
ENSMMUG00000057997	0
ENSMMUG00000009317	5
ENSMMUG00000064883	0
ENSMMUG00000053830	0
ENSMMUG00000051018	0
ENSMMUG00000009058	82
ENSMMUG00000010858	16
ENSMMUG00000008202	17
ENSMMUG00000063396	0
ENSMMUG00000064051	7
ENSMMUG00000038541	0
ENSMMUG00000058105	0
ENSMMUG00000009059	1
ENSMMUG00000064283	0
ENSMMUG00000051062	926
ENSMMUG00000020679	8
ENSMMUG00000011214	1
ENSMMUG00000003772	0
ENSMMUG00000009298	1
ENSMMUG00000012588	9
ENSMMUG00000042822	0
ENSMMUG00000020683	6
ENSMMUG00000036396	0
ENSMMUG00000056015	0
ENSMMUG00000063591	0
ENSMMUG00000012293	0
ENSMMUG00000009301	1
ENSMMUG00000050450	0
ENSMMUG00000007087	10
ENSMMUG00000059140	0
ENSMMUG00000027707	0
ENSMMUG00000041860	0
ENSMMUG00000055139	0
ENSMMUG00000019764	19
ENSMMUG00000036340	0
ENSMMUG00000013282	20
ENSMMUG00000016086	25
ENSMMUG00000034609	0
ENSMMUG00000054274	0
ENSMMUG00000050000	0
ENSMMUG00000019846	0
ENSMMUG00000013283	0
ENSMMUG00000020112	15
ENSMMUG00000003130	5
ENSMMUG00000025467	0
ENSMMUG00000019926	9
ENSMMUG00000062576	0
ENSMMUG00000044957	0
ENSMMUG00000056136	0
ENSMMUG00000019550	11
ENSMMUG00000019997	8
ENSMMUG00000040145	3
ENSMMUG00000036680	0
ENSMMUG00000012591	12
ENSMMUG00000019553	0
ENSMMUG00000040329	0
ENSMMUG00000057434	0
ENSMMUG00000045681	0
ENSMMUG00000020113	31
ENSMMUG00000013980	6
ENSMMUG00000033632	0
ENSMMUG00000012696	0
ENSMMUG00000012593	23
ENSMMUG00000009758	38
ENSMMUG00000042643	746
ENSMMUG00000059444	0
ENSMMUG00000051031	0
ENSMMUG00000063242	0
ENSMMUG00000053161	0
ENSMMUG00000018143	0
ENSMMUG00000013284	0
ENSMMUG00000060066	0
ENSMMUG00000055330	0
ENSMMUG00000000137	0
ENSMMUG00000010682	0
ENSMMUG00000019998	1
ENSMMUG00000049398	0
ENSMMUG00000060788	0
ENSMMUG00000060900	0
ENSMMUG00000021051	973
ENSMMUG00000050442	0
ENSMMUG00000027421	0
ENSMMUG00000053795	0
ENSMMUG00000000144	13
ENSMMUG00000058463	0
ENSMMUG00000050289	0
ENSMMUG00000035973	0
ENSMMUG00000050867	0
ENSMMUG00000060969	0
ENSMMUG00000000465	4
ENSMMUG00000057465	0
ENSMMUG00000040187	0
ENSMMUG00000061922	0
ENSMMUG00000024055	0
ENSMMUG00000001130	27
ENSMMUG00000057656	0
ENSMMUG00000060945	0
ENSMMUG00000061306	0
ENSMMUG00000001131	1
ENSMMUG00000009116	3
ENSMMUG00000017031	0
ENSMMUG00000054880	0
ENSMMUG00000036061	0
ENSMMUG00000002649	22
ENSMMUG00000008302	0
ENSMMUG00000057243	4
ENSMMUG00000046045	0
ENSMMUG00000023419	0
ENSMMUG00000056424	0
ENSMMUG00000061510	0
ENSMMUG00000004932	0
ENSMMUG00000035580	0
ENSMMUG00000059262	0
ENSMMUG00000039572	0
ENSMMUG00000053691	0
ENSMMUG00000018142	0
ENSMMUG00000064855	0
ENSMMUG00000041134	0
ENSMMUG00000060295	0
ENSMMUG00000005147	0
ENSMMUG00000057304	0
ENSMMUG00000064943	0
ENSMMUG00000002653	51
ENSMMUG00000005148	0
ENSMMUG00000052137	0
ENSMMUG00000037135	0
ENSMMUG00000011196	20
ENSMMUG00000052819	0
ENSMMUG00000008710	17
ENSMMUG00000059223	0
ENSMMUG00000023863	0
ENSMMUG00000022838	6
ENSMMUG00000063921	0
ENSMMUG00000061686	0
ENSMMUG00000051152	0
ENSMMUG00000051174	0
ENSMMUG00000059706	0
ENSMMUG00000014245	5
ENSMMUG00000037395	0
ENSMMUG00000024109	0
ENSMMUG00000052775	0
ENSMMUG00000054223	0
ENSMMUG00000052903	0
ENSMMUG00000020180	0
ENSMMUG00000059538	0
ENSMMUG00000054095	0
ENSMMUG00000018640	5
ENSMMUG00000008100	64
ENSMMUG00000035459	0
ENSMMUG00000030035	0
ENSMMUG00000043447	0
ENSMMUG00000038505	0
ENSMMUG00000051958	0
ENSMMUG00000011198	0
ENSMMUG00000052920	0
ENSMMUG00000006287	18
ENSMMUG00000052492	0
ENSMMUG00000044051	0
ENSMMUG00000053258	0
ENSMMUG00000045336	0
ENSMMUG00000011026	0
ENSMMUG00000038655	0
ENSMMUG00000054282	0
ENSMMUG00000060292	0
ENSMMUG00000003312	2
ENSMMUG00000049940	0
ENSMMUG00000018621	2
ENSMMUG00000035515	0
ENSMMUG00000018737	0
ENSMMUG00000062640	0
ENSMMUG00000061005	0
ENSMMUG00000059870	0
ENSMMUG00000051989	3
ENSMMUG00000029855	0
ENSMMUG00000057706	0
ENSMMUG00000052409	0
ENSMMUG00000037402	0
ENSMMUG00000059559	0
ENSMMUG00000060746	0
ENSMMUG00000053139	0
ENSMMUG00000009985	17
ENSMMUG00000011033	5
ENSMMUG00000047731	0
ENSMMUG00000007457	0
ENSMMUG00000056474	0
ENSMMUG00000041279	0
ENSMMUG00000056893	0
ENSMMUG00000003131	0
ENSMMUG00000006291	0
ENSMMUG00000055492	10
ENSMMUG00000051203	1
ENSMMUG00000046550	1
ENSMMUG00000001375	24
ENSMMUG00000009768	2
ENSMMUG00000021053	144
ENSMMUG00000003133	0
ENSMMUG00000064344	0
ENSMMUG00000062875	0
ENSMMUG00000011061	0
ENSMMUG00000009770	9
ENSMMUG00000054709	0
ENSMMUG00000060388	1
ENSMMUG00000063370	0
ENSMMUG00000050941	0
ENSMMUG00000061003	0
ENSMMUG00000064771	0
ENSMMUG00000029878	8
ENSMMUG00000049370	0
ENSMMUG00000049085	0
ENSMMUG00000061116	0
ENSMMUG00000051840	0
ENSMMUG00000010313	0
ENSMMUG00000003919	0
ENSMMUG00000015489	67
ENSMMUG00000016787	4
ENSMMUG00000012672	5
ENSMMUG00000012516	0
ENSMMUG00000050444	17
ENSMMUG00000003921	1
ENSMMUG00000009041	66
ENSMMUG00000059206	0
ENSMMUG00000014175	0
ENSMMUG00000043533	8
ENSMMUG00000056708	0
ENSMMUG00000056192	0
ENSMMUG00000060402	0
ENSMMUG00000054777	5
ENSMMUG00000014881	0
ENSMMUG00000006139	9
ENSMMUG00000057828	2
ENSMMUG00000006165	21
ENSMMUG00000025308	0
ENSMMUG00000009158	0
ENSMMUG00000040485	0
ENSMMUG00000053680	0
ENSMMUG00000006216	0
ENSMMUG00000055785	0
ENSMMUG00000012387	5
ENSMMUG00000000419	12
ENSMMUG00000025859	0
ENSMMUG00000050351	0
ENSMMUG00000010308	5
ENSMMUG00000006217	0
ENSMMUG00000010309	6
ENSMMUG00000006141	3
ENSMMUG00000065013	0
ENSMMUG00000050304	0
ENSMMUG00000064349	0
ENSMMUG00000065193	0
ENSMMUG00000005665	0
ENSMMUG00000062111	0
ENSMMUG00000026429	0
ENSMMUG00000012520	0
ENSMMUG00000058891	0
ENSMMUG00000053169	0
ENSMMUG00000056016	6
ENSMMUG00000036153	0
ENSMMUG00000039781	0
ENSMMUG00000061751	15
ENSMMUG00000062300	0
ENSMMUG00000012521	6
ENSMMUG00000010312	7
ENSMMUG00000064673	0
ENSMMUG00000062083	0
ENSMMUG00000059036	0
ENSMMUG00000056954	0
ENSMMUG00000059554	1
ENSMMUG00000064602	0
ENSMMUG00000054738	0
ENSMMUG00000050008	0
ENSMMUG00000059710	0
ENSMMUG00000030085	0
ENSMMUG00000026941	0
ENSMMUG00000054330	0
ENSMMUG00000049919	0
ENSMMUG00000012525	0
ENSMMUG00000049608	0
ENSMMUG00000060891	0
ENSMMUG00000060221	0
ENSMMUG00000060654	2
ENSMMUG00000045588	0
ENSMMUG00000013183	22
ENSMMUG00000053948	0
ENSMMUG00000065280	0
ENSMMUG00000062237	0
ENSMMUG00000006144	0
ENSMMUG00000051941	20
ENSMMUG00000052021	0
ENSMMUG00000017087	10
ENSMMUG00000057082	0
ENSMMUG00000049860	0
ENSMMUG00000061558	0
ENSMMUG00000012389	0
ENSMMUG00000033202	0
ENSMMUG00000015638	0
ENSMMUG00000021942	59
ENSMMUG00000061277	0
ENSMMUG00000049168	0
ENSMMUG00000050464	0
ENSMMUG00000059080	0
ENSMMUG00000046138	0
ENSMMUG00000045543	2
ENSMMUG00000015640	30
ENSMMUG00000009045	4
ENSMMUG00000054525	0
ENSMMUG00000020215	1
ENSMMUG00000054721	0
ENSMMUG00000061016	0
ENSMMUG00000014647	8
ENSMMUG00000009046	65
ENSMMUG00000063544	0
ENSMMUG00000058993	0
ENSMMUG00000004389	0
ENSMMUG00000056357	0
ENSMMUG00000039594	0
ENSMMUG00000063679	0
ENSMMUG00000009047	0
ENSMMUG00000050884	31
ENSMMUG00000064151	0
ENSMMUG00000035540	0
ENSMMUG00000014465	78
ENSMMUG00000061069	0
ENSMMUG00000053035	0
ENSMMUG00000026928	0
ENSMMUG00000018739	0
ENSMMUG00000057930	0
ENSMMUG00000041106	0
ENSMMUG00000064938	0
ENSMMUG00000024171	0
ENSMMUG00000016192	13
ENSMMUG00000050454	0
ENSMMUG00000006146	0
ENSMMUG00000022869	3
ENSMMUG00000055632	0
ENSMMUG00000001353	0
ENSMMUG00000053268	0
ENSMMUG00000060172	0
ENSMMUG00000023971	0
ENSMMUG00000009365	0
ENSMMUG00000052376	0
ENSMMUG00000055521	0
ENSMMUG00000051939	0
ENSMMUG00000053775	0
ENSMMUG00000054841	0
ENSMMUG00000055333	63
ENSMMUG00000064757	0
ENSMMUG00000022870	0
ENSMMUG00000055980	0
ENSMMUG00000019887	0
ENSMMUG00000063729	0
ENSMMUG00000037249	0
ENSMMUG00000053248	0
ENSMMUG00000020214	4
ENSMMUG00000001676	5
ENSMMUG00000056957	0
ENSMMUG00000065128	0
ENSMMUG00000026029	0
ENSMMUG00000005567	0
ENSMMUG00000053558	0
ENSMMUG00000057101	0
ENSMMUG00000059412	1
ENSMMUG00000065291	0
ENSMMUG00000005177	2
ENSMMUG00000004770	0
ENSMMUG00000056688	0
ENSMMUG00000019807	11
ENSMMUG00000051600	1
ENSMMUG00000023988	0
ENSMMUG00000064913	0
ENSMMUG00000054141	0
ENSMMUG00000060861	0
ENSMMUG00000004771	57
ENSMMUG00000014452	68
ENSMMUG00000053770	0
ENSMMUG00000055799	0
ENSMMUG00000049361	0
ENSMMUG00000064696	0
ENSMMUG00000013364	9
ENSMMUG00000018972	0
ENSMMUG00000022982	2
ENSMMUG00000019205	6
ENSMMUG00000053656	0
ENSMMUG00000004772	0
ENSMMUG00000055497	0
ENSMMUG00000003499	0
ENSMMUG00000001678	0
ENSMMUG00000009057	27
ENSMMUG00000053208	4
ENSMMUG00000056250	0
ENSMMUG00000062707	0
ENSMMUG00000000752	11
ENSMMUG00000001951	0
ENSMMUG00000009396	0
ENSMMUG00000054535	0
ENSMMUG00000009366	0
ENSMMUG00000055113	0
ENSMMUG00000051661	0
ENSMMUG00000059726	0
ENSMMUG00000018974	0
ENSMMUG00000060605	0
ENSMMUG00000001950	0
ENSMMUG00000003497	32
ENSMMUG00000005181	0
ENSMMUG00000019814	0
ENSMMUG00000055271	0
ENSMMUG00000001948	0
ENSMMUG00000001947	0
ENSMMUG00000018976	0
ENSMMUG00000060331	0
ENSMMUG00000056597	0
ENSMMUG00000013582	0
ENSMMUG00000062969	0
ENSMMUG00000000332	0
ENSMMUG00000049569	0
ENSMMUG00000057913	0
ENSMMUG00000052511	0
ENSMMUG00000058515	1
ENSMMUG00000003787	28
ENSMMUG00000047309	0
ENSMMUG00000015223	0
ENSMMUG00000048792	0
ENSMMUG00000063940	0
ENSMMUG00000012132	23
ENSMMUG00000019816	0
ENSMMUG00000052685	0
ENSMMUG00000053367	172
ENSMMUG00000003062	6
ENSMMUG00000003789	1
ENSMMUG00000033191	0
ENSMMUG00000054511	0
ENSMMUG00000019817	14
ENSMMUG00000025292	0
ENSMMUG00000015225	5
ENSMMUG00000045473	6
ENSMMUG00000022988	0
ENSMMUG00000014009	0
ENSMMUG00000024683	0
ENSMMUG00000039522	0
ENSMMUG00000049924	0
ENSMMUG00000064063	0
ENSMMUG00000057587	0
ENSMMUG00000024786	0
ENSMMUG00000022891	18
ENSMMUG00000055196	0
ENSMMUG00000012353	42
ENSMMUG00000015226	2
ENSMMUG00000060389	0
ENSMMUG00000058082	10
ENSMMUG00000038163	0
ENSMMUG00000064649	0
ENSMMUG00000050810	0
ENSMMUG00000033132	0
ENSMMUG00000053152	0
ENSMMUG00000050110	0
ENSMMUG00000049317	0
ENSMMUG00000064547	0
ENSMMUG00000037139	0
ENSMMUG00000003791	1
ENSMMUG00000025376	0
ENSMMUG00000050158	0
ENSMMUG00000021354	0
ENSMMUG00000052301	0
ENSMMUG00000055066	0
ENSMMUG00000003146	36
ENSMMUG00000028453	0
ENSMMUG00000051531	0
ENSMMUG00000063272	3
ENSMMUG00000016909	6
ENSMMUG00000062146	0
ENSMMUG00000018379	0
ENSMMUG00000003569	6
ENSMMUG00000051103	0
ENSMMUG00000025999	0
ENSMMUG00000054302	0
ENSMMUG00000052291	2
ENSMMUG00000000340	10
ENSMMUG00000059966	4
ENSMMUG00000039386	6
ENSMMUG00000061096	7
ENSMMUG00000016914	0
ENSMMUG00000061176	0
ENSMMUG00000003316	5
ENSMMUG00000014701	37
ENSMMUG00000055784	0
ENSMMUG00000062097	0
ENSMMUG00000062659	0
ENSMMUG00000021358	16
ENSMMUG00000000712	0
ENSMMUG00000003194	0
ENSMMUG00000016911	4
ENSMMUG00000059611	0
ENSMMUG00000059239	0
ENSMMUG00000053336	0
ENSMMUG00000058005	0
ENSMMUG00000000342	0
ENSMMUG00000001063	9
ENSMMUG00000060149	0
ENSMMUG00000042266	0
ENSMMUG00000063034	0
ENSMMUG00000063686	0
ENSMMUG00000054299	0
ENSMMUG00000016235	28
ENSMMUG00000014738	9
ENSMMUG00000059445	0
ENSMMUG00000056146	0
ENSMMUG00000054442	0
ENSMMUG00000029933	0
ENSMMUG00000062045	0
ENSMMUG00000050405	3
ENSMMUG00000052043	0
ENSMMUG00000000421	27
ENSMMUG00000061786	0
ENSMMUG00000058185	0
ENSMMUG00000001344	0
ENSMMUG00000006202	10
ENSMMUG00000048696	0
ENSMMUG00000063168	0
ENSMMUG00000053194	0
ENSMMUG00000012193	11
ENSMMUG00000062023	0
ENSMMUG00000053145	0
ENSMMUG00000014740	0
ENSMMUG00000014211	0
ENSMMUG00000001789	0
ENSMMUG00000006209	0
ENSMMUG00000064022	10
ENSMMUG00000022788	28
ENSMMUG00000016910	21
ENSMMUG00000014124	0
ENSMMUG00000014704	2
ENSMMUG00000035921	0
ENSMMUG00000038051	0
ENSMMUG00000050426	0
ENSMMUG00000046781	0
ENSMMUG00000058489	0
ENSMMUG00000010445	4
ENSMMUG00000042638	0
ENSMMUG00000019439	1
ENSMMUG00000058358	0
ENSMMUG00000049229	0
ENSMMUG00000051644	3
ENSMMUG00000004275	0
ENSMMUG00000021812	0
ENSMMUG00000001722	5
ENSMMUG00000020763	2
ENSMMUG00000029761	0
ENSMMUG00000061338	0
ENSMMUG00000054241	0
ENSMMUG00000060526	10
ENSMMUG00000050679	0
ENSMMUG00000065048	0
ENSMMUG00000055877	26
ENSMMUG00000052517	0
ENSMMUG00000013880	0
ENSMMUG00000019441	8
ENSMMUG00000064489	22
ENSMMUG00000058476	1
ENSMMUG00000054868	0
ENSMMUG00000029791	0
ENSMMUG00000061071	0
ENSMMUG00000059815	0
ENSMMUG00000026141	0
ENSMMUG00000002561	16
ENSMMUG00000064835	13
ENSMMUG00000015175	1
ENSMMUG00000011925	0
ENSMMUG00000055660	0
ENSMMUG00000059831	0
ENSMMUG00000058952	0
ENSMMUG00000054780	1
ENSMMUG00000021813	3
ENSMMUG00000029662	7
ENSMMUG00000013047	31
ENSMMUG00000022154	13
ENSMMUG00000021815	28
ENSMMUG00000004670	1
ENSMMUG00000055989	0
ENSMMUG00000002532	3
ENSMMUG00000063825	0
ENSMMUG00000013186	2
ENSMMUG00000013189	6
ENSMMUG00000015177	0
ENSMMUG00000018692	0
ENSMMUG00000053899	0
ENSMMUG00000059991	0
ENSMMUG00000049972	0
ENSMMUG00000002508	1
ENSMMUG00000050555	0
ENSMMUG00000001753	7
ENSMMUG00000059658	0
ENSMMUG00000060505	0
ENSMMUG00000056027	0
ENSMMUG00000051638	0
ENSMMUG00000011974	0
ENSMMUG00000061469	0
ENSMMUG00000061413	0
ENSMMUG00000056607	0
ENSMMUG00000057463	0
ENSMMUG00000059177	0
ENSMMUG00000000399	0
ENSMMUG00000013588	0
ENSMMUG00000017904	46
ENSMMUG00000062940	0
ENSMMUG00000033488	0
ENSMMUG00000051990	0
ENSMMUG00000062935	0
ENSMMUG00000057777	0
ENSMMUG00000011929	13
ENSMMUG00000054907	0
ENSMMUG00000064015	0
ENSMMUG00000064891	0
ENSMMUG00000040555	0
ENSMMUG00000059795	0
ENSMMUG00000050342	39
ENSMMUG00000010935	0
ENSMMUG00000049184	0
ENSMMUG00000049550	0
ENSMMUG00000016357	37
ENSMMUG00000052565	0
ENSMMUG00000037689	0
ENSMMUG00000001392	0
ENSMMUG00000017905	13
ENSMMUG00000063462	0
ENSMMUG00000017607	1
ENSMMUG00000064631	0
ENSMMUG00000052846	0
ENSMMUG00000000400	10
ENSMMUG00000053977	0
ENSMMUG00000018693	6
ENSMMUG00000049256	60
ENSMMUG00000052915	0
ENSMMUG00000063023	0
ENSMMUG00000052256	0
ENSMMUG00000026756	0
ENSMMUG00000014086	23
ENSMMUG00000018758	19
ENSMMUG00000016641	26
ENSMMUG00000024002	0
ENSMMUG00000058512	0
ENSMMUG00000060059	0
ENSMMUG00000001397	0
ENSMMUG00000063474	0
ENSMMUG00000065327	0
ENSMMUG00000017685	8
ENSMMUG00000063097	0
ENSMMUG00000049310	0
ENSMMUG00000046560	0
ENSMMUG00000010938	0
ENSMMUG00000035653	0
ENSMMUG00000017985	52
ENSMMUG00000044127	0
ENSMMUG00000018742	0
ENSMMUG00000008009	3
ENSMMUG00000017908	8
ENSMMUG00000064265	0
ENSMMUG00000063177	0
ENSMMUG00000014090	1
ENSMMUG00000010940	0
ENSMMUG00000039101	14
ENSMMUG00000052188	3
ENSMMUG00000053384	56
ENSMMUG00000003586	2
ENSMMUG00000061721	0
ENSMMUG00000062206	0
ENSMMUG00000010632	0
ENSMMUG00000018757	20
ENSMMUG00000002272	9
ENSMMUG00000058096	16
ENSMMUG00000011513	2
ENSMMUG00000054237	0
ENSMMUG00000051320	0
ENSMMUG00000060982	0
ENSMMUG00000059671	0
ENSMMUG00000043471	0
ENSMMUG00000006792	39
ENSMMUG00000020923	2
ENSMMUG00000000358	17
ENSMMUG00000021130	0
ENSMMUG00000001233	4
ENSMMUG00000002768	0
ENSMMUG00000001205	3
ENSMMUG00000021131	0
ENSMMUG00000008440	0
ENSMMUG00000021357	8
ENSMMUG00000003996	13
ENSMMUG00000005193	8
ENSMMUG00000037596	0
ENSMMUG00000036603	0
ENSMMUG00000055418	0
ENSMMUG00000035086	0
ENSMMUG00000054076	0
ENSMMUG00000021361	8
ENSMMUG00000058739	0
ENSMMUG00000059145	0
ENSMMUG00000062861	0
ENSMMUG00000063816	0
ENSMMUG00000004417	0
ENSMMUG00000051081	0
ENSMMUG00000049430	0
ENSMMUG00000009136	0
ENSMMUG00000051339	0
ENSMMUG00000018764	0
ENSMMUG00000047880	29
ENSMMUG00000063354	1
ENSMMUG00000025857	0
ENSMMUG00000006795	0
ENSMMUG00000044694	0
ENSMMUG00000012192	1
ENSMMUG00000054187	0
ENSMMUG00000038727	0
ENSMMUG00000026158	0
ENSMMUG00000042832	0
ENSMMUG00000063116	0
ENSMMUG00000035303	0
ENSMMUG00000064843	4
ENSMMUG00000061451	0
ENSMMUG00000054504	21
ENSMMUG00000054010	0
ENSMMUG00000015040	1
ENSMMUG00000054011	0
ENSMMUG00000039760	0
ENSMMUG00000018386	1
ENSMMUG00000015422	3
ENSMMUG00000019858	0
ENSMMUG00000052394	0
ENSMMUG00000058863	0
ENSMMUG00000006551	0
ENSMMUG00000053817	0
ENSMMUG00000053294	0
ENSMMUG00000063717	0
ENSMMUG00000051455	0
ENSMMUG00000031833	0
ENSMMUG00000041390	0
ENSMMUG00000020448	7
ENSMMUG00000029787	1
ENSMMUG00000051551	0
ENSMMUG00000021009	0
ENSMMUG00000006796	2
ENSMMUG00000058902	28
ENSMMUG00000021696	0
ENSMMUG00000053360	0
ENSMMUG00000028242	0
ENSMMUG00000001360	14
ENSMMUG00000015041	0
ENSMMUG00000062522	0
ENSMMUG00000004418	16
ENSMMUG00000059428	0
ENSMMUG00000001939	8
ENSMMUG00000021699	9
ENSMMUG00000061151	0
ENSMMUG00000054414	0
ENSMMUG00000003598	3
ENSMMUG00000027745	0
ENSMMUG00000062473	0
ENSMMUG00000058953	0
ENSMMUG00000025788	0
ENSMMUG00000024450	0
ENSMMUG00000061282	0
ENSMMUG00000003603	17
ENSMMUG00000046325	20
ENSMMUG00000036338	0
ENSMMUG00000065202	0
ENSMMUG00000055564	0
ENSMMUG00000065245	0
ENSMMUG00000016741	12
ENSMMUG00000063213	0
ENSMMUG00000021700	0
ENSMMUG00000018745	0
ENSMMUG00000033224	0
ENSMMUG00000049821	0
ENSMMUG00000025736	0
ENSMMUG00000029973	0
ENSMMUG00000001209	0
ENSMMUG00000060083	0
ENSMMUG00000007661	0
ENSMMUG00000056626	2
ENSMMUG00000054810	0
ENSMMUG00000018746	0
ENSMMUG00000053794	0
ENSMMUG00000055761	15
ENSMMUG00000025186	0
ENSMMUG00000021006	0
ENSMMUG00000035952	0
ENSMMUG00000015433	0
ENSMMUG00000046428	0
ENSMMUG00000022937	0
ENSMMUG00000017057	1
ENSMMUG00000001211	8
ENSMMUG00000034792	0
ENSMMUG00000054041	0
ENSMMUG00000018747	6
ENSMMUG00000021099	0
ENSMMUG00000025021	0
ENSMMUG00000001212	0
ENSMMUG00000026458	16
ENSMMUG00000009997	0
ENSMMUG00000051169	0
ENSMMUG00000039612	0
ENSMMUG00000063748	0
ENSMMUG00000063792	0
ENSMMUG00000024585	0
ENSMMUG00000060186	0
ENSMMUG00000026310	0
ENSMMUG00000056495	0
ENSMMUG00000035409	0
ENSMMUG00000003604	166
ENSMMUG00000040510	1
ENSMMUG00000024247	0
ENSMMUG00000018100	0
ENSMMUG00000036910	0
ENSMMUG00000056880	14
ENSMMUG00000063767	0
ENSMMUG00000062536	0
ENSMMUG00000024115	0
ENSMMUG00000022291	19
ENSMMUG00000054789	7
ENSMMUG00000034153	0
ENSMMUG00000049846	0
ENSMMUG00000063710	0
ENSMMUG00000001213	9
ENSMMUG00000025262	0
ENSMMUG00000040707	0
ENSMMUG00000065341	0
ENSMMUG00000045851	0
ENSMMUG00000059487	0
ENSMMUG00000021701	0
ENSMMUG00000054596	0
ENSMMUG00000055720	0
ENSMMUG00000032960	0
ENSMMUG00000013109	0
ENSMMUG00000026456	0
ENSMMUG00000063399	0
ENSMMUG00000021165	26
ENSMMUG00000051689	0
ENSMMUG00000007598	18
ENSMMUG00000037398	0
ENSMMUG00000001507	18
ENSMMUG00000051264	0
ENSMMUG00000053815	0
ENSMMUG00000061983	0
ENSMMUG00000023598	11
ENSMMUG00000023513	0
ENSMMUG00000053766	0
ENSMMUG00000055323	0
ENSMMUG00000062958	0
ENSMMUG00000063987	0
ENSMMUG00000050469	0
ENSMMUG00000003997	36
ENSMMUG00000049380	0
ENSMMUG00000039961	0
ENSMMUG00000016509	0
ENSMMUG00000062960	0
ENSMMUG00000012463	25
ENSMMUG00000034625	0
ENSMMUG00000020160	0
ENSMMUG00000028295	0
ENSMMUG00000063160	0
ENSMMUG00000036545	0
ENSMMUG00000064244	0
ENSMMUG00000056176	0
ENSMMUG00000040409	5
ENSMMUG00000059071	0
ENSMMUG00000055353	0
ENSMMUG00000061202	0
ENSMMUG00000053852	0
ENSMMUG00000004000	0
ENSMMUG00000025419	0
ENSMMUG00000023514	0
ENSMMUG00000059241	0
ENSMMUG00000028440	0
ENSMMUG00000007773	0
ENSMMUG00000016511	0
ENSMMUG00000020731	4
ENSMMUG00000051376	0
ENSMMUG00000059684	0
ENSMMUG00000050043	0
ENSMMUG00000058255	0
ENSMMUG00000048303	0
ENSMMUG00000050431	0
ENSMMUG00000049942	0
ENSMMUG00000005312	16
ENSMMUG00000011471	3
ENSMMUG00000050221	0
ENSMMUG00000054355	0
ENSMMUG00000003245	10
ENSMMUG00000029885	0
ENSMMUG00000005198	0
ENSMMUG00000054722	0
ENSMMUG00000047813	0
ENSMMUG00000042052	0
ENSMMUG00000058354	0
ENSMMUG00000024624	0
ENSMMUG00000005314	28
ENSMMUG00000063839	0
ENSMMUG00000063528	0
ENSMMUG00000057525	0
ENSMMUG00000063149	0
ENSMMUG00000017897	0
ENSMMUG00000054710	0
ENSMMUG00000016514	1
ENSMMUG00000057268	0
ENSMMUG00000004002	3
ENSMMUG00000039925	4
ENSMMUG00000007844	3
ENSMMUG00000053822	0
ENSMMUG00000041763	0
ENSMMUG00000032858	0
ENSMMUG00000010651	1
ENSMMUG00000028128	0
ENSMMUG00000062249	5
ENSMMUG00000005134	0
ENSMMUG00000005199	6
ENSMMUG00000004013	11
ENSMMUG00000011472	6
ENSMMUG00000026644	0
ENSMMUG00000063014	15
ENSMMUG00000053925	0
ENSMMUG00000020449	0
ENSMMUG00000060336	0
ENSMMUG00000016519	0
ENSMMUG00000004476	11
ENSMMUG00000058022	2
ENSMMUG00000039439	0
ENSMMUG00000052656	0
ENSMMUG00000005286	0
ENSMMUG00000016402	2
ENSMMUG00000034341	0
ENSMMUG00000057800	0
ENSMMUG00000023072	0
ENSMMUG00000054527	0
ENSMMUG00000015767	0
ENSMMUG00000002062	139
ENSMMUG00000052860	0
ENSMMUG00000023073	0
ENSMMUG00000060205	81
ENSMMUG00000009287	0
ENSMMUG00000015219	0
ENSMMUG00000001002	13
ENSMMUG00000056678	0
ENSMMUG00000023074	0
ENSMMUG00000023075	12
ENSMMUG00000025010	0
ENSMMUG00000050756	0
ENSMMUG00000058774	0
ENSMMUG00000003248	1
ENSMMUG00000062971	35
ENSMMUG00000030178	0
ENSMMUG00000059497	9
ENSMMUG00000023071	3
ENSMMUG00000064948	0
ENSMMUG00000057316	24
ENSMMUG00000023077	0
ENSMMUG00000064985	0
ENSMMUG00000018744	2
ENSMMUG00000059940	0
ENSMMUG00000022166	0
ENSMMUG00000058051	0
ENSMMUG00000016521	0
ENSMMUG00000035865	0
ENSMMUG00000052359	0
ENSMMUG00000058473	0
ENSMMUG00000057827	0
ENSMMUG00000004451	0
ENSMMUG00000053636	0
ENSMMUG00000058066	0
ENSMMUG00000007786	0
ENSMMUG00000054287	0
ENSMMUG00000064218	0
ENSMMUG00000004447	0
ENSMMUG00000052629	0
ENSMMUG00000051157	4
ENSMMUG00000057003	0
ENSMMUG00000032833	0
ENSMMUG00000063994	0
ENSMMUG00000028175	0
ENSMMUG00000050539	0
ENSMMUG00000054616	0
ENSMMUG00000061364	5
ENSMMUG00000064994	0
ENSMMUG00000012643	1
ENSMMUG00000004220	0
ENSMMUG00000041519	4
ENSMMUG00000004860	1
ENSMMUG00000020733	256
ENSMMUG00000055025	0
ENSMMUG00000058474	0
ENSMMUG00000056282	0
ENSMMUG00000063363	0
ENSMMUG00000049306	0
ENSMMUG00000056292	0
ENSMMUG00000057197	0
ENSMMUG00000024657	0
ENSMMUG00000011988	16
ENSMMUG00000009319	1
ENSMMUG00000016522	1
ENSMMUG00000051232	0
ENSMMUG00000057427	0
ENSMMUG00000061143	0
ENSMMUG00000062441	0
ENSMMUG00000049704	0
ENSMMUG00000056873	0
ENSMMUG00000055738	0
ENSMMUG00000007787	10
ENSMMUG00000023909	0
ENSMMUG00000063015	0
ENSMMUG00000050460	0
ENSMMUG00000062486	0
ENSMMUG00000012048	17
ENSMMUG00000005802	3
ENSMMUG00000059155	0
ENSMMUG00000053232	0
ENSMMUG00000050390	0
ENSMMUG00000004861	5
ENSMMUG00000021104	0
ENSMMUG00000064551	0
ENSMMUG00000008976	2
ENSMMUG00000028010	0
ENSMMUG00000008978	4
ENSMMUG00000057354	0
ENSMMUG00000027085	0
ENSMMUG00000015889	0
ENSMMUG00000059166	0
ENSMMUG00000055515	0
ENSMMUG00000002485	0
ENSMMUG00000020666	0
ENSMMUG00000019836	9
ENSMMUG00000058379	0
ENSMMUG00000051656	0
ENSMMUG00000049772	0
ENSMMUG00000053428	0
ENSMMUG00000011989	0
ENSMMUG00000001941	33
ENSMMUG00000002063	33
ENSMMUG00000050148	0
ENSMMUG00000049857	0
ENSMMUG00000017587	7
ENSMMUG00000061823	0
ENSMMUG00000050912	0
ENSMMUG00000002613	1
ENSMMUG00000063899	0
ENSMMUG00000024046	0
ENSMMUG00000010615	9
ENSMMUG00000012200	0
ENSMMUG00000003143	6
ENSMMUG00000060040	0
ENSMMUG00000002488	13
ENSMMUG00000007683	3
ENSMMUG00000025858	0
ENSMMUG00000001511	10
ENSMMUG00000006646	0
ENSMMUG00000055068	0
ENSMMUG00000064016	0
ENSMMUG00000055033	0
ENSMMUG00000055392	0
ENSMMUG00000014636	0
ENSMMUG00000052405	0
ENSMMUG00000055684	0
ENSMMUG00000011995	0
ENSMMUG00000058350	0
ENSMMUG00000023288	24
ENSMMUG00000060848	0
ENSMMUG00000055458	0
ENSMMUG00000056790	0
ENSMMUG00000050547	0
ENSMMUG00000042146	0
ENSMMUG00000013954	32
ENSMMUG00000050364	0
ENSMMUG00000055698	0
ENSMMUG00000060955	0
ENSMMUG00000001515	5
ENSMMUG00000063477	3
ENSMMUG00000044578	0
ENSMMUG00000018666	30
ENSMMUG00000057765	0
ENSMMUG00000056369	11
ENSMMUG00000018044	0
ENSMMUG00000023533	0
ENSMMUG00000010621	0
ENSMMUG00000036740	0
ENSMMUG00000052075	0
ENSMMUG00000057932	0
ENSMMUG00000033288	0
ENSMMUG00000057629	0
ENSMMUG00000045056	0
ENSMMUG00000052095	0
ENSMMUG00000013272	0
ENSMMUG00000009411	71
ENSMMUG00000039923	0
ENSMMUG00000065072	0
ENSMMUG00000010843	11
ENSMMUG00000052778	0
ENSMMUG00000020845	0
ENSMMUG00000053119	0
ENSMMUG00000011043	0
ENSMMUG00000010301	0
ENSMMUG00000023177	4
ENSMMUG00000009025	0
ENSMMUG00000018488	0
ENSMMUG00000054576	0
ENSMMUG00000063821	0
ENSMMUG00000005396	19
ENSMMUG00000063082	0
ENSMMUG00000051443	0
ENSMMUG00000036820	0
ENSMMUG00000065221	20
ENSMMUG00000063208	0
ENSMMUG00000002832	0
ENSMMUG00000019459	0
ENSMMUG00000043680	25
ENSMMUG00000018542	7
ENSMMUG00000043245	0
ENSMMUG00000058524	0
ENSMMUG00000023157	17
ENSMMUG00000041525	0
ENSMMUG00000054082	0
ENSMMUG00000028372	0
ENSMMUG00000012370	14
ENSMMUG00000064509	0
ENSMMUG00000009413	16
ENSMMUG00000010305	7
ENSMMUG00000000455	57
ENSMMUG00000003279	21
ENSMMUG00000062842	0
ENSMMUG00000062289	0
ENSMMUG00000060057	0
ENSMMUG00000055084	0
ENSMMUG00000019460	0
ENSMMUG00000004409	0
ENSMMUG00000051429	0
ENSMMUG00000059309	0
ENSMMUG00000050636	0
ENSMMUG00000053075	0
ENSMMUG00000018283	0
ENSMMUG00000059591	0
ENSMMUG00000007296	0
ENSMMUG00000000307	6
ENSMMUG00000059630	34
ENSMMUG00000036916	0
ENSMMUG00000018284	6
ENSMMUG00000064001	0
ENSMMUG00000041904	0
ENSMMUG00000060742	0
ENSMMUG00000020169	0
ENSMMUG00000013957	12
ENSMMUG00000023287	0
ENSMMUG00000061817	0
ENSMMUG00000050372	0
ENSMMUG00000062164	0
ENSMMUG00000012371	21
ENSMMUG00000038239	0
ENSMMUG00000020465	0
ENSMMUG00000008318	0
ENSMMUG00000055569	0
ENSMMUG00000020171	0
ENSMMUG00000006600	4
ENSMMUG00000051723	132
ENSMMUG00000012373	0
ENSMMUG00000049977	0
ENSMMUG00000003723	3
ENSMMUG00000054808	0
ENSMMUG00000024885	0
ENSMMUG00000026232	0
ENSMMUG00000053533	0
ENSMMUG00000012374	9
ENSMMUG00000039944	4
ENSMMUG00000001597	0
ENSMMUG00000021228	6
ENSMMUG00000058206	0
ENSMMUG00000063513	0
ENSMMUG00000021055	753
ENSMMUG00000034154	0
ENSMMUG00000004211	1
ENSMMUG00000001600	0
ENSMMUG00000009707	0
ENSMMUG00000021056	162
ENSMMUG00000019582	40
ENSMMUG00000059693	0
ENSMMUG00000060929	0
ENSMMUG00000036192	0
ENSMMUG00000017250	0
ENSMMUG00000021057	69
ENSMMUG00000051451	0
ENSMMUG00000027083	0
ENSMMUG00000042486	0
ENSMMUG00000033285	0
ENSMMUG00000026694	0
ENSMMUG00000030102	0
ENSMMUG00000000703	3
ENSMMUG00000045850	0
ENSMMUG00000061988	0
ENSMMUG00000058026	0
ENSMMUG00000059821	0
ENSMMUG00000056999	0
ENSMMUG00000006932	33
ENSMMUG00000000704	0
ENSMMUG00000010372	0
ENSMMUG00000000456	0
ENSMMUG00000020655	0
ENSMMUG00000021229	0
ENSMMUG00000020656	0
ENSMMUG00000063348	6
ENSMMUG00000010376	2
ENSMMUG00000050350	0
ENSMMUG00000011463	0
ENSMMUG00000055064	0
ENSMMUG00000055069	83
ENSMMUG00000062950	0
ENSMMUG00000004581	1
ENSMMUG00000005871	10
ENSMMUG00000037251	0
ENSMMUG00000017583	2
ENSMMUG00000050395	0
ENSMMUG00000028302	0
ENSMMUG00000006107	4
ENSMMUG00000005875	83
ENSMMUG00000060867	8
ENSMMUG00000025390	0
ENSMMUG00000064680	0
ENSMMUG00000052986	0
ENSMMUG00000005563	0
ENSMMUG00000013347	51
ENSMMUG00000001317	4
ENSMMUG00000043023	0
ENSMMUG00000061811	0
ENSMMUG00000051887	0
ENSMMUG00000019290	0
ENSMMUG00000062053	0
ENSMMUG00000014586	0
ENSMMUG00000048691	0
ENSMMUG00000052982	0
ENSMMUG00000052836	0
ENSMMUG00000035047	0
ENSMMUG00000060290	0
ENSMMUG00000024424	0
ENSMMUG00000060123	8
ENSMMUG00000056658	14
ENSMMUG00000010993	0
ENSMMUG00000034969	9
ENSMMUG00000059731	0
ENSMMUG00000028526	0
ENSMMUG00000010994	0
ENSMMUG00000056877	0
ENSMMUG00000052974	0
ENSMMUG00000036705	0
ENSMMUG00000018963	1
ENSMMUG00000010995	0
ENSMMUG00000057896	0
ENSMMUG00000010379	16
ENSMMUG00000057221	0
ENSMMUG00000017163	0
ENSMMUG00000038355	0
ENSMMUG00000064211	0
ENSMMUG00000049553	0
ENSMMUG00000057309	0
ENSMMUG00000059226	0
ENSMMUG00000056829	0
ENSMMUG00000027004	0
ENSMMUG00000007386	1
ENSMMUG00000049557	0
ENSMMUG00000005357	98
ENSMMUG00000051383	0
ENSMMUG00000010997	0
ENSMMUG00000000635	0
ENSMMUG00000030099	68
ENSMMUG00000053127	0
ENSMMUG00000032795	0
ENSMMUG00000019291	35
ENSMMUG00000060660	0
ENSMMUG00000058950	0
ENSMMUG00000063922	0
ENSMMUG00000054602	0
ENSMMUG00000003577	6
ENSMMUG00000050960	0
ENSMMUG00000065028	0
ENSMMUG00000054434	0
ENSMMUG00000013366	0
ENSMMUG00000046947	0
ENSMMUG00000003578	229
ENSMMUG00000060908	0
ENSMMUG00000059244	0
ENSMMUG00000029954	0
ENSMMUG00000013394	0
ENSMMUG00000001728	0
ENSMMUG00000055028	0
ENSMMUG00000057213	0
ENSMMUG00000057081	0
ENSMMUG00000051389	0
ENSMMUG00000057437	0
ENSMMUG00000016224	0
ENSMMUG00000063952	0
ENSMMUG00000061973	0
ENSMMUG00000001609	29
ENSMMUG00000001611	16
ENSMMUG00000010466	0
ENSMMUG00000001731	34
ENSMMUG00000056338	0
ENSMMUG00000049616	0
ENSMMUG00000052853	0
ENSMMUG00000056571	0
ENSMMUG00000024740	0
ENSMMUG00000050723	0
ENSMMUG00000061644	2
ENSMMUG00000018690	0
ENSMMUG00000016226	0
ENSMMUG00000011007	0
ENSMMUG00000021548	0
ENSMMUG00000037320	0
ENSMMUG00000052619	0
ENSMMUG00000009574	0
ENSMMUG00000059130	0
ENSMMUG00000021549	20
ENSMMUG00000017227	0
ENSMMUG00000017228	0
ENSMMUG00000013467	0
ENSMMUG00000064447	0
ENSMMUG00000017900	0
ENSMMUG00000017386	1
ENSMMUG00000056314	0
ENSMMUG00000053742	0
ENSMMUG00000007700	0
ENSMMUG00000036379	0
ENSMMUG00000051447	0
ENSMMUG00000021550	0
ENSMMUG00000052209	0
ENSMMUG00000001198	0
ENSMMUG00000013739	4
ENSMMUG00000061182	0
ENSMMUG00000049641	0
ENSMMUG00000057086	0
ENSMMUG00000051351	0
ENSMMUG00000060179	0
ENSMMUG00000050641	12
ENSMMUG00000011532	18
ENSMMUG00000050453	0
ENSMMUG00000051712	0
ENSMMUG00000061341	0
ENSMMUG00000021218	0
ENSMMUG00000016907	0
ENSMMUG00000029782	5
ENSMMUG00000016908	3
ENSMMUG00000063072	0
ENSMMUG00000019878	0
ENSMMUG00000036116	0
ENSMMUG00000019879	26
ENSMMUG00000017394	0
ENSMMUG00000025635	0
ENSMMUG00000055702	0
ENSMMUG00000054202	0
ENSMMUG00000059388	0
ENSMMUG00000057855	0
ENSMMUG00000052604	0
ENSMMUG00000001707	33
ENSMMUG00000062224	0
ENSMMUG00000016913	0
ENSMMUG00000064648	0
ENSMMUG00000017085	0
ENSMMUG00000064324	0
ENSMMUG00000024503	0
ENSMMUG00000044442	0
ENSMMUG00000055218	0
ENSMMUG00000025207	0
ENSMMUG00000060622	0
ENSMMUG00000016167	9
ENSMMUG00000050002	0
ENSMMUG00000002214	0
ENSMMUG00000023806	19
ENSMMUG00000019820	0
ENSMMUG00000033140	0
ENSMMUG00000062350	1
ENSMMUG00000032834	0
ENSMMUG00000023808	2
ENSMMUG00000056140	0
ENSMMUG00000027279	0
ENSMMUG00000001893	19
ENSMMUG00000021657	6
ENSMMUG00000001725	8
ENSMMUG00000049643	0
ENSMMUG00000062326	0
ENSMMUG00000000438	0
ENSMMUG00000024537	0
ENSMMUG00000010007	10
ENSMMUG00000045918	0
ENSMMUG00000060632	0
ENSMMUG00000018246	255
ENSMMUG00000038794	0
ENSMMUG00000056796	21
ENSMMUG00000010008	52
ENSMMUG00000021660	11
ENSMMUG00000000446	7
ENSMMUG00000058653	7
ENSMMUG00000052950	60
ENSMMUG00000059111	3
ENSMMUG00000057066	0
ENSMMUG00000006301	0
ENSMMUG00000021663	0
ENSMMUG00000004481	5
ENSMMUG00000021666	0
ENSMMUG00000064432	0
ENSMMUG00000040661	0
ENSMMUG00000059918	26
ENSMMUG00000027101	0
ENSMMUG00000027024	0
ENSMMUG00000062594	0
ENSMMUG00000063983	0
ENSMMUG00000001758	35
ENSMMUG00000006302	3
ENSMMUG00000063893	0
ENSMMUG00000057244	0
ENSMMUG00000025942	0
ENSMMUG00000053973	25
ENSMMUG00000017714	3
ENSMMUG00000004483	47
ENSMMUG00000036593	0
ENSMMUG00000009729	0
ENSMMUG00000053788	0
ENSMMUG00000034742	0
ENSMMUG00000004484	4
ENSMMUG00000050786	0
ENSMMUG00000024017	0
ENSMMUG00000028464	0
ENSMMUG00000049885	0
ENSMMUG00000054104	0
ENSMMUG00000014571	6
ENSMMUG00000030086	0
ENSMMUG00000058673	0
ENSMMUG00000041620	0
ENSMMUG00000014574	0
ENSMMUG00000061483	0
ENSMMUG00000062270	0
ENSMMUG00000019523	5
ENSMMUG00000057673	0
ENSMMUG00000050888	0
ENSMMUG00000062336	0
ENSMMUG00000060696	0
ENSMMUG00000059570	0
ENSMMUG00000063247	0
ENSMMUG00000050935	0
ENSMMUG00000050882	0
ENSMMUG00000055611	0
ENSMMUG00000062172	0
ENSMMUG00000055168	0
ENSMMUG00000056941	0
ENSMMUG00000026975	0
ENSMMUG00000049673	0
ENSMMUG00000062292	0
ENSMMUG00000054188	0
ENSMMUG00000059571	0
ENSMMUG00000033131	0
ENSMMUG00000042794	0
ENSMMUG00000039608	0
ENSMMUG00000057983	0
ENSMMUG00000037890	0
ENSMMUG00000054790	0
ENSMMUG00000050560	0
ENSMMUG00000051592	0
ENSMMUG00000058654	0
ENSMMUG00000043286	0
ENSMMUG00000057422	0
ENSMMUG00000056066	0
ENSMMUG00000014643	0
ENSMMUG00000015693	0
ENSMMUG00000054037	0
ENSMMUG00000063930	0
ENSMMUG00000062443	0
ENSMMUG00000057859	0
ENSMMUG00000061148	41
ENSMMUG00000008182	0
ENSMMUG00000008184	0
ENSMMUG00000000577	0
ENSMMUG00000023012	0
ENSMMUG00000050899	0
ENSMMUG00000061569	0
ENSMMUG00000055399	0
ENSMMUG00000054098	0
ENSMMUG00000029352	0
ENSMMUG00000005648	0
ENSMMUG00000008187	0
ENSMMUG00000017540	16
ENSMMUG00000005680	0
ENSMMUG00000050075	0
ENSMMUG00000016993	0
ENSMMUG00000044958	0
ENSMMUG00000055833	0
ENSMMUG00000018176	0
ENSMMUG00000008228	0
ENSMMUG00000043661	0
ENSMMUG00000058555	0
ENSMMUG00000056272	0
ENSMMUG00000004347	0
ENSMMUG00000053324	0
ENSMMUG00000052793	0
ENSMMUG00000052494	0
ENSMMUG00000006512	7
ENSMMUG00000064741	0
ENSMMUG00000025599	0
ENSMMUG00000052899	0
ENSMMUG00000020637	12
ENSMMUG00000009725	18
ENSMMUG00000060558	0
ENSMMUG00000062065	0
ENSMMUG00000005676	0
ENSMMUG00000052262	2
ENSMMUG00000001150	0
ENSMMUG00000024155	0
ENSMMUG00000061447	0
ENSMMUG00000032995	0
ENSMMUG00000038096	0
ENSMMUG00000056123	0
ENSMMUG00000027682	0
ENSMMUG00000064144	0
ENSMMUG00000053984	0
ENSMMUG00000005674	0
ENSMMUG00000051577	0
ENSMMUG00000065276	0
ENSMMUG00000032978	0
ENSMMUG00000051495	0
ENSMMUG00000029598	0
ENSMMUG00000056168	0
ENSMMUG00000000535	0
ENSMMUG00000062553	0
ENSMMUG00000009736	14
ENSMMUG00000063560	1
ENSMMUG00000002869	2
ENSMMUG00000058800	0
ENSMMUG00000013322	0
ENSMMUG00000024001	0
ENSMMUG00000064366	0
ENSMMUG00000053375	0
ENSMMUG00000061117	0
ENSMMUG00000018003	4
ENSMMUG00000005673	3
ENSMMUG00000052345	0
ENSMMUG00000017544	6
ENSMMUG00000059670	5
ENSMMUG00000002867	0
ENSMMUG00000062783	0
ENSMMUG00000003709	0
ENSMMUG00000049636	31
ENSMMUG00000007998	34
ENSMMUG00000052528	0
ENSMMUG00000060047	0
ENSMMUG00000016135	11
ENSMMUG00000051236	9
ENSMMUG00000005800	0
ENSMMUG00000049582	0
ENSMMUG00000003134	7
ENSMMUG00000021532	1
ENSMMUG00000052872	0
ENSMMUG00000038276	0
ENSMMUG00000005670	13
ENSMMUG00000006430	3
ENSMMUG00000064598	0
ENSMMUG00000029616	0
ENSMMUG00000039268	0
ENSMMUG00000009182	11
ENSMMUG00000029617	0
ENSMMUG00000004191	0
ENSMMUG00000049378	0
ENSMMUG00000050165	0
ENSMMUG00000057761	0
ENSMMUG00000004190	0
ENSMMUG00000016705	0
ENSMMUG00000061683	0
ENSMMUG00000046520	0
ENSMMUG00000063626	5
ENSMMUG00000015686	8
ENSMMUG00000061419	0
ENSMMUG00000043161	0
ENSMMUG00000011998	0
ENSMMUG00000015384	0
ENSMMUG00000049313	0
ENSMMUG00000062110	2
ENSMMUG00000015383	0
ENSMMUG00000005365	4
ENSMMUG00000063667	0
ENSMMUG00000021534	51
ENSMMUG00000050417	0
ENSMMUG00000054159	0
ENSMMUG00000019818	0
ENSMMUG00000060463	0
ENSMMUG00000011739	16
ENSMMUG00000013908	0
ENSMMUG00000024906	10
ENSMMUG00000063205	0
ENSMMUG00000054154	0
ENSMMUG00000011736	0
ENSMMUG00000029619	0
ENSMMUG00000050520	0
ENSMMUG00000018582	11
ENSMMUG00000046373	0
ENSMMUG00000059809	0
ENSMMUG00000053319	0
ENSMMUG00000011700	0
ENSMMUG00000005366	0
ENSMMUG00000027722	0
ENSMMUG00000012079	0
ENSMMUG00000007720	0
ENSMMUG00000017047	0
ENSMMUG00000049789	0
ENSMMUG00000055292	0
ENSMMUG00000005294	2
ENSMMUG00000056632	0
ENSMMUG00000011520	127
ENSMMUG00000005346	30
ENSMMUG00000007719	0
ENSMMUG00000039015	0
ENSMMUG00000021533	22
ENSMMUG00000005532	0
ENSMMUG00000046051	0
ENSMMUG00000033122	7
ENSMMUG00000051077	0
ENSMMUG00000048193	0
ENSMMUG00000005064	9
ENSMMUG00000015317	3
ENSMMUG00000003710	8
ENSMMUG00000056281	0
ENSMMUG00000062325	0
ENSMMUG00000002458	0
ENSMMUG00000055955	0
ENSMMUG00000015909	10
ENSMMUG00000005348	4
ENSMMUG00000018788	6
ENSMMUG00000051010	0
ENSMMUG00000060810	0
ENSMMUG00000014785	0
ENSMMUG00000054101	0
ENSMMUG00000023614	0
ENSMMUG00000015907	92
ENSMMUG00000053773	0
ENSMMUG00000003464	29
ENSMMUG00000015906	4
ENSMMUG00000035926	0
ENSMMUG00000018787	0
ENSMMUG00000050376	0
ENSMMUG00000051650	0
ENSMMUG00000064501	0
ENSMMUG00000014784	96
ENSMMUG00000058065	0
ENSMMUG00000015904	3
ENSMMUG00000003719	0
ENSMMUG00000063201	27
ENSMMUG00000017549	2
ENSMMUG00000004290	13
ENSMMUG00000062500	0
ENSMMUG00000057180	0
ENSMMUG00000025267	0
ENSMMUG00000061586	0
ENSMMUG00000013751	0
ENSMMUG00000024250	0
ENSMMUG00000026665	0
ENSMMUG00000023560	0
ENSMMUG00000020132	0
ENSMMUG00000003750	4
ENSMMUG00000016373	0
ENSMMUG00000007409	16
ENSMMUG00000017955	0
ENSMMUG00000014151	0
ENSMMUG00000051772	0
ENSMMUG00000004829	0
ENSMMUG00000019443	7
ENSMMUG00000050133	4
ENSMMUG00000007413	0
ENSMMUG00000006186	0
ENSMMUG00000007412	0
ENSMMUG00000060126	0
ENSMMUG00000007414	0
ENSMMUG00000023613	0
ENSMMUG00000059506	0
ENSMMUG00000015577	7
ENSMMUG00000023559	29
ENSMMUG00000005293	9
ENSMMUG00000007415	12
ENSMMUG00000062812	0
ENSMMUG00000061150	0
ENSMMUG00000058356	0
ENSMMUG00000062483	0
ENSMMUG00000014150	19
ENSMMUG00000051229	0
ENSMMUG00000057064	0
ENSMMUG00000063401	0
ENSMMUG00000001805	0
ENSMMUG00000057644	0
ENSMMUG00000015575	0
ENSMMUG00000060854	0
ENSMMUG00000033717	0
ENSMMUG00000043171	0
ENSMMUG00000004996	2
ENSMMUG00000054406	0
ENSMMUG00000001806	5
ENSMMUG00000000795	0
ENSMMUG00000005302	125
ENSMMUG00000062786	0
ENSMMUG00000023557	24
ENSMMUG00000017952	0
ENSMMUG00000004994	10
ENSMMUG00000010672	0
ENSMMUG00000064156	0
ENSMMUG00000048955	3
ENSMMUG00000016376	5
ENSMMUG00000062287	0
ENSMMUG00000050081	0
ENSMMUG00000002147	4
ENSMMUG00000004291	0
ENSMMUG00000019438	66
ENSMMUG00000052178	0
ENSMMUG00000045685	0
ENSMMUG00000058647	0
ENSMMUG00000036592	0
ENSMMUG00000053189	0
ENSMMUG00000004992	0
ENSMMUG00000050688	5
ENSMMUG00000041978	0
ENSMMUG00000004990	0
ENSMMUG00000002174	66
ENSMMUG00000003072	0
ENSMMUG00000004989	0
ENSMMUG00000039810	0
ENSMMUG00000004293	0
ENSMMUG00000004988	0
ENSMMUG00000055554	5
ENSMMUG00000038560	8
ENSMMUG00000004987	0
ENSMMUG00000017189	0
ENSMMUG00000064191	0
ENSMMUG00000015088	0
ENSMMUG00000015089	0
ENSMMUG00000060569	0
ENSMMUG00000007852	24
ENSMMUG00000014389	9
ENSMMUG00000015090	0
ENSMMUG00000005303	4
ENSMMUG00000021720	0
ENSMMUG00000023737	1
ENSMMUG00000015091	0
ENSMMUG00000017017	32
ENSMMUG00000005297	100
ENSMMUG00000050162	0
ENSMMUG00000059213	0
ENSMMUG00000060313	0
ENSMMUG00000011905	43
ENSMMUG00000023738	4
ENSMMUG00000013236	0
ENSMMUG00000054620	0
ENSMMUG00000044859	0
ENSMMUG00000040490	0
ENSMMUG00000052733	0
ENSMMUG00000014388	0
ENSMMUG00000021718	8
ENSMMUG00000059139	0
ENSMMUG00000021600	0
ENSMMUG00000022983	0
ENSMMUG00000000777	105
ENSMMUG00000051575	0
ENSMMUG00000026679	0
ENSMMUG00000054860	0
ENSMMUG00000029416	0
ENSMMUG00000063798	0
ENSMMUG00000060503	0
ENSMMUG00000061905	0
ENSMMUG00000063288	0
ENSMMUG00000055762	0
ENSMMUG00000064605	0
ENSMMUG00000049933	0
ENSMMUG00000025918	0
ENSMMUG00000050357	0
ENSMMUG00000051147	0
ENSMMUG00000057630	0
ENSMMUG00000056172	0
ENSMMUG00000057826	0
ENSMMUG00000047337	0
ENSMMUG00000049735	5
ENSMMUG00000058763	0
ENSMMUG00000044193	0
ENSMMUG00000062476	0
ENSMMUG00000059162	3
ENSMMUG00000054153	0
ENSMMUG00000060901	0
ENSMMUG00000051125	0
ENSMMUG00000012582	0
ENSMMUG00000015355	0
ENSMMUG00000051485	0
ENSMMUG00000014387	12
ENSMMUG00000052290	0
ENSMMUG00000008854	0
ENSMMUG00000058202	0
ENSMMUG00000012581	13
ENSMMUG00000028530	0
ENSMMUG00000052138	0
ENSMMUG00000023002	7
ENSMMUG00000013237	36
ENSMMUG00000057286	0
ENSMMUG00000015354	27
ENSMMUG00000024902	0
ENSMMUG00000017558	5
ENSMMUG00000033610	0
ENSMMUG00000059277	0
ENSMMUG00000024847	0
ENSMMUG00000052552	0
ENSMMUG00000063166	0
ENSMMUG00000060778	0
ENSMMUG00000052965	0
ENSMMUG00000065204	0
ENSMMUG00000008853	0
ENSMMUG00000061978	0
ENSMMUG00000054573	0
ENSMMUG00000008849	0
ENSMMUG00000001248	44
ENSMMUG00000021715	4
ENSMMUG00000059327	0
ENSMMUG00000045654	0
ENSMMUG00000005745	17
ENSMMUG00000053187	0
ENSMMUG00000015352	25
ENSMMUG00000060554	0
ENSMMUG00000008843	0
ENSMMUG00000021712	4
ENSMMUG00000022354	0
ENSMMUG00000056859	0
ENSMMUG00000062024	0
ENSMMUG00000014386	0
ENSMMUG00000056277	0
ENSMMUG00000052422	0
ENSMMUG00000064807	2
ENSMMUG00000003462	0
ENSMMUG00000056786	0
ENSMMUG00000008839	29
ENSMMUG00000055646	0
ENSMMUG00000053445	0
ENSMMUG00000042078	0
ENSMMUG00000064455	0
ENSMMUG00000022920	0
ENSMMUG00000016382	0
ENSMMUG00000048882	6
ENSMMUG00000013782	17
ENSMMUG00000022921	0
ENSMMUG00000023823	0
ENSMMUG00000022184	56
ENSMMUG00000010611	0
ENSMMUG00000033071	0
ENSMMUG00000000869	1
ENSMMUG00000038064	0
ENSMMUG00000016352	12
ENSMMUG00000055984	0
ENSMMUG00000061787	0
ENSMMUG00000056073	0
ENSMMUG00000024958	0
ENSMMUG00000026474	0
ENSMMUG00000063472	0
ENSMMUG00000024536	0
ENSMMUG00000056881	0
ENSMMUG00000013566	0
ENSMMUG00000008838	0
ENSMMUG00000051074	0
ENSMMUG00000022824	95
ENSMMUG00000062792	0
ENSMMUG00000023000	0
ENSMMUG00000013562	0
ENSMMUG00000006609	0
ENSMMUG00000008140	4
ENSMMUG00000062715	0
ENSMMUG00000043122	0
ENSMMUG00000062426	0
ENSMMUG00000050938	3
ENSMMUG00000058767	97
ENSMMUG00000014652	0
ENSMMUG00000056340	1
ENSMMUG00000042154	0
ENSMMUG00000052691	0
ENSMMUG00000007811	0
ENSMMUG00000053425	0
ENSMMUG00000042718	0
ENSMMUG00000019254	0
ENSMMUG00000060912	0
ENSMMUG00000047350	0
ENSMMUG00000053748	0
ENSMMUG00000019252	0
ENSMMUG00000059679	0
ENSMMUG00000038152	0
ENSMMUG00000061087	0
ENSMMUG00000057424	0
ENSMMUG00000055581	0
ENSMMUG00000025712	0
ENSMMUG00000049865	0
ENSMMUG00000019916	3
ENSMMUG00000055852	241
ENSMMUG00000059373	0
ENSMMUG00000050037	0
ENSMMUG00000061878	2
ENSMMUG00000008869	19
ENSMMUG00000019917	2
ENSMMUG00000019250	3
ENSMMUG00000004966	1
ENSMMUG00000019919	20
ENSMMUG00000019532	251
ENSMMUG00000017030	5
ENSMMUG00000051141	0
ENSMMUG00000022689	9
ENSMMUG00000004964	24
ENSMMUG00000029421	4
ENSMMUG00000008525	0
ENSMMUG00000022687	105
ENSMMUG00000056377	0
ENSMMUG00000027839	0
ENSMMUG00000062380	0
ENSMMUG00000020207	0
ENSMMUG00000059173	0
ENSMMUG00000053927	13
ENSMMUG00000034809	0
ENSMMUG00000042312	0
ENSMMUG00000045284	0
ENSMMUG00000049387	2
ENSMMUG00000064484	0
ENSMMUG00000008526	23
ENSMMUG00000055619	0
ENSMMUG00000056526	0
ENSMMUG00000054791	0
ENSMMUG00000061139	0
ENSMMUG00000021145	8
ENSMMUG00000053149	0
ENSMMUG00000014021	10
ENSMMUG00000029987	0
ENSMMUG00000019927	0
ENSMMUG00000022685	80
ENSMMUG00000019531	11
ENSMMUG00000055199	0
ENSMMUG00000014020	18
ENSMMUG00000019529	56
ENSMMUG00000000428	88
ENSMMUG00000004802	4
ENSMMUG00000014019	3
ENSMMUG00000051314	0
ENSMMUG00000063971	0
ENSMMUG00000051881	0
ENSMMUG00000052266	0
ENSMMUG00000050088	0
ENSMMUG00000014017	9
ENSMMUG00000021144	12
ENSMMUG00000062813	0
ENSMMUG00000023046	0
ENSMMUG00000013302	6
ENSMMUG00000045569	21
ENSMMUG00000058420	8
ENSMMUG00000062072	0
ENSMMUG00000058929	0
ENSMMUG00000021936	12
ENSMMUG00000061997	0
ENSMMUG00000051124	0
ENSMMUG00000065145	0
ENSMMUG00000039209	0
ENSMMUG00000064712	0
ENSMMUG00000019246	9
ENSMMUG00000056293	0
ENSMMUG00000038267	0
ENSMMUG00000060316	0
ENSMMUG00000011955	12
ENSMMUG00000053296	0
ENSMMUG00000058516	0
ENSMMUG00000010926	24
ENSMMUG00000063124	0
ENSMMUG00000059337	0
ENSMMUG00000051876	0
ENSMMUG00000051324	0
ENSMMUG00000000122	13
ENSMMUG00000062245	0
ENSMMUG00000015341	4
ENSMMUG00000058574	0
ENSMMUG00000021738	0
ENSMMUG00000042260	0
ENSMMUG00000055641	0
ENSMMUG00000059476	0
ENSMMUG00000021734	23
ENSMMUG00000022136	33
ENSMMUG00000055999	0
ENSMMUG00000001371	15
ENSMMUG00000000123	3
ENSMMUG00000003511	7
ENSMMUG00000032707	0
ENSMMUG00000045656	26
ENSMMUG00000052523	0
ENSMMUG00000029538	0
ENSMMUG00000043439	0
ENSMMUG00000051732	0
ENSMMUG00000011031	0
ENSMMUG00000015262	37
ENSMMUG00000018166	0
ENSMMUG00000020703	23
ENSMMUG00000016428	0
ENSMMUG00000015340	0
ENSMMUG00000019819	0
ENSMMUG00000047198	3
ENSMMUG00000048283	0
ENSMMUG00000057888	0
ENSMMUG00000061523	0
ENSMMUG00000015335	24
ENSMMUG00000016230	8
ENSMMUG00000050327	17
ENSMMUG00000017643	4
ENSMMUG00000019530	0
ENSMMUG00000023785	9
ENSMMUG00000020365	0
ENSMMUG00000014943	0
ENSMMUG00000040900	0
ENSMMUG00000059626	1
ENSMMUG00000043752	10
ENSMMUG00000047729	53
ENSMMUG00000062387	0
ENSMMUG00000054536	0
ENSMMUG00000015331	0
ENSMMUG00000013304	42
ENSMMUG00000056984	0
ENSMMUG00000014942	181
ENSMMUG00000042297	0
ENSMMUG00000008483	14
ENSMMUG00000013791	0
ENSMMUG00000021377	0
ENSMMUG00000050320	0
ENSMMUG00000021498	4
ENSMMUG00000014941	2
ENSMMUG00000054834	253
ENSMMUG00000032829	0
ENSMMUG00000062655	0
ENSMMUG00000051514	69
ENSMMUG00000000224	8
ENSMMUG00000057145	0
ENSMMUG00000046818	2
ENSMMUG00000061000	0
ENSMMUG00000051089	0
ENSMMUG00000034941	0
ENSMMUG00000050559	0
ENSMMUG00000056290	0
ENSMMUG00000026225	0
ENSMMUG00000051634	0
ENSMMUG00000051321	0
ENSMMUG00000055709	0
ENSMMUG00000020097	0
ENSMMUG00000051165	0
ENSMMUG00000059517	0
ENSMMUG00000021499	0
ENSMMUG00000009368	0
ENSMMUG00000056193	0
ENSMMUG00000061495	0
ENSMMUG00000051416	0
ENSMMUG00000002159	0
ENSMMUG00000052152	0
ENSMMUG00000057577	0
ENSMMUG00000059925	0
ENSMMUG00000051595	0
ENSMMUG00000037194	0
ENSMMUG00000061031	0
ENSMMUG00000005679	0
ENSMMUG00000001200	25
ENSMMUG00000051597	0
ENSMMUG00000059338	0
ENSMMUG00000060903	0
ENSMMUG00000039829	0
ENSMMUG00000065212	0
ENSMMUG00000056695	0
ENSMMUG00000059491	0
ENSMMUG00000061909	0
ENSMMUG00000017715	0
ENSMMUG00000051427	0
ENSMMUG00000054038	513
ENSMMUG00000014474	3
ENSMMUG00000061250	0
ENSMMUG00000035398	0
ENSMMUG00000055882	47
ENSMMUG00000005682	45
ENSMMUG00000000763	0
ENSMMUG00000019136	59
ENSMMUG00000011364	0
ENSMMUG00000056139	0
ENSMMUG00000065037	0
ENSMMUG00000017082	0
ENSMMUG00000055879	0
ENSMMUG00000029445	6
ENSMMUG00000061854	0
ENSMMUG00000057974	0
ENSMMUG00000004947	0
ENSMMUG00000051837	0
ENSMMUG00000061200	0
ENSMMUG00000004230	4
ENSMMUG00000058175	0
ENSMMUG00000050401	0
ENSMMUG00000008934	17
ENSMMUG00000001478	0
ENSMMUG00000052902	0
ENSMMUG00000064235	0
ENSMMUG00000052107	0
ENSMMUG00000046765	0
ENSMMUG00000019505	0
ENSMMUG00000059794	0
ENSMMUG00000004287	48
ENSMMUG00000051628	0
ENSMMUG00000058187	0
ENSMMUG00000050487	0
ENSMMUG00000043382	0
ENSMMUG00000020445	0
ENSMMUG00000055154	0
ENSMMUG00000058578	0
ENSMMUG00000060841	0
ENSMMUG00000007758	18
ENSMMUG00000008937	12
ENSMMUG00000052065	0
ENSMMUG00000063304	2
ENSMMUG00000057795	0
ENSMMUG00000004577	67
ENSMMUG00000002824	54
ENSMMUG00000044284	0
ENSMMUG00000024368	0
ENSMMUG00000020444	0
ENSMMUG00000048250	0
ENSMMUG00000053328	0
ENSMMUG00000054902	0
ENSMMUG00000053936	0
ENSMMUG00000004852	272
ENSMMUG00000003708	0
ENSMMUG00000061464	0
ENSMMUG00000050295	0
ENSMMUG00000052162	0
ENSMMUG00000002821	3
ENSMMUG00000050900	0
ENSMMUG00000063150	0
ENSMMUG00000049801	0
ENSMMUG00000058557	0
ENSMMUG00000043061	0
ENSMMUG00000006198	0
ENSMMUG00000037161	0
ENSMMUG00000021044	32
ENSMMUG00000007616	0
ENSMMUG00000059547	0
ENSMMUG00000059385	0
ENSMMUG00000005225	26
ENSMMUG00000057271	0
ENSMMUG00000029765	8
ENSMMUG00000024966	0
ENSMMUG00000064996	0
ENSMMUG00000017039	0
ENSMMUG00000028252	0
ENSMMUG00000011858	0
ENSMMUG00000014635	0
ENSMMUG00000060582	0
ENSMMUG00000001399	0
ENSMMUG00000014749	22
ENSMMUG00000010659	2
ENSMMUG00000063706	0
ENSMMUG00000034121	0
ENSMMUG00000053865	130
ENSMMUG00000051828	0
ENSMMUG00000049302	0
ENSMMUG00000059717	1
ENSMMUG00000061165	0
ENSMMUG00000055988	0
ENSMMUG00000051170	0
ENSMMUG00000051331	0
ENSMMUG00000014638	2
ENSMMUG00000017028	2
ENSMMUG00000008890	59
ENSMMUG00000064719	0
ENSMMUG00000060822	0
ENSMMUG00000049811	0
ENSMMUG00000023679	54
ENSMMUG00000015269	0
ENSMMUG00000055966	0
ENSMMUG00000053050	0
ENSMMUG00000007910	0
ENSMMUG00000053990	0
ENSMMUG00000002890	0
ENSMMUG00000062482	0
ENSMMUG00000045108	0
ENSMMUG00000001395	0
ENSMMUG00000063074	25
ENSMMUG00000055195	2
ENSMMUG00000022466	0
ENSMMUG00000058705	0
ENSMMUG00000039316	0
ENSMMUG00000008903	2
ENSMMUG00000045507	1
ENSMMUG00000007911	11
ENSMMUG00000049817	0
ENSMMUG00000064795	0
ENSMMUG00000022461	0
ENSMMUG00000000815	0
ENSMMUG00000017086	0
ENSMMUG00000064652	0
ENSMMUG00000036060	0
ENSMMUG00000022458	19
ENSMMUG00000015193	11
ENSMMUG00000003876	2
ENSMMUG00000010649	89
ENSMMUG00000012784	0
ENSMMUG00000003875	23
ENSMMUG00000012129	0
ENSMMUG00000000222	0
ENSMMUG00000004893	39
ENSMMUG00000036951	0
ENSMMUG00000020412	0
ENSMMUG00000036078	0
ENSMMUG00000003872	31
ENSMMUG00000015192	35
ENSMMUG00000020208	0
ENSMMUG00000012781	7
ENSMMUG00000040423	0
ENSMMUG00000019270	181
ENSMMUG00000056643	0
ENSMMUG00000055952	0
ENSMMUG00000023322	41
ENSMMUG00000048534	0
ENSMMUG00000010658	0
ENSMMUG00000059082	1
ENSMMUG00000064586	0
ENSMMUG00000064991	3
ENSMMUG00000051917	0
ENSMMUG00000062749	0
ENSMMUG00000007477	0
ENSMMUG00000053484	0
ENSMMUG00000003871	11
ENSMMUG00000055617	0
ENSMMUG00000037786	0
ENSMMUG00000051818	0
ENSMMUG00000033269	0
ENSMMUG00000004356	0
ENSMMUG00000023319	8
ENSMMUG00000003869	12
ENSMMUG00000057019	0
ENSMMUG00000019606	2
ENSMMUG00000059702	0
ENSMMUG00000065130	0
ENSMMUG00000058209	0
ENSMMUG00000056399	0
ENSMMUG00000051253	0
ENSMMUG00000064069	0
ENSMMUG00000004351	10
ENSMMUG00000064507	24
ENSMMUG00000015569	11
ENSMMUG00000058580	0
ENSMMUG00000019599	0
ENSMMUG00000017186	9
ENSMMUG00000011049	1
ENSMMUG00000037061	0
ENSMMUG00000003864	13
ENSMMUG00000012125	0
ENSMMUG00000000416	0
ENSMMUG00000062264	0
ENSMMUG00000050557	0
ENSMMUG00000053469	0
ENSMMUG00000010084	0
ENSMMUG00000012124	0
ENSMMUG00000062054	0
ENSMMUG00000060268	0
ENSMMUG00000065289	0
ENSMMUG00000012122	11
ENSMMUG00000061178	1
ENSMMUG00000064566	0
ENSMMUG00000059452	0
ENSMMUG00000011567	14
ENSMMUG00000012120	3
ENSMMUG00000005328	0
ENSMMUG00000051247	0
ENSMMUG00000057119	0
ENSMMUG00000005675	25
ENSMMUG00000055170	0
ENSMMUG00000061515	0
ENSMMUG00000055272	3
ENSMMUG00000059826	0
ENSMMUG00000015717	0
ENSMMUG00000056544	10
ENSMMUG00000022942	0
ENSMMUG00000062470	0
ENSMMUG00000056756	0
ENSMMUG00000057123	0
ENSMMUG00000037625	0
ENSMMUG00000059097	0
ENSMMUG00000035464	0
ENSMMUG00000063995	0
ENSMMUG00000050761	6
ENSMMUG00000022941	2
ENSMMUG00000023789	6
ENSMMUG00000063617	0
ENSMMUG00000018573	0
ENSMMUG00000008684	17
ENSMMUG00000054471	0
ENSMMUG00000063219	0
ENSMMUG00000017322	0
ENSMMUG00000061121	0
ENSMMUG00000060026	0
ENSMMUG00000003867	157
ENSMMUG00000017649	8
ENSMMUG00000013990	0
ENSMMUG00000003863	23
ENSMMUG00000005032	6
ENSMMUG00000027369	0
ENSMMUG00000006422	4
ENSMMUG00000041361	0
ENSMMUG00000062235	0
ENSMMUG00000026909	0
ENSMMUG00000003859	17
ENSMMUG00000054273	0
ENSMMUG00000036716	0
ENSMMUG00000005434	27
ENSMMUG00000022083	0
ENSMMUG00000059079	0
ENSMMUG00000064831	0
ENSMMUG00000003861	0
ENSMMUG00000015320	0
ENSMMUG00000003858	12
ENSMMUG00000057740	0
ENSMMUG00000005340	6
ENSMMUG00000040388	0
ENSMMUG00000004491	16
ENSMMUG00000044930	0
ENSMMUG00000036736	0
ENSMMUG00000003850	0
ENSMMUG00000005344	11
ENSMMUG00000000223	0
ENSMMUG00000058208	0
ENSMMUG00000014899	22910
ENSMMUG00000056530	0
ENSMMUG00000035487	0
ENSMMUG00000049531	0
ENSMMUG00000036161	0
ENSMMUG00000039124	0
ENSMMUG00000036622	0
ENSMMUG00000026241	0
ENSMMUG00000056273	0
ENSMMUG00000019275	58
ENSMMUG00000033704	0
ENSMMUG00000055636	0
ENSMMUG00000052165	0
ENSMMUG00000019273	0
ENSMMUG00000043152	5
ENSMMUG00000005575	1
ENSMMUG00000017137	14
ENSMMUG00000000033	45
ENSMMUG00000059163	0
ENSMMUG00000019261	23
ENSMMUG00000003999	3
ENSMMUG00000010345	0
ENSMMUG00000000872	0
ENSMMUG00000060163	0
ENSMMUG00000047592	3
ENSMMUG00000050626	0
ENSMMUG00000058633	0
ENSMMUG00000042009	4
ENSMMUG00000011670	3
ENSMMUG00000061131	0
ENSMMUG00000063435	1
ENSMMUG00000057203	0
ENSMMUG00000013718	1
ENSMMUG00000049424	0
ENSMMUG00000012470	9
ENSMMUG00000064214	0
ENSMMUG00000013716	0
ENSMMUG00000019371	0
ENSMMUG00000004419	22
ENSMMUG00000061981	0
ENSMMUG00000052626	0
ENSMMUG00000064157	0
ENSMMUG00000056770	0
ENSMMUG00000021149	2
ENSMMUG00000034996	0
ENSMMUG00000017806	6
ENSMMUG00000006691	0
ENSMMUG00000004416	15
ENSMMUG00000007403	0
ENSMMUG00000027032	0
ENSMMUG00000060510	0
ENSMMUG00000027499	0
ENSMMUG00000012421	0
ENSMMUG00000008133	0
ENSMMUG00000058781	0
ENSMMUG00000061937	0
ENSMMUG00000053928	0
ENSMMUG00000012419	20
ENSMMUG00000056914	459
ENSMMUG00000012417	0
ENSMMUG00000055896	0
ENSMMUG00000048466	0
ENSMMUG00000041095	0
ENSMMUG00000011668	10
ENSMMUG00000061320	43
ENSMMUG00000015734	4
ENSMMUG00000004690	34
ENSMMUG00000023138	76
ENSMMUG00000009449	0
ENSMMUG00000051886	0
ENSMMUG00000051128	0
ENSMMUG00000034491	0
ENSMMUG00000002451	58
ENSMMUG00000059796	0
ENSMMUG00000062673	14
ENSMMUG00000026977	0
ENSMMUG00000027039	0
ENSMMUG00000022626	4
ENSMMUG00000065155	0
ENSMMUG00000052006	0
ENSMMUG00000014671	12
ENSMMUG00000057923	0
ENSMMUG00000063291	0
ENSMMUG00000019985	4
ENSMMUG00000011304	778
ENSMMUG00000051457	1
ENSMMUG00000042665	0
ENSMMUG00000049321	9
ENSMMUG00000053418	0
ENSMMUG00000033121	0
ENSMMUG00000011301	214
ENSMMUG00000058487	0
ENSMMUG00000057976	1
ENSMMUG00000011293	12
ENSMMUG00000000766	25
ENSMMUG00000029592	2
ENSMMUG00000004871	86
ENSMMUG00000060200	0
ENSMMUG00000004873	52
ENSMMUG00000054826	0
ENSMMUG00000060492	0
ENSMMUG00000062100	0
ENSMMUG00000063258	0
ENSMMUG00000062191	0
ENSMMUG00000003675	0
ENSMMUG00000035066	0
ENSMMUG00000003674	0
ENSMMUG00000001394	21
ENSMMUG00000046356	0
ENSMMUG00000052403	0
ENSMMUG00000050491	0
ENSMMUG00000029799	63
ENSMMUG00000049500	0
ENSMMUG00000013920	0
ENSMMUG00000051603	0
ENSMMUG00000013919	0
ENSMMUG00000062538	3
ENSMMUG00000001393	0
ENSMMUG00000058425	6
ENSMMUG00000009060	4
ENSMMUG00000003126	0
ENSMMUG00000062149	0
ENSMMUG00000000460	0
ENSMMUG00000039548	0
ENSMMUG00000021173	4
ENSMMUG00000048123	0
ENSMMUG00000056117	7
ENSMMUG00000021313	0
ENSMMUG00000053755	0
ENSMMUG00000039082	46
ENSMMUG00000029682	7
ENSMMUG00000001305	3
ENSMMUG00000063127	1
ENSMMUG00000018425	0
ENSMMUG00000063607	2
ENSMMUG00000057641	0
ENSMMUG00000061149	0
ENSMMUG00000052316	0
ENSMMUG00000065059	0
ENSMMUG00000052362	0
ENSMMUG00000015688	2
ENSMMUG00000035836	0
ENSMMUG00000029402	0
ENSMMUG00000025452	0
ENSMMUG00000015682	2
ENSMMUG00000018461	13
ENSMMUG00000015679	3
ENSMMUG00000021172	0
ENSMMUG00000021171	20
ENSMMUG00000037366	0
ENSMMUG00000021169	0
ENSMMUG00000054813	0
ENSMMUG00000018459	6
ENSMMUG00000044514	0
ENSMMUG00000021168	0
ENSMMUG00000015676	0
ENSMMUG00000057952	0
ENSMMUG00000018456	15
ENSMMUG00000059010	0
ENSMMUG00000036054	0
ENSMMUG00000063206	0
ENSMMUG00000005577	0
ENSMMUG00000061993	0
ENSMMUG00000060942	0
ENSMMUG00000018615	0
ENSMMUG00000054760	0
ENSMMUG00000058156	0
ENSMMUG00000055552	0
ENSMMUG00000057864	0
ENSMMUG00000012572	0
ENSMMUG00000036893	0
ENSMMUG00000018609	25
ENSMMUG00000021315	11
ENSMMUG00000058000	0
ENSMMUG00000064662	0
ENSMMUG00000059784	0
ENSMMUG00000018442	5
ENSMMUG00000019072	17
ENSMMUG00000018605	0
ENSMMUG00000017425	1
ENSMMUG00000055773	0
ENSMMUG00000060968	0
ENSMMUG00000052150	0
ENSMMUG00000057878	0
ENSMMUG00000055788	0
ENSMMUG00000056572	0
ENSMMUG00000005574	0
ENSMMUG00000056684	0
ENSMMUG00000065203	0
ENSMMUG00000047903	0
ENSMMUG00000062573	0
ENSMMUG00000014691	2
ENSMMUG00000027759	0
ENSMMUG00000047127	0
ENSMMUG00000058978	0
ENSMMUG00000063576	0
ENSMMUG00000057507	0
ENSMMUG00000051885	0
ENSMMUG00000024130	0
ENSMMUG00000008060	0
ENSMMUG00000059505	0
ENSMMUG00000049911	0
ENSMMUG00000060523	0
ENSMMUG00000018601	8
ENSMMUG00000033158	0
ENSMMUG00000052602	0
ENSMMUG00000061296	0
ENSMMUG00000062089	3
ENSMMUG00000062051	0
ENSMMUG00000064297	0
ENSMMUG00000005573	0
ENSMMUG00000058121	0
ENSMMUG00000017009	3
ENSMMUG00000050949	0
ENSMMUG00000052333	0
ENSMMUG00000014071	265
ENSMMUG00000049917	0
ENSMMUG00000060089	0
ENSMMUG00000061750	1
ENSMMUG00000013651	0
ENSMMUG00000019763	16
ENSMMUG00000058189	14
ENSMMUG00000053878	0
ENSMMUG00000057258	0
ENSMMUG00000052414	9
ENSMMUG00000046092	0
ENSMMUG00000040348	0
ENSMMUG00000035265	0
ENSMMUG00000055141	0
ENSMMUG00000017480	0
ENSMMUG00000030028	68
ENSMMUG00000018575	8
ENSMMUG00000055937	0
ENSMMUG00000060813	1
ENSMMUG00000049774	0
ENSMMUG00000055804	0
ENSMMUG00000061913	24
ENSMMUG00000027786	0
ENSMMUG00000059819	0
ENSMMUG00000064644	0
ENSMMUG00000029909	13
ENSMMUG00000055982	0
ENSMMUG00000001881	0
ENSMMUG00000016627	0
ENSMMUG00000025790	0
ENSMMUG00000023008	0
ENSMMUG00000060646	0
ENSMMUG00000033145	0
ENSMMUG00000053975	0
ENSMMUG00000052131	0
ENSMMUG00000057181	0
ENSMMUG00000036228	0
ENSMMUG00000013648	0
ENSMMUG00000061964	0
ENSMMUG00000060308	0
ENSMMUG00000016626	0
ENSMMUG00000013644	0
ENSMMUG00000064436	0
ENSMMUG00000059187	0
ENSMMUG00000041338	0
ENSMMUG00000065189	0
ENSMMUG00000048878	0
ENSMMUG00000065003	29
ENSMMUG00000023685	20
ENSMMUG00000018438	2
ENSMMUG00000040033	0
ENSMMUG00000064172	0
ENSMMUG00000018434	50
ENSMMUG00000017194	6
ENSMMUG00000010731	28
ENSMMUG00000017160	19
ENSMMUG00000018432	115
ENSMMUG00000008485	5
ENSMMUG00000019961	25
ENSMMUG00000008487	8
ENSMMUG00000063651	0
ENSMMUG00000059807	0
ENSMMUG00000019960	27
ENSMMUG00000016647	0
ENSMMUG00000062034	0
ENSMMUG00000037816	8
ENSMMUG00000015230	2
ENSMMUG00000015229	8
ENSMMUG00000063806	0
ENSMMUG00000051407	14
ENSMMUG00000011719	0
ENSMMUG00000062339	0
ENSMMUG00000021971	7
ENSMMUG00000002777	1
ENSMMUG00000063719	0
ENSMMUG00000050128	0
ENSMMUG00000059737	14
ENSMMUG00000054702	0
ENSMMUG00000042368	0
ENSMMUG00000045038	2
ENSMMUG00000051224	0
ENSMMUG00000060751	0
ENSMMUG00000022050	1
ENSMMUG00000055425	0
ENSMMUG00000060663	0
ENSMMUG00000063339	4
ENSMMUG00000060950	1
ENSMMUG00000052621	0
ENSMMUG00000041744	33
ENSMMUG00000056028	6
ENSMMUG00000007143	37
ENSMMUG00000061648	0
ENSMMUG00000041727	35
ENSMMUG00000007144	0
ENSMMUG00000023748	76
ENSMMUG00000060294	37
ENSMMUG00000057462	2
ENSMMUG00000051980	0
ENSMMUG00000065238	11
ENSMMUG00000006525	52
ENSMMUG00000023733	0
ENSMMUG00000054084	0
ENSMMUG00000000758	156
ENSMMUG00000060973	0
ENSMMUG00000052921	62
ENSMMUG00000061639	0
ENSMMUG00000053403	6
ENSMMUG00000061046	0
ENSMMUG00000005779	3
ENSMMUG00000049687	0
ENSMMUG00000006524	22
ENSMMUG00000059280	0
ENSMMUG00000057380	0
ENSMMUG00000005778	0
ENSMMUG00000052268	0
ENSMMUG00000044231	0
ENSMMUG00000001886	63
ENSMMUG00000062003	0
ENSMMUG00000004540	0
ENSMMUG00000059043	0
ENSMMUG00000041776	0
ENSMMUG00000062626	0
ENSMMUG00000053666	0
ENSMMUG00000065339	0
ENSMMUG00000064414	0
ENSMMUG00000063017	0
ENSMMUG00000065146	0
ENSMMUG00000055919	0
ENSMMUG00000023558	2
ENSMMUG00000061467	0
ENSMMUG00000053653	0
ENSMMUG00000038815	0
ENSMMUG00000043272	0
ENSMMUG00000023562	0
ENSMMUG00000055245	0
ENSMMUG00000061354	0
ENSMMUG00000018513	0
ENSMMUG00000000755	28
ENSMMUG00000050016	37
ENSMMUG00000018514	16
ENSMMUG00000033505	0
ENSMMUG00000013893	34
ENSMMUG00000049499	197
ENSMMUG00000052521	27
ENSMMUG00000020077	10
ENSMMUG00000060084	0
ENSMMUG00000049765	0
ENSMMUG00000065312	0
ENSMMUG00000050374	0
ENSMMUG00000001993	45
ENSMMUG00000055242	641
ENSMMUG00000058325	107
ENSMMUG00000059791	57
ENSMMUG00000012575	16
ENSMMUG00000000747	3
ENSMMUG00000000736	86
ENSMMUG00000004181	2
ENSMMUG00000005446	0
ENSMMUG00000052876	0
ENSMMUG00000063964	37
ENSMMUG00000043529	0
ENSMMUG00000051745	53
ENSMMUG00000012846	22
ENSMMUG00000064715	0
ENSMMUG00000053627	0
ENSMMUG00000000741	0
ENSMMUG00000008799	30
ENSMMUG00000011682	25
ENSMMUG00000000735	28
ENSMMUG00000025344	0
ENSMMUG00000025943	0
ENSMMUG00000018346	0
ENSMMUG00000012843	30
ENSMMUG00000025949	0
ENSMMUG00000062941	7
ENSMMUG00000012837	62
ENSMMUG00000053776	0
ENSMMUG00000057649	0
ENSMMUG00000060527	0
ENSMMUG00000057544	35
ENSMMUG00000000729	83
ENSMMUG00000019045	0
ENSMMUG00000056261	9
ENSMMUG00000035732	0
ENSMMUG00000050418	1268
ENSMMUG00000060410	0
ENSMMUG00000045668	0
ENSMMUG00000000500	20
ENSMMUG00000019048	59
ENSMMUG00000002967	0
ENSMMUG00000011683	17
ENSMMUG00000011994	0
ENSMMUG00000011679	18
ENSMMUG00000020011	0
ENSMMUG00000057516	0
ENSMMUG00000054127	0
ENSMMUG00000021708	0
ENSMMUG00000064227	0
ENSMMUG00000061610	0
ENSMMUG00000022247	10
ENSMMUG00000021707	4
ENSMMUG00000053597	0
ENSMMUG00000052874	0
ENSMMUG00000053641	0
ENSMMUG00000064499	11
ENSMMUG00000064794	0
ENSMMUG00000057891	0
ENSMMUG00000024056	0
ENSMMUG00000023767	0
ENSMMUG00000021483	14
ENSMMUG00000024923	0
ENSMMUG00000041076	63
ENSMMUG00000029822	0
ENSMMUG00000006832	0
ENSMMUG00000020366	35
ENSMMUG00000014360	11
ENSMMUG00000061512	0
ENSMMUG00000006828	56
ENSMMUG00000057288	0
ENSMMUG00000062691	0
ENSMMUG00000053826	0
ENSMMUG00000019073	0
ENSMMUG00000020367	0
ENSMMUG00000019074	0
ENSMMUG00000058069	0
ENSMMUG00000006827	0
ENSMMUG00000037653	0
ENSMMUG00000019076	0
ENSMMUG00000039008	0
ENSMMUG00000060088	0
ENSMMUG00000053091	0
ENSMMUG00000064888	0
ENSMMUG00000020178	16
ENSMMUG00000064804	1
ENSMMUG00000014995	10
ENSMMUG00000045974	0
ENSMMUG00000005442	5
ENSMMUG00000019078	0
ENSMMUG00000057943	0
ENSMMUG00000025063	0
ENSMMUG00000052948	0
ENSMMUG00000061701	0
ENSMMUG00000009702	0
ENSMMUG00000035786	0
ENSMMUG00000065156	0
ENSMMUG00000046121	0
ENSMMUG00000020369	361
ENSMMUG00000041707	0
ENSMMUG00000022691	0
ENSMMUG00000023067	0
ENSMMUG00000051211	0
ENSMMUG00000029827	20
ENSMMUG00000050903	0
ENSMMUG00000061590	0
ENSMMUG00000056642	0
ENSMMUG00000056160	0
ENSMMUG00000010599	2
ENSMMUG00000051508	0
ENSMMUG00000065242	0
ENSMMUG00000018231	0
ENSMMUG00000052337	0
ENSMMUG00000062675	0
ENSMMUG00000044472	34
ENSMMUG00000059126	0
ENSMMUG00000021072	0
ENSMMUG00000009861	0
ENSMMUG00000026555	0
ENSMMUG00000001992	50
ENSMMUG00000015694	0
ENSMMUG00000058534	0
ENSMMUG00000056155	0
ENSMMUG00000054081	0
ENSMMUG00000014999	0
ENSMMUG00000009585	0
ENSMMUG00000018232	11
ENSMMUG00000001990	252
ENSMMUG00000043866	0
ENSMMUG00000053588	0
ENSMMUG00000015161	0
ENSMMUG00000055883	0
ENSMMUG00000024393	0
ENSMMUG00000012241	1
ENSMMUG00000053073	4
ENSMMUG00000056718	0
ENSMMUG00000007010	2
ENSMMUG00000056435	0
ENSMMUG00000064319	0
ENSMMUG00000011384	60
ENSMMUG00000062637	0
ENSMMUG00000057490	0
ENSMMUG00000052378	0
ENSMMUG00000062680	0
ENSMMUG00000059381	0
ENSMMUG00000059711	0
ENSMMUG00000002586	0
ENSMMUG00000007011	3
ENSMMUG00000053089	6
ENSMMUG00000056312	0
ENSMMUG00000002940	37
ENSMMUG00000026139	0
ENSMMUG00000004646	3
ENSMMUG00000061158	6
ENSMMUG00000062981	0
ENSMMUG00000059871	0
ENSMMUG00000058963	0
ENSMMUG00000015163	32
ENSMMUG00000062549	0
ENSMMUG00000009827	5
ENSMMUG00000061288	7
ENSMMUG00000047824	4
ENSMMUG00000007020	5
ENSMMUG00000021482	0
ENSMMUG00000033322	0
ENSMMUG00000002583	0
ENSMMUG00000049400	0
ENSMMUG00000029462	25
ENSMMUG00000063451	2
ENSMMUG00000029882	0
ENSMMUG00000050767	0
ENSMMUG00000050828	30
ENSMMUG00000053219	0
ENSMMUG00000029463	25
ENSMMUG00000065179	0
ENSMMUG00000016703	0
ENSMMUG00000049407	0
ENSMMUG00000015365	0
ENSMMUG00000013909	0
ENSMMUG00000057429	0
ENSMMUG00000003953	0
ENSMMUG00000002582	0
ENSMMUG00000053480	0
ENSMMUG00000029465	0
ENSMMUG00000023221	20
ENSMMUG00000053561	0
ENSMMUG00000012092	0
ENSMMUG00000063631	0
ENSMMUG00000029883	0
ENSMMUG00000059442	0
ENSMMUG00000005415	0
ENSMMUG00000002579	0
ENSMMUG00000000923	0
ENSMMUG00000004377	0
ENSMMUG00000064606	0
ENSMMUG00000065098	0
ENSMMUG00000058238	0
ENSMMUG00000003951	0
ENSMMUG00000006510	1
ENSMMUG00000056478	0
ENSMMUG00000039988	0
ENSMMUG00000053786	0
ENSMMUG00000063408	0
ENSMMUG00000002574	0
ENSMMUG00000003678	0
ENSMMUG00000052092	0
ENSMMUG00000063037	0
ENSMMUG00000049050	20
ENSMMUG00000060472	14
ENSMMUG00000051193	0
ENSMMUG00000047033	0
ENSMMUG00000020537	0
ENSMMUG00000015961	30
ENSMMUG00000029466	0
ENSMMUG00000033265	0
ENSMMUG00000022110	3
ENSMMUG00000050349	0
ENSMMUG00000008120	6
ENSMMUG00000056416	0
ENSMMUG00000050665	0
ENSMMUG00000065007	0
ENSMMUG00000055267	0
ENSMMUG00000004619	0
ENSMMUG00000028498	0
ENSMMUG00000004618	0
ENSMMUG00000002573	8
ENSMMUG00000010802	0
ENSMMUG00000054380	0
ENSMMUG00000053117	31
ENSMMUG00000062369	0
ENSMMUG00000059793	0
ENSMMUG00000020538	8
ENSMMUG00000011169	0
ENSMMUG00000064852	0
ENSMMUG00000055275	0
ENSMMUG00000004617	0
ENSMMUG00000019772	7
ENSMMUG00000060483	0
ENSMMUG00000019679	1
ENSMMUG00000037150	0
ENSMMUG00000012396	1
ENSMMUG00000046956	0
ENSMMUG00000053768	0
ENSMMUG00000021401	0
ENSMMUG00000056640	0
ENSMMUG00000019774	1
ENSMMUG00000014763	0
ENSMMUG00000011171	6
ENSMMUG00000050301	0
ENSMMUG00000014764	0
ENSMMUG00000011675	0
ENSMMUG00000040895	0
ENSMMUG00000011172	4
ENSMMUG00000008762	0
ENSMMUG00000018054	11
ENSMMUG00000036700	0
ENSMMUG00000007231	0
ENSMMUG00000061395	0
ENSMMUG00000064836	0
ENSMMUG00000051465	0
ENSMMUG00000032838	0
ENSMMUG00000020410	9
ENSMMUG00000058038	0
ENSMMUG00000065345	0
ENSMMUG00000032924	0
ENSMMUG00000007228	3
ENSMMUG00000020351	2
ENSMMUG00000023265	75
ENSMMUG00000059116	0
ENSMMUG00000054652	0
ENSMMUG00000061965	0
ENSMMUG00000013483	10
ENSMMUG00000008993	2
ENSMMUG00000015747	0
ENSMMUG00000058018	0
ENSMMUG00000057817	0
ENSMMUG00000054633	0
ENSMMUG00000007227	0
ENSMMUG00000053256	0
ENSMMUG00000023387	0
ENSMMUG00000059202	0
ENSMMUG00000060839	0
ENSMMUG00000029475	4
ENSMMUG00000050174	0
ENSMMUG00000052539	0
ENSMMUG00000018342	2
ENSMMUG00000054954	0
ENSMMUG00000023381	0
ENSMMUG00000002537	0
ENSMMUG00000060940	6
ENSMMUG00000055851	0
ENSMMUG00000060557	0
ENSMMUG00000003332	23
ENSMMUG00000016702	0
ENSMMUG00000052132	8
ENSMMUG00000014473	0
ENSMMUG00000052976	0
ENSMMUG00000003331	0
ENSMMUG00000029549	6
ENSMMUG00000020831	0
ENSMMUG00000012592	0
ENSMMUG00000041123	0
ENSMMUG00000014471	0
ENSMMUG00000001435	0
ENSMMUG00000036305	0
ENSMMUG00000063246	0
ENSMMUG00000049519	0
ENSMMUG00000063237	0
ENSMMUG00000050895	0
ENSMMUG00000064609	0
ENSMMUG00000058664	0
ENSMMUG00000006147	0
ENSMMUG00000001442	0
ENSMMUG00000062046	0
ENSMMUG00000032837	0
ENSMMUG00000037163	0
ENSMMUG00000048502	0
ENSMMUG00000062055	6
ENSMMUG00000012590	1
ENSMMUG00000063573	0
ENSMMUG00000012589	1
ENSMMUG00000001634	0
ENSMMUG00000014703	6
ENSMMUG00000027678	0
ENSMMUG00000026641	0
ENSMMUG00000001632	30
ENSMMUG00000025555	0
ENSMMUG00000048908	2
ENSMMUG00000006143	15
ENSMMUG00000061667	8
ENSMMUG00000062458	0
ENSMMUG00000063347	0
ENSMMUG00000012580	8
ENSMMUG00000056578	0
ENSMMUG00000003725	21
ENSMMUG00000049816	0
ENSMMUG00000011575	165
ENSMMUG00000011573	103
ENSMMUG00000036106	0
ENSMMUG00000055978	0
ENSMMUG00000057697	0
ENSMMUG00000064207	0
ENSMMUG00000053572	0
ENSMMUG00000055652	0
ENSMMUG00000025116	0
ENSMMUG00000051522	0
ENSMMUG00000051271	0
ENSMMUG00000009856	0
ENSMMUG00000057619	1
ENSMMUG00000050740	0
ENSMMUG00000016945	0
ENSMMUG00000005923	0
ENSMMUG00000015780	0
ENSMMUG00000055313	0
ENSMMUG00000058371	0
ENSMMUG00000001659	8
ENSMMUG00000045958	0
ENSMMUG00000055291	16
ENSMMUG00000058228	0
ENSMMUG00000064616	0
ENSMMUG00000050333	0
ENSMMUG00000059905	0
ENSMMUG00000063437	4
ENSMMUG00000005964	0
ENSMMUG00000049806	0
ENSMMUG00000055442	0
ENSMMUG00000060866	0
ENSMMUG00000054502	0
ENSMMUG00000062805	0
ENSMMUG00000010749	2
ENSMMUG00000002270	57
ENSMMUG00000022287	13
ENSMMUG00000001658	0
ENSMMUG00000048443	0
ENSMMUG00000057555	0
ENSMMUG00000061609	0
ENSMMUG00000061328	0
ENSMMUG00000061554	0
ENSMMUG00000036691	0
ENSMMUG00000063638	0
ENSMMUG00000036049	0
ENSMMUG00000060722	0
ENSMMUG00000063449	0
ENSMMUG00000055250	0
ENSMMUG00000050303	0
ENSMMUG00000060030	0
ENSMMUG00000024570	0
ENSMMUG00000023610	4
ENSMMUG00000016201	0
ENSMMUG00000040203	0
ENSMMUG00000062589	0
ENSMMUG00000005717	0
ENSMMUG00000005715	0
ENSMMUG00000064300	0
ENSMMUG00000026452	0
ENSMMUG00000051726	0
ENSMMUG00000015662	0
ENSMMUG00000017497	0
ENSMMUG00000015658	56
ENSMMUG00000046134	0
ENSMMUG00000057863	0
ENSMMUG00000045968	6
ENSMMUG00000005093	0
ENSMMUG00000052641	0
ENSMMUG00000022008	1
ENSMMUG00000061084	0
ENSMMUG00000015872	3
ENSMMUG00000053042	0
ENSMMUG00000022006	0
ENSMMUG00000054227	0
ENSMMUG00000054919	0
ENSMMUG00000063198	0
ENSMMUG00000059553	0
ENSMMUG00000022193	3
ENSMMUG00000059810	0
ENSMMUG00000041405	0
ENSMMUG00000057538	0
ENSMMUG00000016217	0
ENSMMUG00000060257	0
ENSMMUG00000007142	20
ENSMMUG00000002936	50
ENSMMUG00000044467	0
ENSMMUG00000018843	3
ENSMMUG00000062840	0
ENSMMUG00000055593	0
ENSMMUG00000060935	0
ENSMMUG00000027945	0
ENSMMUG00000012621	2
ENSMMUG00000041115	0
ENSMMUG00000012616	11
ENSMMUG00000064822	0
ENSMMUG00000060469	0
ENSMMUG00000054243	0
ENSMMUG00000021976	16
ENSMMUG00000057657	7
ENSMMUG00000061989	0
ENSMMUG00000050646	0
ENSMMUG00000048810	2
ENSMMUG00000064008	0
ENSMMUG00000065209	0
ENSMMUG00000007153	0
ENSMMUG00000021977	110
ENSMMUG00000053706	0
ENSMMUG00000026646	0
ENSMMUG00000064080	0
ENSMMUG00000005004	36
ENSMMUG00000040054	0
ENSMMUG00000002598	0
ENSMMUG00000051014	0
ENSMMUG00000050610	0
ENSMMUG00000012202	1
ENSMMUG00000062661	0
ENSMMUG00000022285	3
ENSMMUG00000026050	0
ENSMMUG00000049021	0
ENSMMUG00000055444	0
ENSMMUG00000050532	0
ENSMMUG00000017495	1
ENSMMUG00000050965	0
ENSMMUG00000056730	3
ENSMMUG00000052383	0
ENSMMUG00000057220	5
ENSMMUG00000049744	0
ENSMMUG00000016603	0
ENSMMUG00000005854	0
ENSMMUG00000058909	0
ENSMMUG00000014867	0
ENSMMUG00000051970	0
ENSMMUG00000000808	0
ENSMMUG00000058151	0
ENSMMUG00000029939	99
ENSMMUG00000058161	0
ENSMMUG00000033676	0
ENSMMUG00000043713	0
ENSMMUG00000009803	8
ENSMMUG00000060443	0
ENSMMUG00000036138	0
ENSMMUG00000048121	0
ENSMMUG00000054940	0
ENSMMUG00000004061	0
ENSMMUG00000060681	0
ENSMMUG00000019364	0
ENSMMUG00000051501	0
ENSMMUG00000003214	0
ENSMMUG00000052891	0
ENSMMUG00000029510	4
ENSMMUG00000055964	35
ENSMMUG00000054128	0
ENSMMUG00000062530	0
ENSMMUG00000024704	0
ENSMMUG00000024986	0
ENSMMUG00000005929	0
ENSMMUG00000064767	0
ENSMMUG00000060923	59
ENSMMUG00000060591	0
ENSMMUG00000020558	0
ENSMMUG00000005925	40
ENSMMUG00000019368	10
ENSMMUG00000022119	16
ENSMMUG00000001018	0
ENSMMUG00000046610	0
ENSMMUG00000051338	0
ENSMMUG00000014508	4
ENSMMUG00000049294	0
ENSMMUG00000052906	0
ENSMMUG00000058818	0
ENSMMUG00000055398	0
ENSMMUG00000019448	16
ENSMMUG00000063801	0
ENSMMUG00000026352	0
ENSMMUG00000063962	0
ENSMMUG00000008452	0
ENSMMUG00000035752	0
ENSMMUG00000008451	0
ENSMMUG00000057613	0
ENSMMUG00000040087	0
ENSMMUG00000039962	0
ENSMMUG00000057996	0
ENSMMUG00000015363	0
ENSMMUG00000000687	8
ENSMMUG00000051037	0
ENSMMUG00000019450	0
ENSMMUG00000058092	277
ENSMMUG00000032944	0
ENSMMUG00000052208	0
ENSMMUG00000061819	0
ENSMMUG00000060680	0
ENSMMUG00000020646	0
ENSMMUG00000057097	0
ENSMMUG00000019454	25
ENSMMUG00000052477	0
ENSMMUG00000058074	5
ENSMMUG00000051919	0
ENSMMUG00000063635	0
ENSMMUG00000000685	1
ENSMMUG00000014454	8
ENSMMUG00000056207	0
ENSMMUG00000054532	0
ENSMMUG00000052442	0
ENSMMUG00000055914	0
ENSMMUG00000019457	51
ENSMMUG00000059595	0
ENSMMUG00000015416	7
ENSMMUG00000007954	2
ENSMMUG00000038979	0
ENSMMUG00000015362	5
ENSMMUG00000034460	0
ENSMMUG00000005903	6
ENSMMUG00000016598	8
ENSMMUG00000025209	0
ENSMMUG00000008444	6
ENSMMUG00000045417	0
ENSMMUG00000014936	0
ENSMMUG00000024870	0
ENSMMUG00000060543	0
ENSMMUG00000049783	0
ENSMMUG00000022489	0
ENSMMUG00000049954	0
ENSMMUG00000040219	0
ENSMMUG00000022950	7
ENSMMUG00000055673	0
ENSMMUG00000036934	0
ENSMMUG00000008442	0
ENSMMUG00000052877	0
ENSMMUG00000056780	0
ENSMMUG00000058043	0
ENSMMUG00000051756	0
ENSMMUG00000002271	9
ENSMMUG00000054569	0
ENSMMUG00000036186	0
ENSMMUG00000020289	0
ENSMMUG00000051509	3
ENSMMUG00000055574	0
ENSMMUG00000063481	0
ENSMMUG00000002501	0
ENSMMUG00000034645	0
ENSMMUG00000060769	0
ENSMMUG00000054584	0
ENSMMUG00000018557	0
ENSMMUG00000052231	4
ENSMMUG00000044473	0
ENSMMUG00000062415	0
ENSMMUG00000009922	0
ENSMMUG00000050334	0
ENSMMUG00000051188	0
ENSMMUG00000056792	0
ENSMMUG00000058104	0
ENSMMUG00000032905	0
ENSMMUG00000035611	0
ENSMMUG00000051861	0
ENSMMUG00000008330	10
ENSMMUG00000062364	0
ENSMMUG00000020122	25
ENSMMUG00000036550	0
ENSMMUG00000057821	0
ENSMMUG00000008681	25
ENSMMUG00000008121	0
ENSMMUG00000008678	1
ENSMMUG00000061899	6
ENSMMUG00000005406	0
ENSMMUG00000020040	0
ENSMMUG00000026293	0
ENSMMUG00000060827	0
ENSMMUG00000055472	0
ENSMMUG00000051532	0
ENSMMUG00000008560	23
ENSMMUG00000055480	0
ENSMMUG00000055153	0
ENSMMUG00000059555	0
ENSMMUG00000054112	0
ENSMMUG00000053922	0
ENSMMUG00000050222	0
ENSMMUG00000050138	0
ENSMMUG00000035244	0
ENSMMUG00000025793	0
ENSMMUG00000025481	0
ENSMMUG00000024280	0
ENSMMUG00000024302	0
ENSMMUG00000053086	0
ENSMMUG00000052057	0
ENSMMUG00000058570	0
ENSMMUG00000063833	0
ENSMMUG00000053243	0
ENSMMUG00000056943	0
ENSMMUG00000026549	0
ENSMMUG00000058284	0
ENSMMUG00000023926	0
ENSMMUG00000025608	0
ENSMMUG00000058012	0
ENSMMUG00000060241	0
ENSMMUG00000055222	0
ENSMMUG00000026065	0
ENSMMUG00000025424	0
ENSMMUG00000057695	0
ENSMMUG00000024558	0
ENSMMUG00000053902	0
ENSMMUG00000026081	0
ENSMMUG00000058390	0
ENSMMUG00000025526	0
ENSMMUG00000059456	0
ENSMMUG00000054582	0
ENSMMUG00000051432	0
ENSMMUG00000061608	0
ENSMMUG00000034542	0
ENSMMUG00000035223	0
ENSMMUG00000027049	0
ENSMMUG00000027026	0
ENSMMUG00000032999	0
ENSMMUG00000032806	0
ENSMMUG00000033111	0
ENSMMUG00000033908	0
ENSMMUG00000026926	0
ENSMMUG00000053057	0
ENSMMUG00000027155	0
ENSMMUG00000064231	0
ENSMMUG00000055261	0
ENSMMUG00000054989	0
ENSMMUG00000059297	0
ENSMMUG00000027095	0
ENSMMUG00000032705	0
ENSMMUG00000033445	0
ENSMMUG00000027306	0
ENSMMUG00000042198	0
ENSMMUG00000033246	0
ENSMMUG00000026848	0
ENSMMUG00000033146	0
ENSMMUG00000027109	0
ENSMMUG00000032717	0
ENSMMUG00000027266	0
ENSMMUG00000033362	0
ENSMMUG00000027019	0
ENSMMUG00000040821	0
ENSMMUG00000051260	0
ENSMMUG00000062785	0
ENSMMUG00000063073	0
ENSMMUG00000064407	0
ENSMMUG00000057662	0
ENSMMUG00000063696	0
ENSMMUG00000054865	0
ENSMMUG00000055888	0
ENSMMUG00000050225	0
ENSMMUG00000053337	0
ENSMMUG00000061070	0
ENSMMUG00000062016	0
ENSMMUG00000052410	0
ENSMMUG00000057566	0
ENSMMUG00000063241	0
ENSMMUG00000060755	0
ENSMMUG00000001740	14
ENSMMUG00000062515	0
ENSMMUG00000056070	0
ENSMMUG00000057938	0
ENSMMUG00000016544	0
ENSMMUG00000036502	0
ENSMMUG00000053693	0
ENSMMUG00000006659	5
ENSMMUG00000063203	0
ENSMMUG00000012473	43
ENSMMUG00000020374	43
ENSMMUG00000063795	0
ENSMMUG00000007460	0
ENSMMUG00000013325	10
ENSMMUG00000050660	0
ENSMMUG00000036401	0
ENSMMUG00000003565	2
ENSMMUG00000029177	0
ENSMMUG00000064343	0
ENSMMUG00000015169	1
ENSMMUG00000011819	14
ENSMMUG00000016552	41
ENSMMUG00000057980	7
ENSMMUG00000003567	0
ENSMMUG00000016556	36
ENSMMUG00000059579	0
ENSMMUG00000053633	21
ENSMMUG00000052518	11
ENSMMUG00000009971	0
ENSMMUG00000001044	61
ENSMMUG00000011829	6
ENSMMUG00000013814	0
ENSMMUG00000009974	27
ENSMMUG00000057071	0
ENSMMUG00000054786	0
ENSMMUG00000049334	0
ENSMMUG00000054478	0
ENSMMUG00000016487	5
ENSMMUG00000023258	2
ENSMMUG00000037827	0
ENSMMUG00000060896	0
ENSMMUG00000060998	0
ENSMMUG00000029343	1
ENSMMUG00000063155	0
ENSMMUG00000063136	0
ENSMMUG00000056190	12
ENSMMUG00000044581	3
ENSMMUG00000065022	4
ENSMMUG00000001047	0
ENSMMUG00000061833	0
ENSMMUG00000062708	0
ENSMMUG00000000277	7
ENSMMUG00000023041	0
ENSMMUG00000049891	3
ENSMMUG00000011782	34
ENSMMUG00000036797	0
ENSMMUG00000004025	8
ENSMMUG00000010576	53
ENSMMUG00000000278	3
ENSMMUG00000004027	4
ENSMMUG00000000186	10
ENSMMUG00000006650	22
ENSMMUG00000010578	0
ENSMMUG00000064694	47
ENSMMUG00000017381	48
ENSMMUG00000053729	0
ENSMMUG00000001273	9
ENSMMUG00000062301	0
ENSMMUG00000063145	0
ENSMMUG00000054161	0
ENSMMUG00000007516	15
ENSMMUG00000053334	0
ENSMMUG00000053970	0
ENSMMUG00000007517	0
ENSMMUG00000063322	0
ENSMMUG00000057287	3
ENSMMUG00000012388	0
ENSMMUG00000025787	0
ENSMMUG00000061843	0
ENSMMUG00000004787	1
ENSMMUG00000050366	0
ENSMMUG00000001276	2
ENSMMUG00000042148	1
ENSMMUG00000063691	0
ENSMMUG00000064003	0
ENSMMUG00000062772	4
ENSMMUG00000057402	0
ENSMMUG00000055595	0
ENSMMUG00000012398	79
ENSMMUG00000052931	0
ENSMMUG00000012400	372
ENSMMUG00000023314	0
ENSMMUG00000057284	0
ENSMMUG00000061709	0
ENSMMUG00000051027	0
ENSMMUG00000061666	0
ENSMMUG00000049354	0
ENSMMUG00000052886	0
ENSMMUG00000001863	0
ENSMMUG00000045325	0
ENSMMUG00000035420	0
ENSMMUG00000040090	6
ENSMMUG00000060984	0
ENSMMUG00000063701	0
ENSMMUG00000059877	0
ENSMMUG00000053981	0
ENSMMUG00000050909	0
ENSMMUG00000029455	0
ENSMMUG00000003034	0
ENSMMUG00000005780	195
ENSMMUG00000007762	0
ENSMMUG00000023047	0
ENSMMUG00000012852	0
ENSMMUG00000059023	11
ENSMMUG00000002855	0
ENSMMUG00000029174	11
ENSMMUG00000005702	0
ENSMMUG00000005430	7
ENSMMUG00000061870	0
ENSMMUG00000007763	21
ENSMMUG00000058348	0
ENSMMUG00000005704	0
ENSMMUG00000053848	0
ENSMMUG00000034878	0
ENSMMUG00000051942	0
ENSMMUG00000059418	0
ENSMMUG00000002383	0
ENSMMUG00000045269	0
ENSMMUG00000059026	4
ENSMMUG00000006283	3
ENSMMUG00000013828	15
ENSMMUG00000060470	0
ENSMMUG00000023780	440
ENSMMUG00000058162	0
ENSMMUG00000065019	0
ENSMMUG00000015894	0
ENSMMUG00000056668	8
ENSMMUG00000059813	7
ENSMMUG00000065206	0
ENSMMUG00000024564	0
ENSMMUG00000016250	14
ENSMMUG00000065222	0
ENSMMUG00000021295	0
ENSMMUG00000062820	0
ENSMMUG00000022939	16
ENSMMUG00000061576	0
ENSMMUG00000016251	0
ENSMMUG00000053489	0
ENSMMUG00000034909	0
ENSMMUG00000037064	0
ENSMMUG00000059984	5
ENSMMUG00000007307	0
ENSMMUG00000020885	0
ENSMMUG00000007308	0
ENSMMUG00000059088	0
ENSMMUG00000049926	0
ENSMMUG00000010767	11
ENSMMUG00000049593	0
ENSMMUG00000020426	1
ENSMMUG00000056545	0
ENSMMUG00000052453	0
ENSMMUG00000038006	0
ENSMMUG00000058239	0
ENSMMUG00000012356	0
ENSMMUG00000044662	0
ENSMMUG00000020586	0
ENSMMUG00000056961	0
ENSMMUG00000062765	0
ENSMMUG00000064358	0
ENSMMUG00000016255	54
ENSMMUG00000027928	0
ENSMMUG00000061882	0
ENSMMUG00000064383	0
ENSMMUG00000048644	0
ENSMMUG00000061585	0
ENSMMUG00000016483	0
ENSMMUG00000035204	0
ENSMMUG00000061183	0
ENSMMUG00000060690	0
ENSMMUG00000011217	0
ENSMMUG00000010665	11
ENSMMUG00000018278	2
ENSMMUG00000017313	21
ENSMMUG00000062857	0
ENSMMUG00000011218	2
ENSMMUG00000053933	0
ENSMMUG00000062871	0
ENSMMUG00000037635	0
ENSMMUG00000012474	200
ENSMMUG00000001423	6
ENSMMUG00000054021	0
ENSMMUG00000004856	0
ENSMMUG00000055341	0
ENSMMUG00000011475	10
ENSMMUG00000057457	0
ENSMMUG00000059076	0
ENSMMUG00000056589	7
ENSMMUG00000054379	4
ENSMMUG00000036759	0
ENSMMUG00000041260	0
ENSMMUG00000040817	110
ENSMMUG00000007159	9
ENSMMUG00000009641	0
ENSMMUG00000007163	0
ENSMMUG00000002764	0
ENSMMUG00000012480	10
ENSMMUG00000061299	0
ENSMMUG00000050513	0
ENSMMUG00000030305	0
ENSMMUG00000009648	0
ENSMMUG00000015202	0
ENSMMUG00000023305	29
ENSMMUG00000009649	7
ENSMMUG00000018279	0
ENSMMUG00000012481	24
ENSMMUG00000065328	0
ENSMMUG00000035178	0
ENSMMUG00000040771	8
ENSMMUG00000021311	16
ENSMMUG00000057110	0
ENSMMUG00000061441	0
ENSMMUG00000009651	1
ENSMMUG00000054271	0
ENSMMUG00000019346	37
ENSMMUG00000040110	0
ENSMMUG00000045298	0
ENSMMUG00000007646	0
ENSMMUG00000025409	0
ENSMMUG00000056013	0
ENSMMUG00000011316	0
ENSMMUG00000053166	0
ENSMMUG00000044341	0
ENSMMUG00000042030	0
ENSMMUG00000002121	0
ENSMMUG00000055938	0
ENSMMUG00000061578	0
ENSMMUG00000056876	0
ENSMMUG00000022926	64
ENSMMUG00000058548	0
ENSMMUG00000058109	0
ENSMMUG00000052677	0
ENSMMUG00000062395	0
ENSMMUG00000059525	0
ENSMMUG00000060758	0
ENSMMUG00000055207	3
ENSMMUG00000039337	0
ENSMMUG00000061551	0
ENSMMUG00000046299	0
ENSMMUG00000051249	8
ENSMMUG00000051750	0
ENSMMUG00000056361	0
ENSMMUG00000036646	0
ENSMMUG00000053246	0
ENSMMUG00000025088	0
ENSMMUG00000020514	14
ENSMMUG00000003508	0
ENSMMUG00000060892	0
ENSMMUG00000009584	22
ENSMMUG00000010093	4
ENSMMUG00000003184	10
ENSMMUG00000056727	0
ENSMMUG00000064733	0
ENSMMUG00000064429	0
ENSMMUG00000062798	0
ENSMMUG00000001425	0
ENSMMUG00000049896	0
ENSMMUG00000036452	2456
ENSMMUG00000060832	0
ENSMMUG00000052026	0
ENSMMUG00000050187	0
ENSMMUG00000059683	0
ENSMMUG00000054163	0
ENSMMUG00000050958	0
ENSMMUG00000051006	0
ENSMMUG00000060256	0
ENSMMUG00000044272	0
ENSMMUG00000012493	13
ENSMMUG00000065308	0
ENSMMUG00000020516	0
ENSMMUG00000060559	0
ENSMMUG00000063210	0
ENSMMUG00000050195	0
ENSMMUG00000057333	0
ENSMMUG00000053752	0
ENSMMUG00000016253	14684
ENSMMUG00000062599	0
ENSMMUG00000003509	21
ENSMMUG00000021571	11
ENSMMUG00000021028	1
ENSMMUG00000001242	0
ENSMMUG00000064827	0
ENSMMUG00000052929	0
ENSMMUG00000021027	0
ENSMMUG00000021572	2
ENSMMUG00000003514	1
ENSMMUG00000052036	0
ENSMMUG00000050779	0
ENSMMUG00000029407	75
ENSMMUG00000052535	0
ENSMMUG00000049567	9
ENSMMUG00000003240	0
ENSMMUG00000054891	0
ENSMMUG00000060524	0
ENSMMUG00000032019	0
ENSMMUG00000050130	0
ENSMMUG00000059005	0
ENSMMUG00000065178	0
ENSMMUG00000051702	0
ENSMMUG00000057719	0
ENSMMUG00000058118	0
ENSMMUG00000043593	0
ENSMMUG00000055018	36
ENSMMUG00000062943	0
ENSMMUG00000049534	0
ENSMMUG00000058825	6
ENSMMUG00000063096	0
ENSMMUG00000034568	0
ENSMMUG00000027443	0
ENSMMUG00000059678	0
ENSMMUG00000051744	3
ENSMMUG00000061411	0
ENSMMUG00000030587	0
ENSMMUG00000039141	0
ENSMMUG00000057295	0
ENSMMUG00000055375	0
ENSMMUG00000022407	112
ENSMMUG00000012496	0
ENSMMUG00000050883	0
ENSMMUG00000054499	0
ENSMMUG00000003002	0
ENSMMUG00000063231	0
ENSMMUG00000022409	19
ENSMMUG00000060671	0
ENSMMUG00000058671	0
ENSMMUG00000011123	0
ENSMMUG00000002797	7
ENSMMUG00000000681	0
ENSMMUG00000055678	0
ENSMMUG00000059164	0
ENSMMUG00000045443	0
ENSMMUG00000018998	0
ENSMMUG00000049718	1
ENSMMUG00000003834	0
ENSMMUG00000012455	24
ENSMMUG00000013670	14
ENSMMUG00000017430	0
ENSMMUG00000021121	2
ENSMMUG00000017665	0
ENSMMUG00000005179	3
ENSMMUG00000001084	0
ENSMMUG00000064023	0
ENSMMUG00000055905	6
ENSMMUG00000012064	2
ENSMMUG00000064646	0
ENSMMUG00000006676	12
ENSMMUG00000060014	0
ENSMMUG00000004931	40
ENSMMUG00000026851	0
ENSMMUG00000057298	0
ENSMMUG00000016742	4
ENSMMUG00000006848	3
ENSMMUG00000059439	0
ENSMMUG00000016164	2
ENSMMUG00000055506	0
ENSMMUG00000044720	0
ENSMMUG00000049869	0
ENSMMUG00000012452	4
ENSMMUG00000000534	0
ENSMMUG00000041902	0
ENSMMUG00000053346	0
ENSMMUG00000061062	0
ENSMMUG00000014288	0
ENSMMUG00000064047	0
ENSMMUG00000015224	11
ENSMMUG00000017433	3
ENSMMUG00000048039	97
ENSMMUG00000012065	0
ENSMMUG00000057551	0
ENSMMUG00000062552	0
ENSMMUG00000034822	0
ENSMMUG00000056289	0
ENSMMUG00000012447	8
ENSMMUG00000059698	0
ENSMMUG00000036321	0
ENSMMUG00000003364	0
ENSMMUG00000016564	0
ENSMMUG00000014291	51
ENSMMUG00000050525	0
ENSMMUG00000059589	0
ENSMMUG00000013669	0
ENSMMUG00000019126	3
ENSMMUG00000055872	0
ENSMMUG00000009867	16
ENSMMUG00000056992	6
ENSMMUG00000011089	0
ENSMMUG00000012690	19
ENSMMUG00000001090	4
ENSMMUG00000049446	0
ENSMMUG00000009361	0
ENSMMUG00000046614	0
ENSMMUG00000060424	0
ENSMMUG00000019128	1
ENSMMUG00000064176	0
ENSMMUG00000008188	0
ENSMMUG00000052204	0
ENSMMUG00000057962	27
ENSMMUG00000062770	0
ENSMMUG00000034414	0
ENSMMUG00000052864	0
ENSMMUG00000058595	0
ENSMMUG00000010051	15
ENSMMUG00000015599	0
ENSMMUG00000059927	0
ENSMMUG00000011084	0
ENSMMUG00000009087	1
ENSMMUG00000054012	0
ENSMMUG00000009869	25
ENSMMUG00000052692	0
ENSMMUG00000060441	0
ENSMMUG00000053103	0
ENSMMUG00000015855	0
ENSMMUG00000059282	0
ENSMMUG00000052580	0
ENSMMUG00000064946	0
ENSMMUG00000036204	0
ENSMMUG00000064266	0
ENSMMUG00000010049	10
ENSMMUG00000000202	0
ENSMMUG00000005496	10
ENSMMUG00000009084	1
ENSMMUG00000021070	7
ENSMMUG00000058446	2
ENSMMUG00000057652	1
ENSMMUG00000021010	0
ENSMMUG00000056465	0
ENSMMUG00000048106	39
ENSMMUG00000005781	3
ENSMMUG00000001656	0
ENSMMUG00000001657	0
ENSMMUG00000054653	0
ENSMMUG00000017666	22
ENSMMUG00000010046	0
ENSMMUG00000020697	0
ENSMMUG00000037670	0
ENSMMUG00000051727	0
ENSMMUG00000059301	0
ENSMMUG00000056365	1
ENSMMUG00000054825	0
ENSMMUG00000020698	3
ENSMMUG00000036641	0
ENSMMUG00000052647	0
ENSMMUG00000051069	0
ENSMMUG00000011566	0
ENSMMUG00000059334	0
ENSMMUG00000021011	0
ENSMMUG00000051671	0
ENSMMUG00000019504	1
ENSMMUG00000062992	0
ENSMMUG00000056509	0
ENSMMUG00000062266	0
ENSMMUG00000039906	0
ENSMMUG00000007464	7
ENSMMUG00000062559	0
ENSMMUG00000005786	0
ENSMMUG00000041714	6
ENSMMUG00000014294	0
ENSMMUG00000003123	68
ENSMMUG00000003157	1
ENSMMUG00000060759	0
ENSMMUG00000056130	0
ENSMMUG00000057959	0
ENSMMUG00000058385	0
ENSMMUG00000058816	0
ENSMMUG00000011225	0
ENSMMUG00000062391	0
ENSMMUG00000060586	0
ENSMMUG00000065053	0
ENSMMUG00000024408	0
ENSMMUG00000053836	0
ENSMMUG00000059574	0
ENSMMUG00000060202	0
ENSMMUG00000055037	0
ENSMMUG00000050482	0
ENSMMUG00000060797	304
ENSMMUG00000059713	0
ENSMMUG00000009575	10
ENSMMUG00000052151	0
ENSMMUG00000009566	0
ENSMMUG00000054763	0
ENSMMUG00000000830	0
ENSMMUG00000052614	0
ENSMMUG00000008297	23
ENSMMUG00000020899	0
ENSMMUG00000009441	24
ENSMMUG00000024319	0
ENSMMUG00000033003	0
ENSMMUG00000062005	0
ENSMMUG00000055630	0
ENSMMUG00000064637	0
ENSMMUG00000003370	15
ENSMMUG00000064970	10
ENSMMUG00000049868	0
ENSMMUG00000020747	83
ENSMMUG00000006984	3
ENSMMUG00000017507	9
ENSMMUG00000005448	28
ENSMMUG00000063130	0
ENSMMUG00000009442	0
ENSMMUG00000064540	0
ENSMMUG00000055546	0
ENSMMUG00000054446	0
ENSMMUG00000033134	0
ENSMMUG00000061753	0
ENSMMUG00000063162	0
ENSMMUG00000015971	0
ENSMMUG00000009513	3
ENSMMUG00000003120	41
ENSMMUG00000000411	8
ENSMMUG00000052216	0
ENSMMUG00000060176	0
ENSMMUG00000056285	0
ENSMMUG00000052375	0
ENSMMUG00000053563	0
ENSMMUG00000000413	6
ENSMMUG00000058198	3
ENSMMUG00000036123	0
ENSMMUG00000036235	0
ENSMMUG00000020749	0
ENSMMUG00000032822	0
ENSMMUG00000054285	0
ENSMMUG00000040323	0
ENSMMUG00000011997	0
ENSMMUG00000019470	15
ENSMMUG00000051520	0
ENSMMUG00000049824	0
ENSMMUG00000050843	0
ENSMMUG00000012069	13
ENSMMUG00000049660	0
ENSMMUG00000063021	0
ENSMMUG00000027358	0
ENSMMUG00000050445	0
ENSMMUG00000013663	3
ENSMMUG00000057914	0
ENSMMUG00000009515	0
ENSMMUG00000058418	0
ENSMMUG00000018109	14
ENSMMUG00000008746	0
ENSMMUG00000038117	6
ENSMMUG00000002038	0
ENSMMUG00000006457	12
ENSMMUG00000058637	0
ENSMMUG00000058630	22
ENSMMUG00000013665	137
ENSMMUG00000059235	0
ENSMMUG00000053398	0
ENSMMUG00000012070	2
ENSMMUG00000015890	0
ENSMMUG00000004603	10
ENSMMUG00000050617	6
ENSMMUG00000003642	0
ENSMMUG00000009516	74
ENSMMUG00000008747	0
ENSMMUG00000003498	22
ENSMMUG00000009517	54
ENSMMUG00000003638	8
ENSMMUG00000063293	0
ENSMMUG00000008748	0
ENSMMUG00000019138	25
ENSMMUG00000026615	0
ENSMMUG00000032758	0
ENSMMUG00000016100	34
ENSMMUG00000019294	0
ENSMMUG00000009409	1
ENSMMUG00000062216	0
ENSMMUG00000006461	20
ENSMMUG00000007468	0
ENSMMUG00000028121	0
ENSMMUG00000002568	6
ENSMMUG00000008752	1
ENSMMUG00000036436	0
ENSMMUG00000061679	0
ENSMMUG00000052973	7
ENSMMUG00000000617	1
ENSMMUG00000004413	0
ENSMMUG00000053237	0
ENSMMUG00000008792	11
ENSMMUG00000029446	0
ENSMMUG00000042764	0
ENSMMUG00000016098	0
ENSMMUG00000021143	0
ENSMMUG00000002615	0
ENSMMUG00000034992	0
ENSMMUG00000006463	5
ENSMMUG00000014381	0
ENSMMUG00000006465	0
ENSMMUG00000002569	104
ENSMMUG00000002616	1
ENSMMUG00000022200	31
ENSMMUG00000015482	14
ENSMMUG00000036543	0
ENSMMUG00000014809	42
ENSMMUG00000018381	2
ENSMMUG00000015442	0
ENSMMUG00000011555	7
ENSMMUG00000057548	0
ENSMMUG00000016773	0
ENSMMUG00000008757	13
ENSMMUG00000049756	0
ENSMMUG00000050036	0
ENSMMUG00000035061	0
ENSMMUG00000062612	0
ENSMMUG00000052946	0
ENSMMUG00000053697	0
ENSMMUG00000011328	100
ENSMMUG00000008169	0
ENSMMUG00000063770	0
ENSMMUG00000033147	0
ENSMMUG00000058663	0
ENSMMUG00000050785	0
ENSMMUG00000055618	0
ENSMMUG00000045257	1
ENSMMUG00000001284	0
ENSMMUG00000059184	0
ENSMMUG00000057756	0
ENSMMUG00000059893	0
ENSMMUG00000050461	0
ENSMMUG00000051403	0
ENSMMUG00000056065	0
ENSMMUG00000021552	0
ENSMMUG00000057999	0
ENSMMUG00000008170	0
ENSMMUG00000004271	5
ENSMMUG00000064810	0
ENSMMUG00000018553	5
ENSMMUG00000050196	0
ENSMMUG00000005856	9
ENSMMUG00000055229	0
ENSMMUG00000063682	0
ENSMMUG00000008175	15
ENSMMUG00000053586	0
ENSMMUG00000005858	4
ENSMMUG00000015000	22
ENSMMUG00000062488	0
ENSMMUG00000055873	0
ENSMMUG00000060175	14
ENSMMUG00000044497	0
ENSMMUG00000063453	0
ENSMMUG00000061904	0
ENSMMUG00000061387	0
ENSMMUG00000028568	0
ENSMMUG00000060733	0
ENSMMUG00000055049	0
ENSMMUG00000062624	0
ENSMMUG00000050724	0
ENSMMUG00000011560	2
ENSMMUG00000011510	0
ENSMMUG00000060715	0
ENSMMUG00000052126	0
ENSMMUG00000049265	0
ENSMMUG00000059040	0
ENSMMUG00000005749	0
ENSMMUG00000062254	0
ENSMMUG00000056061	0
ENSMMUG00000028237	0
ENSMMUG00000021444	0
ENSMMUG00000024944	0
ENSMMUG00000018551	6
ENSMMUG00000013803	6
ENSMMUG00000038390	0
ENSMMUG00000028536	0
ENSMMUG00000048730	0
ENSMMUG00000022733	0
ENSMMUG00000062076	0
ENSMMUG00000011564	0
ENSMMUG00000004449	0
ENSMMUG00000021783	0
ENSMMUG00000001035	16
ENSMMUG00000036435	0
ENSMMUG00000049502	6
ENSMMUG00000058433	0
ENSMMUG00000054182	0
ENSMMUG00000057906	0
ENSMMUG00000034274	0
ENSMMUG00000059627	0
ENSMMUG00000062356	0
ENSMMUG00000060334	0
ENSMMUG00000063495	0
ENSMMUG00000056030	0
ENSMMUG00000058008	7
ENSMMUG00000056086	0
ENSMMUG00000015749	30
ENSMMUG00000049712	0
ENSMMUG00000046799	0
ENSMMUG00000048332	0
ENSMMUG00000001835	0
ENSMMUG00000055433	0
ENSMMUG00000022550	0
ENSMMUG00000051245	0
ENSMMUG00000054608	0
ENSMMUG00000020550	0
ENSMMUG00000055840	0
ENSMMUG00000021788	22
ENSMMUG00000010168	3
ENSMMUG00000015002	32
ENSMMUG00000001836	6
ENSMMUG00000018639	0
ENSMMUG00000056995	0
ENSMMUG00000001837	0
ENSMMUG00000062036	0
ENSMMUG00000023353	7
ENSMMUG00000060166	0
ENSMMUG00000058136	0
ENSMMUG00000049957	0
ENSMMUG00000056767	4
ENSMMUG00000022904	12
ENSMMUG00000035755	0
ENSMMUG00000056525	0
ENSMMUG00000052005	0
ENSMMUG00000052233	1
ENSMMUG00000063204	0
ENSMMUG00000056847	0
ENSMMUG00000062796	0
ENSMMUG00000047674	0
ENSMMUG00000063585	0
ENSMMUG00000034752	0
ENSMMUG00000059451	0
ENSMMUG00000015447	17
ENSMMUG00000063511	0
ENSMMUG00000052937	0
ENSMMUG00000039574	0
ENSMMUG00000054093	0
ENSMMUG00000004606	0
ENSMMUG00000064476	0
ENSMMUG00000062130	0
ENSMMUG00000046041	0
ENSMMUG00000062346	0
ENSMMUG00000013089	1
ENSMMUG00000037415	0
ENSMMUG00000052267	0
ENSMMUG00000056956	0
ENSMMUG00000063028	0
ENSMMUG00000056422	0
ENSMMUG00000003839	3
ENSMMUG00000050404	0
ENSMMUG00000050120	0
ENSMMUG00000050159	0
ENSMMUG00000012144	0
ENSMMUG00000019838	14
ENSMMUG00000055583	0
ENSMMUG00000057021	17
ENSMMUG00000064617	0
ENSMMUG00000019691	5
ENSMMUG00000003231	0
ENSMMUG00000011779	4
ENSMMUG00000001092	0
ENSMMUG00000003239	0
ENSMMUG00000002668	2
ENSMMUG00000063524	30
ENSMMUG00000007561	4
ENSMMUG00000019692	0
ENSMMUG00000029628	0
ENSMMUG00000063275	0
ENSMMUG00000059756	0
ENSMMUG00000016097	6
ENSMMUG00000026785	0
ENSMMUG00000021825	21
ENSMMUG00000051303	0
ENSMMUG00000056445	0
ENSMMUG00000060131	0
ENSMMUG00000018831	0
ENSMMUG00000008475	4
ENSMMUG00000048130	0
ENSMMUG00000018834	0
ENSMMUG00000026510	0
ENSMMUG00000008477	0
ENSMMUG00000037143	0
ENSMMUG00000015450	22
ENSMMUG00000050292	0
ENSMMUG00000035508	0
ENSMMUG00000051049	0
ENSMMUG00000013585	0
ENSMMUG00000051838	0
ENSMMUG00000053758	0
ENSMMUG00000050691	0
ENSMMUG00000001095	1
ENSMMUG00000064725	0
ENSMMUG00000006008	15
ENSMMUG00000021826	7
ENSMMUG00000059869	0
ENSMMUG00000063802	0
ENSMMUG00000054792	0
ENSMMUG00000009577	0
ENSMMUG00000054717	0
ENSMMUG00000033166	0
ENSMMUG00000052916	0
ENSMMUG00000052639	0
ENSMMUG00000006007	41
ENSMMUG00000001568	5
ENSMMUG00000063927	0
ENSMMUG00000056737	0
ENSMMUG00000049563	0
ENSMMUG00000064025	4
ENSMMUG00000051274	0
ENSMMUG00000011069	59
ENSMMUG00000024074	0
ENSMMUG00000016772	0
ENSMMUG00000006009	0
ENSMMUG00000012933	21
ENSMMUG00000004612	1
ENSMMUG00000043753	0
ENSMMUG00000053446	0
ENSMMUG00000051056	0
ENSMMUG00000052707	0
ENSMMUG00000049571	0
ENSMMUG00000053417	0
ENSMMUG00000053583	0
ENSMMUG00000049322	0
ENSMMUG00000051926	0
ENSMMUG00000008095	2
ENSMMUG00000011071	18
ENSMMUG00000025340	0
ENSMMUG00000029358	0
ENSMMUG00000026582	0
ENSMMUG00000055558	0
ENSMMUG00000016896	0
ENSMMUG00000041843	0
ENSMMUG00000019898	35
ENSMMUG00000035476	0
ENSMMUG00000061677	0
ENSMMUG00000022059	0
ENSMMUG00000062052	0
ENSMMUG00000062302	0
ENSMMUG00000060178	0
ENSMMUG00000003842	24
ENSMMUG00000050171	0
ENSMMUG00000035506	0
ENSMMUG00000059952	0
ENSMMUG00000052147	0
ENSMMUG00000059294	0
ENSMMUG00000054644	0
ENSMMUG00000050681	0
ENSMMUG00000060340	0
ENSMMUG00000054250	0
ENSMMUG00000063211	0
ENSMMUG00000045945	0
ENSMMUG00000022481	0
ENSMMUG00000057324	0
ENSMMUG00000011514	5
ENSMMUG00000050472	0
ENSMMUG00000053249	0
ENSMMUG00000001097	34
ENSMMUG00000036546	0
ENSMMUG00000032720	0
ENSMMUG00000015703	0
ENSMMUG00000010432	315
ENSMMUG00000058720	0
ENSMMUG00000024826	0
ENSMMUG00000021832	0
ENSMMUG00000024873	0
ENSMMUG00000012726	1
ENSMMUG00000045950	0
ENSMMUG00000056541	1
ENSMMUG00000015267	18
ENSMMUG00000014992	0
ENSMMUG00000020067	2
ENSMMUG00000065161	0
ENSMMUG00000001099	0
ENSMMUG00000042543	0
ENSMMUG00000011515	56
ENSMMUG00000012979	71
ENSMMUG00000056484	0
ENSMMUG00000034842	0
ENSMMUG00000053230	0
ENSMMUG00000036483	0
ENSMMUG00000059014	1
ENSMMUG00000059864	0
ENSMMUG00000012970	0
ENSMMUG00000052995	0
ENSMMUG00000015004	17
ENSMMUG00000054094	0
ENSMMUG00000056320	0
ENSMMUG00000004459	0
ENSMMUG00000043994	0
ENSMMUG00000022056	4
ENSMMUG00000012972	1
ENSMMUG00000004460	3
ENSMMUG00000016346	2
ENSMMUG00000013551	1
ENSMMUG00000062638	31
ENSMMUG00000060242	1
ENSMMUG00000057663	0
ENSMMUG00000003844	6
ENSMMUG00000024956	0
ENSMMUG00000051900	0
ENSMMUG00000027245	0
ENSMMUG00000065338	0
ENSMMUG00000042452	2
ENSMMUG00000061485	0
ENSMMUG00000062927	2
ENSMMUG00000016390	0
ENSMMUG00000011151	0
ENSMMUG00000054990	5
ENSMMUG00000054522	0
ENSMMUG00000008717	5
ENSMMUG00000015128	7
ENSMMUG00000060616	0
ENSMMUG00000062703	0
ENSMMUG00000022990	12
ENSMMUG00000025839	0
ENSMMUG00000025913	0
ENSMMUG00000058616	0
ENSMMUG00000063195	0
ENSMMUG00000036494	0
ENSMMUG00000012974	50
ENSMMUG00000062173	0
ENSMMUG00000028140	0
ENSMMUG00000061958	0
ENSMMUG00000011486	1
ENSMMUG00000018426	0
ENSMMUG00000008715	0
ENSMMUG00000049763	0
ENSMMUG00000039935	0
ENSMMUG00000043903	0
ENSMMUG00000014997	0
ENSMMUG00000002531	0
ENSMMUG00000005227	21
ENSMMUG00000014658	16
ENSMMUG00000010442	13
ENSMMUG00000003846	21
ENSMMUG00000063552	0
ENSMMUG00000050573	0
ENSMMUG00000058735	0
ENSMMUG00000052300	0
ENSMMUG00000011965	0
ENSMMUG00000045634	0
ENSMMUG00000050710	0
ENSMMUG00000002403	0
ENSMMUG00000027614	0
ENSMMUG00000039792	0
ENSMMUG00000040601	0
ENSMMUG00000020348	0
ENSMMUG00000058363	0
ENSMMUG00000012305	29
ENSMMUG00000011251	72
ENSMMUG00000042934	0
ENSMMUG00000053640	0
ENSMMUG00000063110	0
ENSMMUG00000011676	0
ENSMMUG00000026136	0
ENSMMUG00000022080	0
ENSMMUG00000037964	0
ENSMMUG00000045735	0
ENSMMUG00000053861	0
ENSMMUG00000016898	14
ENSMMUG00000062990	0
ENSMMUG00000061747	0
ENSMMUG00000054764	0
ENSMMUG00000044665	0
ENSMMUG00000063869	0
ENSMMUG00000058850	0
ENSMMUG00000056104	0
ENSMMUG00000011966	2
ENSMMUG00000053912	17
ENSMMUG00000060232	0
ENSMMUG00000052318	0
ENSMMUG00000054409	0
ENSMMUG00000058585	0
ENSMMUG00000047178	0
ENSMMUG00000060390	0
ENSMMUG00000065017	0
ENSMMUG00000001820	1
ENSMMUG00000014839	0
ENSMMUG00000061081	0
ENSMMUG00000053456	0
ENSMMUG00000055110	0
ENSMMUG00000047342	0
ENSMMUG00000057062	0
ENSMMUG00000011677	1
ENSMMUG00000062974	0
ENSMMUG00000057273	0
ENSMMUG00000058696	0
ENSMMUG00000040154	0
ENSMMUG00000060287	27
ENSMMUG00000038070	0
ENSMMUG00000054116	0
ENSMMUG00000012309	1
ENSMMUG00000056910	0
ENSMMUG00000046335	0
ENSMMUG00000050375	0
ENSMMUG00000003848	0
ENSMMUG00000061119	0
ENSMMUG00000049773	0
ENSMMUG00000042599	0
ENSMMUG00000052490	0
ENSMMUG00000018800	2
ENSMMUG00000065309	0
ENSMMUG00000049909	0
ENSMMUG00000001379	0
ENSMMUG00000005220	244
ENSMMUG00000063278	0
ENSMMUG00000054677	0
ENSMMUG00000049628	0
ENSMMUG00000052695	0
ENSMMUG00000012000	107
ENSMMUG00000052212	0
ENSMMUG00000000040	0
ENSMMUG00000062456	0
ENSMMUG00000053382	0
ENSMMUG00000019710	4
ENSMMUG00000055473	0
ENSMMUG00000060689	0
ENSMMUG00000040287	0
ENSMMUG00000005224	24
ENSMMUG00000064338	0
ENSMMUG00000064654	0
ENSMMUG00000050468	0
ENSMMUG00000013554	22
ENSMMUG00000057549	0
ENSMMUG00000053688	0
ENSMMUG00000050637	0
ENSMMUG00000036459	0
ENSMMUG00000052673	0
ENSMMUG00000029338	4
ENSMMUG00000000321	18
ENSMMUG00000063215	0
ENSMMUG00000056906	0
ENSMMUG00000063271	0
ENSMMUG00000053090	0
ENSMMUG00000008529	1
ENSMMUG00000004854	0
ENSMMUG00000052365	0
ENSMMUG00000059413	0
ENSMMUG00000057166	1
ENSMMUG00000056431	0
ENSMMUG00000021320	8
ENSMMUG00000048706	0
ENSMMUG00000049364	41
ENSMMUG00000062945	0
ENSMMUG00000038506	0
ENSMMUG00000016055	0
ENSMMUG00000018813	3
ENSMMUG00000061079	0
ENSMMUG00000013555	0
ENSMMUG00000054885	0
ENSMMUG00000060561	0
ENSMMUG00000056506	0
ENSMMUG00000057791	0
ENSMMUG00000053427	0
ENSMMUG00000026773	0
ENSMMUG00000015449	2
ENSMMUG00000054661	0
ENSMMUG00000013556	14
ENSMMUG00000050678	0
ENSMMUG00000061094	0
ENSMMUG00000015443	0
ENSMMUG00000012576	3
ENSMMUG00000005226	0
ENSMMUG00000018192	17
ENSMMUG00000036148	0
ENSMMUG00000002540	13
ENSMMUG00000039560	10
ENSMMUG00000053686	0
ENSMMUG00000014511	14
ENSMMUG00000059672	0
ENSMMUG00000049749	24
ENSMMUG00000042135	0
ENSMMUG00000057681	0
ENSMMUG00000055371	0
ENSMMUG00000062683	0
ENSMMUG00000046604	0
ENSMMUG00000057248	0
ENSMMUG00000051596	0
ENSMMUG00000055186	0
ENSMMUG00000023626	6
ENSMMUG00000050503	0
ENSMMUG00000047011	3
ENSMMUG00000050176	0
ENSMMUG00000058073	5
ENSMMUG00000029256	0
ENSMMUG00000005586	3
ENSMMUG00000019713	0
ENSMMUG00000005402	25
ENSMMUG00000013079	7
ENSMMUG00000010464	26
ENSMMUG00000050061	0
ENSMMUG00000012978	43
ENSMMUG00000058801	0
ENSMMUG00000061279	0
ENSMMUG00000057479	0
ENSMMUG00000064859	0
ENSMMUG00000062724	0
ENSMMUG00000022122	3
ENSMMUG00000005403	3
ENSMMUG00000062767	0
ENSMMUG00000037088	0
ENSMMUG00000007369	0
ENSMMUG00000056675	0
ENSMMUG00000002828	0
ENSMMUG00000008964	14
ENSMMUG00000023627	11
ENSMMUG00000019653	138
ENSMMUG00000018122	3
ENSMMUG00000009279	95
ENSMMUG00000055613	0
ENSMMUG00000060978	0
ENSMMUG00000015073	0
ENSMMUG00000058852	30
ENSMMUG00000058077	0
ENSMMUG00000033552	0
ENSMMUG00000058450	1
ENSMMUG00000050250	0
ENSMMUG00000033798	0
ENSMMUG00000050911	0
ENSMMUG00000054114	2
ENSMMUG00000028197	0
ENSMMUG00000054889	18
ENSMMUG00000052106	0
ENSMMUG00000001640	62
ENSMMUG00000053950	0
ENSMMUG00000058809	0
ENSMMUG00000014743	0
ENSMMUG00000022124	13
ENSMMUG00000024627	21
ENSMMUG00000056179	0
ENSMMUG00000001642	52
ENSMMUG00000054929	0
ENSMMUG00000020687	0
ENSMMUG00000053134	0
ENSMMUG00000014744	5
ENSMMUG00000013842	0
ENSMMUG00000018124	0
ENSMMUG00000014745	1
ENSMMUG00000055408	0
ENSMMUG00000014747	68
ENSMMUG00000034204	0
ENSMMUG00000009934	0
ENSMMUG00000010016	2
ENSMMUG00000013611	0
ENSMMUG00000015038	0
ENSMMUG00000054267	1
ENSMMUG00000045944	0
ENSMMUG00000059004	0
ENSMMUG00000062699	0
ENSMMUG00000014748	12
ENSMMUG00000052374	0
ENSMMUG00000013612	1
ENSMMUG00000064537	0
ENSMMUG00000055979	0
ENSMMUG00000060802	0
ENSMMUG00000021160	6
ENSMMUG00000059365	0
ENSMMUG00000061352	0
ENSMMUG00000054184	0
ENSMMUG00000035748	0
ENSMMUG00000032823	0
ENSMMUG00000020693	0
ENSMMUG00000056471	0
ENSMMUG00000003530	0
ENSMMUG00000008006	2
ENSMMUG00000014515	20
ENSMMUG00000014945	16
ENSMMUG00000058061	0
ENSMMUG00000014750	0
ENSMMUG00000049653	0
ENSMMUG00000060704	0
ENSMMUG00000020694	2
ENSMMUG00000052240	0
ENSMMUG00000027217	0
ENSMMUG00000063996	0
ENSMMUG00000063551	0
ENSMMUG00000050297	0
ENSMMUG00000055040	0
ENSMMUG00000056144	0
ENSMMUG00000014751	0
ENSMMUG00000057108	0
ENSMMUG00000019875	1
ENSMMUG00000016498	0
ENSMMUG00000051446	0
ENSMMUG00000060988	0
ENSMMUG00000007264	15
ENSMMUG00000050096	0
ENSMMUG00000008007	6
ENSMMUG00000058080	0
ENSMMUG00000009281	16
ENSMMUG00000056713	0
ENSMMUG00000034089	0
ENSMMUG00000007135	4
ENSMMUG00000050050	0
ENSMMUG00000052439	0
ENSMMUG00000065319	0
ENSMMUG00000044016	0
ENSMMUG00000063789	0
ENSMMUG00000060351	0
ENSMMUG00000061233	0
ENSMMUG00000016503	26
ENSMMUG00000061497	0
ENSMMUG00000055719	0
ENSMMUG00000061220	0
ENSMMUG00000002260	30
ENSMMUG00000065073	0
ENSMMUG00000056591	0
ENSMMUG00000014762	574
ENSMMUG00000062317	0
ENSMMUG00000058999	0
ENSMMUG00000063648	0
ENSMMUG00000054045	0
ENSMMUG00000010798	33
ENSMMUG00000061982	0
ENSMMUG00000050244	0
ENSMMUG00000052828	0
ENSMMUG00000016504	4
ENSMMUG00000053757	0
ENSMMUG00000045646	0
ENSMMUG00000060544	0
ENSMMUG00000062479	0
ENSMMUG00000014950	0
ENSMMUG00000052927	0
ENSMMUG00000053267	0
ENSMMUG00000059761	0
ENSMMUG00000034825	0
ENSMMUG00000061879	0
ENSMMUG00000001532	10
ENSMMUG00000060063	0
ENSMMUG00000003693	7
ENSMMUG00000055475	0
ENSMMUG00000045756	0
ENSMMUG00000060774	0
ENSMMUG00000021002	1
ENSMMUG00000011745	0
ENSMMUG00000065063	0
ENSMMUG00000039596	0
ENSMMUG00000010797	17
ENSMMUG00000007140	0
ENSMMUG00000061330	0
ENSMMUG00000061793	0
ENSMMUG00000027152	0
ENSMMUG00000054024	0
ENSMMUG00000029638	0
ENSMMUG00000011503	36
ENSMMUG00000017261	2
ENSMMUG00000025980	0
ENSMMUG00000050798	1
ENSMMUG00000026267	0
ENSMMUG00000000863	0
ENSMMUG00000050063	0
ENSMMUG00000057084	0
ENSMMUG00000060927	0
ENSMMUG00000063955	0
ENSMMUG00000010493	0
ENSMMUG00000001534	44
ENSMMUG00000022577	0
ENSMMUG00000056019	0
ENSMMUG00000052445	0
ENSMMUG00000060661	0
ENSMMUG00000008447	1
ENSMMUG00000052322	6
ENSMMUG00000003783	19
ENSMMUG00000003653	1
ENSMMUG00000008495	3
ENSMMUG00000003483	6
ENSMMUG00000001810	0
ENSMMUG00000054910	0
ENSMMUG00000059849	0
ENSMMUG00000063886	0
ENSMMUG00000017260	0
ENSMMUG00000060143	0
ENSMMUG00000056012	34
ENSMMUG00000058895	0
ENSMMUG00000001547	64
ENSMMUG00000055731	196
ENSMMUG00000055120	0
ENSMMUG00000050003	0
ENSMMUG00000064142	0
ENSMMUG00000025888	0
ENSMMUG00000054546	6
ENSMMUG00000012838	0
ENSMMUG00000055985	0
ENSMMUG00000025585	0
ENSMMUG00000003484	3
ENSMMUG00000054316	0
ENSMMUG00000053979	0
ENSMMUG00000003695	0
ENSMMUG00000061263	0
ENSMMUG00000056559	0
ENSMMUG00000008112	7
ENSMMUG00000018319	4
ENSMMUG00000064550	0
ENSMMUG00000017303	0
ENSMMUG00000024224	0
ENSMMUG00000056246	0
ENSMMUG00000060573	0
ENSMMUG00000064341	0
ENSMMUG00000036757	0
ENSMMUG00000057869	0
ENSMMUG00000025065	0
ENSMMUG00000058457	0
ENSMMUG00000016840	22
ENSMMUG00000014043	20
ENSMMUG00000042895	0
ENSMMUG00000049198	19
ENSMMUG00000020751	8
ENSMMUG00000053369	0
ENSMMUG00000059479	0
ENSMMUG00000001386	0
ENSMMUG00000009430	0
ENSMMUG00000022428	28
ENSMMUG00000014752	0
ENSMMUG00000063141	1
ENSMMUG00000040255	0
ENSMMUG00000060148	17
ENSMMUG00000000699	0
ENSMMUG00000001544	0
ENSMMUG00000023518	0
ENSMMUG00000026974	0
ENSMMUG00000026901	0
ENSMMUG00000016844	118
ENSMMUG00000057818	0
ENSMMUG00000009428	9
ENSMMUG00000054454	0
ENSMMUG00000016889	57
ENSMMUG00000033517	0
ENSMMUG00000029420	0
ENSMMUG00000055215	0
ENSMMUG00000001548	8
ENSMMUG00000014766	3
ENSMMUG00000051308	0
ENSMMUG00000062281	0
ENSMMUG00000008203	1
ENSMMUG00000039908	0
ENSMMUG00000005845	2
ENSMMUG00000053685	0
ENSMMUG00000059346	0
ENSMMUG00000008205	14
ENSMMUG00000008093	5
ENSMMUG00000051181	0
ENSMMUG00000063349	0
ENSMMUG00000024353	0
ENSMMUG00000054884	0
ENSMMUG00000026093	0
ENSMMUG00000025365	0
ENSMMUG00000026037	0
ENSMMUG00000026792	0
ENSMMUG00000015394	0
ENSMMUG00000023846	0
ENSMMUG00000045970	25
ENSMMUG00000019552	15
ENSMMUG00000009426	33
ENSMMUG00000013960	0
ENSMMUG00000029588	0
ENSMMUG00000062931	0
ENSMMUG00000010586	0
ENSMMUG00000011752	0
ENSMMUG00000003584	0
ENSMMUG00000023139	27
ENSMMUG00000063891	0
ENSMMUG00000014983	0
ENSMMUG00000047635	0
ENSMMUG00000056845	0
ENSMMUG00000014771	16
ENSMMUG00000062649	0
ENSMMUG00000029233	5
ENSMMUG00000056481	0
ENSMMUG00000011945	0
ENSMMUG00000037380	0
ENSMMUG00000026490	0
ENSMMUG00000042209	0
ENSMMUG00000052097	0
ENSMMUG00000029507	10
ENSMMUG00000023556	3
ENSMMUG00000036105	0
ENSMMUG00000056650	0
ENSMMUG00000054689	0
ENSMMUG00000063214	0
ENSMMUG00000004144	17
ENSMMUG00000059057	0
ENSMMUG00000014667	0
ENSMMUG00000052408	0
ENSMMUG00000027909	0
ENSMMUG00000064444	0
ENSMMUG00000056092	0
ENSMMUG00000051804	0
ENSMMUG00000028594	0
ENSMMUG00000053548	0
ENSMMUG00000064308	3
ENSMMUG00000017447	7
ENSMMUG00000052033	0
ENSMMUG00000063944	0
ENSMMUG00000013658	23
ENSMMUG00000063834	4
ENSMMUG00000013966	37
ENSMMUG00000057531	14
ENSMMUG00000017878	54
ENSMMUG00000057518	0
ENSMMUG00000050429	0
ENSMMUG00000041222	0
ENSMMUG00000001587	424
ENSMMUG00000063705	0
ENSMMUG00000014670	4
ENSMMUG00000017801	18
ENSMMUG00000005758	10
ENSMMUG00000024054	0
ENSMMUG00000051041	0
ENSMMUG00000063378	0
ENSMMUG00000064387	0
ENSMMUG00000057848	0
ENSMMUG00000063054	0
ENSMMUG00000019484	0
ENSMMUG00000019018	0
ENSMMUG00000063308	0
ENSMMUG00000014831	17
ENSMMUG00000057696	0
ENSMMUG00000015123	11
ENSMMUG00000064183	0
ENSMMUG00000014833	54
ENSMMUG00000057504	0
ENSMMUG00000015838	0
ENSMMUG00000011751	0
ENSMMUG00000015839	0
ENSMMUG00000015455	20
ENSMMUG00000025357	0
ENSMMUG00000015841	0
ENSMMUG00000054110	0
ENSMMUG00000038389	0
ENSMMUG00000039505	8
ENSMMUG00000019485	0
ENSMMUG00000051607	0
ENSMMUG00000041108	0
ENSMMUG00000063799	0
ENSMMUG00000059775	0
ENSMMUG00000019340	0
ENSMMUG00000022516	42
ENSMMUG00000001008	46
ENSMMUG00000041446	6
ENSMMUG00000037617	0
ENSMMUG00000064415	0
ENSMMUG00000036590	0
ENSMMUG00000041221	0
ENSMMUG00000059424	0
ENSMMUG00000033571	0
ENSMMUG00000051156	0
ENSMMUG00000027015	0
ENSMMUG00000051503	0
ENSMMUG00000041622	0
ENSMMUG00000059062	0
ENSMMUG00000027767	0
ENSMMUG00000051534	39
ENSMMUG00000059797	0
ENSMMUG00000054594	0
ENSMMUG00000023816	15
ENSMMUG00000007669	17
ENSMMUG00000011051	1
ENSMMUG00000060745	0
ENSMMUG00000041415	0
ENSMMUG00000003544	3
ENSMMUG00000057056	0
ENSMMUG00000059196	0
ENSMMUG00000021849	0
ENSMMUG00000061928	0
ENSMMUG00000058678	0
ENSMMUG00000065299	0
ENSMMUG00000054923	0
ENSMMUG00000016350	0
ENSMMUG00000005161	26
ENSMMUG00000055006	0
ENSMMUG00000051116	0
ENSMMUG00000004376	21
ENSMMUG00000019339	0
ENSMMUG00000023507	0
ENSMMUG00000050597	0
ENSMMUG00000008380	50
ENSMMUG00000053180	0
ENSMMUG00000064448	0
ENSMMUG00000000554	2
ENSMMUG00000013460	0
ENSMMUG00000010036	8
ENSMMUG00000007465	1
ENSMMUG00000046479	0
ENSMMUG00000015458	0
ENSMMUG00000008718	12
ENSMMUG00000029504	0
ENSMMUG00000008530	0
ENSMMUG00000065174	0
ENSMMUG00000054144	4
ENSMMUG00000064666	0
ENSMMUG00000059755	1
ENSMMUG00000062579	0
ENSMMUG00000000556	0
ENSMMUG00000055567	0
ENSMMUG00000051111	0
ENSMMUG00000058972	0
ENSMMUG00000019483	0
ENSMMUG00000001362	13
ENSMMUG00000057144	21
ENSMMUG00000021338	17
ENSMMUG00000060504	0
ENSMMUG00000053195	0
ENSMMUG00000056844	0
ENSMMUG00000061759	0
ENSMMUG00000043001	14
ENSMMUG00000021656	0
ENSMMUG00000060528	0
ENSMMUG00000060326	0
ENSMMUG00000001901	0
ENSMMUG00000057484	0
ENSMMUG00000056374	0
ENSMMUG00000051315	0
ENSMMUG00000062337	0
ENSMMUG00000054315	0
ENSMMUG00000050794	0
ENSMMUG00000006498	0
ENSMMUG00000050108	0
ENSMMUG00000055117	0
ENSMMUG00000055823	0
ENSMMUG00000043754	0
ENSMMUG00000063268	0
ENSMMUG00000007350	0
ENSMMUG00000058132	0
ENSMMUG00000053444	0
ENSMMUG00000062604	0
ENSMMUG00000051007	0
ENSMMUG00000060549	0
ENSMMUG00000011882	62
ENSMMUG00000007357	0
ENSMMUG00000014414	14
ENSMMUG00000055954	0
ENSMMUG00000036585	0
ENSMMUG00000055445	0
ENSMMUG00000055434	0
ENSMMUG00000055095	0
ENSMMUG00000049944	0
ENSMMUG00000054589	0
ENSMMUG00000000628	25
ENSMMUG00000062717	0
ENSMMUG00000018274	8
ENSMMUG00000062137	0
ENSMMUG00000061013	0
ENSMMUG00000014482	10
ENSMMUG00000060061	0
ENSMMUG00000061323	0
ENSMMUG00000059125	0
ENSMMUG00000064820	0
ENSMMUG00000012553	0
ENSMMUG00000012114	9
ENSMMUG00000054917	0
ENSMMUG00000036488	0
ENSMMUG00000007360	0
ENSMMUG00000014418	0
ENSMMUG00000059183	0
ENSMMUG00000056581	0
ENSMMUG00000064583	0
ENSMMUG00000014420	0
ENSMMUG00000010392	4
ENSMMUG00000063925	0
ENSMMUG00000018200	2
ENSMMUG00000007361	21
ENSMMUG00000011155	17
ENSMMUG00000064380	0
ENSMMUG00000021590	10
ENSMMUG00000051350	0
ENSMMUG00000008395	0
ENSMMUG00000012116	0
ENSMMUG00000060980	0
ENSMMUG00000018201	15
ENSMMUG00000011160	49
ENSMMUG00000061219	0
ENSMMUG00000000024	0
ENSMMUG00000014391	66
ENSMMUG00000000023	0
ENSMMUG00000058980	0
ENSMMUG00000065036	0
ENSMMUG00000012276	0
ENSMMUG00000062896	0
ENSMMUG00000006997	0
ENSMMUG00000052568	4
ENSMMUG00000004091	13
ENSMMUG00000063209	0
ENSMMUG00000051214	0
ENSMMUG00000024733	0
ENSMMUG00000033113	0
ENSMMUG00000056156	0
ENSMMUG00000032788	0
ENSMMUG00000065122	0
ENSMMUG00000056869	0
ENSMMUG00000032805	0
ENSMMUG00000064585	0
ENSMMUG00000062671	0
ENSMMUG00000008886	17
ENSMMUG00000050848	0
ENSMMUG00000062516	0
ENSMMUG00000051356	0
ENSMMUG00000032765	0
ENSMMUG00000058272	0
ENSMMUG00000051542	0
ENSMMUG00000062984	0
ENSMMUG00000058526	0
ENSMMUG00000022678	0
ENSMMUG00000056819	0
ENSMMUG00000057047	0
ENSMMUG00000013725	8
ENSMMUG00000065200	0
ENSMMUG00000060717	0
ENSMMUG00000012283	0
ENSMMUG00000058756	0
ENSMMUG00000057046	0
ENSMMUG00000053833	0
ENSMMUG00000056923	0
ENSMMUG00000050264	0
ENSMMUG00000055429	0
ENSMMUG00000051747	5
ENSMMUG00000048661	0
ENSMMUG00000014485	0
ENSMMUG00000029186	0
ENSMMUG00000051602	0
ENSMMUG00000043275	0
ENSMMUG00000012117	27
ENSMMUG00000051292	0
ENSMMUG00000059868	0
ENSMMUG00000054022	0
ENSMMUG00000006998	9
ENSMMUG00000055943	3
ENSMMUG00000060807	0
ENSMMUG00000052784	0
ENSMMUG00000054215	0
ENSMMUG00000050495	0
ENSMMUG00000055962	0
ENSMMUG00000011699	7
ENSMMUG00000003658	7
ENSMMUG00000021634	26
ENSMMUG00000027476	0
ENSMMUG00000019526	11
ENSMMUG00000029350	4
ENSMMUG00000059252	0
ENSMMUG00000059565	0
ENSMMUG00000053911	0
ENSMMUG00000055926	0
ENSMMUG00000051640	0
ENSMMUG00000063352	0
ENSMMUG00000006507	4
ENSMMUG00000001254	10
ENSMMUG00000061910	0
ENSMMUG00000061195	0
ENSMMUG00000055607	0
ENSMMUG00000063567	0
ENSMMUG00000005630	13
ENSMMUG00000024201	0
ENSMMUG00000022253	26
ENSMMUG00000056402	14
ENSMMUG00000011703	1
ENSMMUG00000026331	0
ENSMMUG00000064195	0
ENSMMUG00000049914	0
ENSMMUG00000058444	0
ENSMMUG00000048464	0
ENSMMUG00000026811	0
ENSMMUG00000004657	32
ENSMMUG00000049707	0
ENSMMUG00000061422	0
ENSMMUG00000064536	0
ENSMMUG00000052597	0
ENSMMUG00000055777	0
ENSMMUG00000054882	0
ENSMMUG00000061082	0
ENSMMUG00000061377	0
ENSMMUG00000003641	10
ENSMMUG00000055031	0
ENSMMUG00000012462	58
ENSMMUG00000056036	0
ENSMMUG00000049579	0
ENSMMUG00000061294	0
ENSMMUG00000055838	0
ENSMMUG00000008311	62
ENSMMUG00000004659	10
ENSMMUG00000052813	0
ENSMMUG00000022255	0
ENSMMUG00000060471	0
ENSMMUG00000027740	0
ENSMMUG00000004026	10
ENSMMUG00000056204	8
ENSMMUG00000049010	12
ENSMMUG00000058744	0
ENSMMUG00000022256	0
ENSMMUG00000051281	0
ENSMMUG00000050391	0
ENSMMUG00000006232	0
ENSMMUG00000050946	0
ENSMMUG00000003395	0
ENSMMUG00000049271	0
ENSMMUG00000052028	0
ENSMMUG00000060667	0
ENSMMUG00000065151	3
ENSMMUG00000055623	0
ENSMMUG00000060640	0
ENSMMUG00000034149	0
ENSMMUG00000065279	0
ENSMMUG00000017746	33
ENSMMUG00000003397	0
ENSMMUG00000054905	0
ENSMMUG00000003261	0
ENSMMUG00000022251	0
ENSMMUG00000005103	46
ENSMMUG00000049938	0
ENSMMUG00000006356	5
ENSMMUG00000065030	0
ENSMMUG00000051701	5
ENSMMUG00000055951	0
ENSMMUG00000056521	0
ENSMMUG00000055498	0
ENSMMUG00000049910	8
ENSMMUG00000011571	15
ENSMMUG00000055730	0
ENSMMUG00000017067	4
ENSMMUG00000064272	0
ENSMMUG00000012471	32
ENSMMUG00000022717	20
ENSMMUG00000058778	0
ENSMMUG00000062217	0
ENSMMUG00000065164	0
ENSMMUG00000064021	0
ENSMMUG00000051538	0
ENSMMUG00000059212	0
ENSMMUG00000063939	0
ENSMMUG00000005106	23
ENSMMUG00000006230	0
ENSMMUG00000051448	0
ENSMMUG00000050738	0
ENSMMUG00000049145	2
ENSMMUG00000053566	0
ENSMMUG00000010689	22
ENSMMUG00000054117	0
ENSMMUG00000017070	17
ENSMMUG00000062776	0
ENSMMUG00000051935	0
ENSMMUG00000017076	30
ENSMMUG00000052746	0
ENSMMUG00000018610	32
ENSMMUG00000054456	0
ENSMMUG00000059230	0
ENSMMUG00000061640	0
ENSMMUG00000048742	0
ENSMMUG00000050103	0
ENSMMUG00000007673	0
ENSMMUG00000017078	17
ENSMMUG00000060718	0
ENSMMUG00000035471	0
ENSMMUG00000017005	0
ENSMMUG00000062234	0
ENSMMUG00000056111	0
ENSMMUG00000006803	84
ENSMMUG00000059594	0
ENSMMUG00000053286	0
ENSMMUG00000063948	0
ENSMMUG00000053082	0
ENSMMUG00000065104	2
ENSMMUG00000049269	0
ENSMMUG00000005108	3
ENSMMUG00000050248	0
ENSMMUG00000061091	0
ENSMMUG00000060371	0
ENSMMUG00000063036	0
ENSMMUG00000007534	21
ENSMMUG00000003443	0
ENSMMUG00000049421	0
ENSMMUG00000063000	0
ENSMMUG00000004748	0
ENSMMUG00000021364	0
ENSMMUG00000010704	2
ENSMMUG00000049409	0
ENSMMUG00000044055	0
ENSMMUG00000004784	4
ENSMMUG00000014886	0
ENSMMUG00000057783	0
ENSMMUG00000033527	0
ENSMMUG00000054320	0
ENSMMUG00000029785	8
ENSMMUG00000053447	0
ENSMMUG00000058545	0
ENSMMUG00000056063	0
ENSMMUG00000064175	0
ENSMMUG00000014197	0
ENSMMUG00000050809	0
ENSMMUG00000053575	0
ENSMMUG00000007255	24
ENSMMUG00000056182	0
ENSMMUG00000063704	0
ENSMMUG00000016103	0
ENSMMUG00000018332	4
ENSMMUG00000014887	0
ENSMMUG00000019170	189
ENSMMUG00000016106	3
ENSMMUG00000058301	0
ENSMMUG00000016104	17
ENSMMUG00000050476	0
ENSMMUG00000018333	0
ENSMMUG00000060383	0
ENSMMUG00000062505	0
ENSMMUG00000007860	4
ENSMMUG00000033028	0
ENSMMUG00000064516	0
ENSMMUG00000061431	1
ENSMMUG00000064425	0
ENSMMUG00000052710	0
ENSMMUG00000047325	0
ENSMMUG00000063851	0
ENSMMUG00000051277	0
ENSMMUG00000053989	0
ENSMMUG00000060135	0
ENSMMUG00000029181	43
ENSMMUG00000046580	0
ENSMMUG00000058835	0
ENSMMUG00000040503	0
ENSMMUG00000040970	0
ENSMMUG00000050223	0
ENSMMUG00000065265	0
ENSMMUG00000061880	0
ENSMMUG00000058197	0
ENSMMUG00000047909	0
ENSMMUG00000058762	0
ENSMMUG00000000429	1
ENSMMUG00000061257	0
ENSMMUG00000047556	0
ENSMMUG00000051760	0
ENSMMUG00000041220	0
ENSMMUG00000043972	0
ENSMMUG00000055249	0
ENSMMUG00000018121	12
ENSMMUG00000051378	0
ENSMMUG00000055390	0
ENSMMUG00000057671	0
ENSMMUG00000012323	2
ENSMMUG00000059123	0
ENSMMUG00000054232	0
ENSMMUG00000011876	0
ENSMMUG00000056188	0
ENSMMUG00000063179	0
ENSMMUG00000058347	0
ENSMMUG00000055491	0
ENSMMUG00000064705	0
ENSMMUG00000065067	0
ENSMMUG00000006035	55
ENSMMUG00000018123	4
ENSMMUG00000012325	0
ENSMMUG00000009160	9
ENSMMUG00000006038	0
ENSMMUG00000019172	202
ENSMMUG00000052273	2
ENSMMUG00000006039	0
ENSMMUG00000023873	0
ENSMMUG00000049994	0
ENSMMUG00000056011	0
ENSMMUG00000004594	0
ENSMMUG00000038966	150
ENSMMUG00000004239	101
ENSMMUG00000010315	29
ENSMMUG00000014888	34
ENSMMUG00000056560	0
ENSMMUG00000026447	0
ENSMMUG00000052263	0
ENSMMUG00000058002	0
ENSMMUG00000037981	0
ENSMMUG00000060338	0
ENSMMUG00000032860	0
ENSMMUG00000062900	0
ENSMMUG00000004915	0
ENSMMUG00000065234	0
ENSMMUG00000060355	0
ENSMMUG00000003890	26
ENSMMUG00000007870	0
ENSMMUG00000014023	3
ENSMMUG00000006243	0
ENSMMUG00000053658	0
ENSMMUG00000052465	0
ENSMMUG00000004340	21
ENSMMUG00000052781	0
ENSMMUG00000004084	8
ENSMMUG00000021840	11
ENSMMUG00000037172	0
ENSMMUG00000001698	0
ENSMMUG00000055793	0
ENSMMUG00000000302	0
ENSMMUG00000047084	0
ENSMMUG00000014295	0
ENSMMUG00000033316	0
ENSMMUG00000042189	0
ENSMMUG00000052594	0
ENSMMUG00000050959	0
ENSMMUG00000043910	0
ENSMMUG00000062259	0
ENSMMUG00000011326	28
ENSMMUG00000029700	1
ENSMMUG00000001199	14
ENSMMUG00000062469	0
ENSMMUG00000020882	0
ENSMMUG00000062532	0
ENSMMUG00000001682	25
ENSMMUG00000003892	4
ENSMMUG00000016351	6
ENSMMUG00000034159	0
ENSMMUG00000065092	0
ENSMMUG00000058560	0
ENSMMUG00000057376	0
ENSMMUG00000055869	0
ENSMMUG00000056237	0
ENSMMUG00000026212	0
ENSMMUG00000042330	0
ENSMMUG00000065318	0
ENSMMUG00000049923	0
ENSMMUG00000062603	0
ENSMMUG00000057408	1
ENSMMUG00000059131	0
ENSMMUG00000056134	0
ENSMMUG00000005270	0
ENSMMUG00000001683	0
ENSMMUG00000056239	0
ENSMMUG00000008399	0
ENSMMUG00000050124	3
ENSMMUG00000007570	5
ENSMMUG00000022768	9
ENSMMUG00000027466	0
ENSMMUG00000049818	0
ENSMMUG00000063538	0
ENSMMUG00000003013	0
ENSMMUG00000060145	0
ENSMMUG00000054388	0
ENSMMUG00000011045	4
ENSMMUG00000003625	0
ENSMMUG00000050025	0
ENSMMUG00000022770	0
ENSMMUG00000001201	16
ENSMMUG00000058216	1
ENSMMUG00000027130	0
ENSMMUG00000051239	0
ENSMMUG00000009477	0
ENSMMUG00000021987	9
ENSMMUG00000033862	411
ENSMMUG00000046816	0
ENSMMUG00000022773	18
ENSMMUG00000004339	9
ENSMMUG00000061052	0
ENSMMUG00000009829	0
ENSMMUG00000045760	0
ENSMMUG00000050218	0
ENSMMUG00000005140	42
ENSMMUG00000054739	0
ENSMMUG00000064493	0
ENSMMUG00000060860	1
ENSMMUG00000059254	0
ENSMMUG00000057726	0
ENSMMUG00000048372	0
ENSMMUG00000000098	0
ENSMMUG00000004370	58
ENSMMUG00000063184	0
ENSMMUG00000022774	1
ENSMMUG00000056507	5
ENSMMUG00000004341	49
ENSMMUG00000017677	6
ENSMMUG00000041456	0
ENSMMUG00000000100	0
ENSMMUG00000059556	0
ENSMMUG00000059914	16
ENSMMUG00000017678	2
ENSMMUG00000002332	0
ENSMMUG00000053282	0
ENSMMUG00000025056	0
ENSMMUG00000005278	7
ENSMMUG00000063232	0
ENSMMUG00000059463	0
ENSMMUG00000022777	0
ENSMMUG00000011047	5
ENSMMUG00000061309	0
ENSMMUG00000014227	0
ENSMMUG00000010860	0
ENSMMUG00000057186	0
ENSMMUG00000000010	7
ENSMMUG00000064287	0
ENSMMUG00000053774	0
ENSMMUG00000045684	0
ENSMMUG00000013848	0
ENSMMUG00000000013	0
ENSMMUG00000010173	3
ENSMMUG00000055921	0
ENSMMUG00000010862	0
ENSMMUG00000058411	0
ENSMMUG00000004429	14
ENSMMUG00000015086	1
ENSMMUG00000035750	0
ENSMMUG00000037015	0
ENSMMUG00000053439	0
ENSMMUG00000016512	3
ENSMMUG00000011706	15
ENSMMUG00000020195	12
ENSMMUG00000012335	44
ENSMMUG00000015085	2
ENSMMUG00000057423	0
ENSMMUG00000051794	0
ENSMMUG00000016513	0
ENSMMUG00000064453	0
ENSMMUG00000022839	0
ENSMMUG00000039176	0
ENSMMUG00000006118	0
ENSMMUG00000020196	11
ENSMMUG00000020935	18
ENSMMUG00000013907	2
ENSMMUG00000033490	0
ENSMMUG00000027426	0
ENSMMUG00000051346	0
ENSMMUG00000064786	0
ENSMMUG00000040912	0
ENSMMUG00000015434	14
ENSMMUG00000052683	0
ENSMMUG00000049826	0
ENSMMUG00000019276	0
ENSMMUG00000024566	0
ENSMMUG00000001319	25
ENSMMUG00000059475	0
ENSMMUG00000006768	11
ENSMMUG00000056580	0
ENSMMUG00000009520	17
ENSMMUG00000000313	0
ENSMMUG00000019278	13
ENSMMUG00000009833	0
ENSMMUG00000000315	7
ENSMMUG00000053481	0
ENSMMUG00000049894	0
ENSMMUG00000027106	0
ENSMMUG00000062581	21
ENSMMUG00000006855	8
ENSMMUG00000053673	14
ENSMMUG00000055654	0
ENSMMUG00000051552	0
ENSMMUG00000009837	15
ENSMMUG00000061892	0
ENSMMUG00000049437	0
ENSMMUG00000029197	26
ENSMMUG00000016515	12
ENSMMUG00000051100	0
ENSMMUG00000059989	0
ENSMMUG00000053506	0
ENSMMUG00000004910	0
ENSMMUG00000009738	12
ENSMMUG00000040697	0
ENSMMUG00000053029	0
ENSMMUG00000063938	0
ENSMMUG00000053931	0
ENSMMUG00000013865	88
ENSMMUG00000034824	0
ENSMMUG00000035383	0
ENSMMUG00000053288	0
ENSMMUG00000004911	20
ENSMMUG00000025849	0
ENSMMUG00000043893	0
ENSMMUG00000064355	0
ENSMMUG00000037454	0
ENSMMUG00000004913	37
ENSMMUG00000009838	15
ENSMMUG00000058343	0
ENSMMUG00000059881	26
ENSMMUG00000015110	0
ENSMMUG00000013871	0
ENSMMUG00000013874	0
ENSMMUG00000042066	0
ENSMMUG00000004747	0
ENSMMUG00000052715	0
ENSMMUG00000009839	19
ENSMMUG00000062305	0
ENSMMUG00000053620	0
ENSMMUG00000057897	0
ENSMMUG00000036848	0
ENSMMUG00000020038	0
ENSMMUG00000016009	21
ENSMMUG00000056801	0
ENSMMUG00000058168	0
ENSMMUG00000042023	0
ENSMMUG00000049831	0
ENSMMUG00000042090	0
ENSMMUG00000029367	2
ENSMMUG00000009840	7
ENSMMUG00000060068	0
ENSMMUG00000058492	0
ENSMMUG00000053846	0
ENSMMUG00000023886	0
ENSMMUG00000060067	5991
ENSMMUG00000009842	8
ENSMMUG00000037655	0
ENSMMUG00000053966	0
ENSMMUG00000018146	2
ENSMMUG00000037526	0
ENSMMUG00000013496	1
ENSMMUG00000050321	0
ENSMMUG00000008286	2
ENSMMUG00000008285	22
ENSMMUG00000008284	13
ENSMMUG00000056522	0
ENSMMUG00000050608	0
ENSMMUG00000003913	0
ENSMMUG00000056927	26
ENSMMUG00000003684	4
ENSMMUG00000057639	0
ENSMMUG00000058478	0
ENSMMUG00000029318	0
ENSMMUG00000061355	0
ENSMMUG00000021417	5
ENSMMUG00000032674	0
ENSMMUG00000027010	0
ENSMMUG00000028591	0
ENSMMUG00000005473	2
ENSMMUG00000032639	0
ENSMMUG00000042430	0
ENSMMUG00000032662	0
ENSMMUG00000057868	0
ENSMMUG00000032647	0
ENSMMUG00000003914	0
ENSMMUG00000032873	0
ENSMMUG00000026881	0
ENSMMUG00000056002	0
ENSMMUG00000021418	21
ENSMMUG00000036267	0
ENSMMUG00000026868	0
ENSMMUG00000058298	0
ENSMMUG00000062562	0
ENSMMUG00000060884	0
ENSMMUG00000025487	0
ENSMMUG00000026414	0
ENSMMUG00000053357	0
ENSMMUG00000026647	0
ENSMMUG00000011144	0
ENSMMUG00000053250	0
ENSMMUG00000059765	0
ENSMMUG00000021419	4
ENSMMUG00000065191	0
ENSMMUG00000029366	26
ENSMMUG00000025998	0
ENSMMUG00000008213	0
ENSMMUG00000025693	0
ENSMMUG00000052855	0
ENSMMUG00000057218	0
ENSMMUG00000057283	0
ENSMMUG00000008214	20
ENSMMUG00000021420	28
ENSMMUG00000026750	0
ENSMMUG00000002876	0
ENSMMUG00000049200	0
ENSMMUG00000010171	8
ENSMMUG00000053172	0
ENSMMUG00000052323	0
ENSMMUG00000057386	0
ENSMMUG00000052298	0
ENSMMUG00000026735	0
ENSMMUG00000048801	3
ENSMMUG00000026426	11
ENSMMUG00000058598	0
ENSMMUG00000046412	4
ENSMMUG00000029273	15
ENSMMUG00000064382	0
ENSMMUG00000054624	0
ENSMMUG00000002877	0
ENSMMUG00000020938	0
ENSMMUG00000021327	14
ENSMMUG00000047147	0
ENSMMUG00000002879	14
ENSMMUG00000020939	0
ENSMMUG00000021326	4
ENSMMUG00000057460	0
ENSMMUG00000016061	34
ENSMMUG00000014208	0
ENSMMUG00000049787	0
ENSMMUG00000053234	0
ENSMMUG00000060465	0
ENSMMUG00000058729	0
ENSMMUG00000035966	0
ENSMMUG00000055903	12
ENSMMUG00000059393	14526
ENSMMUG00000064964	0
ENSMMUG00000060278	0
ENSMMUG00000060786	0
ENSMMUG00000041889	10
ENSMMUG00000007028	0
ENSMMUG00000010172	19
ENSMMUG00000007027	0
ENSMMUG00000014372	0
ENSMMUG00000014884	1
ENSMMUG00000036164	0
ENSMMUG00000011148	14
ENSMMUG00000051208	0
ENSMMUG00000062975	0
ENSMMUG00000049543	0
ENSMMUG00000055012	0
ENSMMUG00000059134	0
ENSMMUG00000050609	0
ENSMMUG00000060227	0
ENSMMUG00000052923	0
ENSMMUG00000049308	0
ENSMMUG00000002337	12
ENSMMUG00000016686	0
ENSMMUG00000012683	86
ENSMMUG00000012684	0
ENSMMUG00000042378	5
ENSMMUG00000020534	0
ENSMMUG00000052506	7
ENSMMUG00000044407	0
ENSMMUG00000040683	0
ENSMMUG00000064456	13
ENSMMUG00000064976	0
ENSMMUG00000060699	0
ENSMMUG00000029272	0
ENSMMUG00000007430	1
ENSMMUG00000020535	0
ENSMMUG00000004041	4
ENSMMUG00000047553	0
ENSMMUG00000054248	1
ENSMMUG00000053647	0
ENSMMUG00000054259	0
ENSMMUG00000000490	8
ENSMMUG00000060691	0
ENSMMUG00000015865	147
ENSMMUG00000001782	0
ENSMMUG00000018756	0
ENSMMUG00000058749	0
ENSMMUG00000023454	156
ENSMMUG00000015866	17
ENSMMUG00000061583	0
ENSMMUG00000058563	0
ENSMMUG00000009907	15
ENSMMUG00000015868	0
ENSMMUG00000042955	3
ENSMMUG00000059496	0
ENSMMUG00000051262	0
ENSMMUG00000058021	1
ENSMMUG00000046486	0
ENSMMUG00000055947	2
ENSMMUG00000063494	0
ENSMMUG00000011838	26
ENSMMUG00000064307	0
ENSMMUG00000010687	0
ENSMMUG00000061601	0
ENSMMUG00000008574	0
ENSMMUG00000045488	0
ENSMMUG00000004160	5
ENSMMUG00000015869	0
ENSMMUG00000012383	0
ENSMMUG00000038996	0
ENSMMUG00000011839	7
ENSMMUG00000058296	0
ENSMMUG00000008575	21
ENSMMUG00000015871	34
ENSMMUG00000006563	8
ENSMMUG00000062700	0
ENSMMUG00000063659	0
ENSMMUG00000051611	0
ENSMMUG00000006837	0
ENSMMUG00000050430	0
ENSMMUG00000049006	4
ENSMMUG00000062625	0
ENSMMUG00000059528	0
ENSMMUG00000006838	0
ENSMMUG00000033103	0
ENSMMUG00000014204	6
ENSMMUG00000006840	0
ENSMMUG00000018015	14
ENSMMUG00000046622	5
ENSMMUG00000014207	9
ENSMMUG00000058181	0
ENSMMUG00000054922	6
ENSMMUG00000020539	3
ENSMMUG00000049203	0
ENSMMUG00000012408	0
ENSMMUG00000043550	0
ENSMMUG00000050511	0
ENSMMUG00000015873	4
ENSMMUG00000023998	0
ENSMMUG00000056612	0
ENSMMUG00000049903	0
ENSMMUG00000063892	6
ENSMMUG00000054322	0
ENSMMUG00000048456	0
ENSMMUG00000009668	0
ENSMMUG00000058981	0
ENSMMUG00000064908	0
ENSMMUG00000060601	22
ENSMMUG00000039090	0
ENSMMUG00000009393	0
ENSMMUG00000059398	0
ENSMMUG00000054059	0
ENSMMUG00000044603	48
ENSMMUG00000014462	20
ENSMMUG00000060834	0
ENSMMUG00000045680	3
ENSMMUG00000017165	22
ENSMMUG00000017854	0
ENSMMUG00000051971	0
ENSMMUG00000063602	0
ENSMMUG00000043229	4
ENSMMUG00000006490	33
ENSMMUG00000061453	0
ENSMMUG00000036351	0
ENSMMUG00000052996	0
ENSMMUG00000001482	6
ENSMMUG00000065124	0
ENSMMUG00000059258	0
ENSMMUG00000001483	6
ENSMMUG00000063224	0
ENSMMUG00000047612	0
ENSMMUG00000048910	0
ENSMMUG00000013685	0
ENSMMUG00000008887	0
ENSMMUG00000011309	0
ENSMMUG00000056376	0
ENSMMUG00000059866	0
ENSMMUG00000004579	10
ENSMMUG00000004255	49
ENSMMUG00000059973	0
ENSMMUG00000057676	20
ENSMMUG00000010740	3
ENSMMUG00000058494	0
ENSMMUG00000012027	0
ENSMMUG00000000306	15
ENSMMUG00000010738	0
ENSMMUG00000010743	0
ENSMMUG00000064847	0
ENSMMUG00000023736	0
ENSMMUG00000023555	0
ENSMMUG00000007541	0
ENSMMUG00000052887	0
ENSMMUG00000023554	1
ENSMMUG00000064497	0
ENSMMUG00000050284	0
ENSMMUG00000008000	0
ENSMMUG00000051793	0
ENSMMUG00000043457	0
ENSMMUG00000004259	0
ENSMMUG00000051901	0
ENSMMUG00000053992	0
ENSMMUG00000010716	0
ENSMMUG00000004260	12
ENSMMUG00000061172	0
ENSMMUG00000062676	0
ENSMMUG00000054713	0
ENSMMUG00000065031	0
ENSMMUG00000057325	0
ENSMMUG00000062039	0
ENSMMUG00000064628	0
ENSMMUG00000064053	0
ENSMMUG00000047091	0
ENSMMUG00000013160	15
ENSMMUG00000001723	18
ENSMMUG00000001724	0
ENSMMUG00000004263	2
ENSMMUG00000063461	0
ENSMMUG00000002909	15
ENSMMUG00000058743	0
ENSMMUG00000014539	31
ENSMMUG00000002910	10
ENSMMUG00000058878	0
ENSMMUG00000014541	8
ENSMMUG00000052398	0
ENSMMUG00000002911	0
ENSMMUG00000014542	30
ENSMMUG00000040515	0
ENSMMUG00000060208	0
ENSMMUG00000052556	37
ENSMMUG00000062923	0
ENSMMUG00000015159	2
ENSMMUG00000001737	32
ENSMMUG00000047262	0
ENSMMUG00000052654	0
ENSMMUG00000001388	1
ENSMMUG00000025726	0
ENSMMUG00000026900	0
ENSMMUG00000049375	0
ENSMMUG00000015165	1
ENSMMUG00000050556	0
ENSMMUG00000002553	0
ENSMMUG00000018177	8
ENSMMUG00000005976	0
ENSMMUG00000015166	81
ENSMMUG00000000754	4
ENSMMUG00000064496	0
ENSMMUG00000014004	11
ENSMMUG00000014005	21
ENSMMUG00000015168	11
ENSMMUG00000058687	0
ENSMMUG00000052002	0
ENSMMUG00000040100	31
ENSMMUG00000017435	0
ENSMMUG00000053352	0
ENSMMUG00000064133	0
ENSMMUG00000058415	0
ENSMMUG00000013991	0
ENSMMUG00000038464	0
ENSMMUG00000017437	0
ENSMMUG00000040238	5
ENSMMUG00000017432	1
ENSMMUG00000052598	0
ENSMMUG00000057970	26
ENSMMUG00000055808	0
ENSMMUG00000025001	0
ENSMMUG00000012681	0
ENSMMUG00000021122	188
ENSMMUG00000002345	6
ENSMMUG00000044445	2
ENSMMUG00000063024	0
ENSMMUG00000025392	0
ENSMMUG00000057394	0
ENSMMUG00000045241	42
ENSMMUG00000002346	3
ENSMMUG00000021124	1
ENSMMUG00000036618	0
ENSMMUG00000035716	1
ENSMMUG00000029603	0
ENSMMUG00000029652	1
ENSMMUG00000017372	0
ENSMMUG00000017374	0
ENSMMUG00000009882	4
ENSMMUG00000062688	0
ENSMMUG00000007504	0
ENSMMUG00000028330	0
ENSMMUG00000055065	0
ENSMMUG00000001247	37
ENSMMUG00000061936	0
ENSMMUG00000055599	0
ENSMMUG00000053186	0
ENSMMUG00000060648	0
ENSMMUG00000044385	4
ENSMMUG00000064262	0
ENSMMUG00000013270	0
ENSMMUG00000007509	9
ENSMMUG00000006366	0
ENSMMUG00000051391	0
ENSMMUG00000010948	12
ENSMMUG00000051023	0
ENSMMUG00000053704	0
ENSMMUG00000049680	0
ENSMMUG00000010949	5
ENSMMUG00000061537	3
ENSMMUG00000049468	0
ENSMMUG00000004029	1
ENSMMUG00000004028	0
ENSMMUG00000006297	4
ENSMMUG00000057912	23
ENSMMUG00000006714	20
ENSMMUG00000057359	0
ENSMMUG00000009659	8
ENSMMUG00000027699	0
ENSMMUG00000063346	1
ENSMMUG00000063270	0
ENSMMUG00000024948	0
ENSMMUG00000058912	0
ENSMMUG00000058533	0
ENSMMUG00000041094	0
ENSMMUG00000043606	0
ENSMMUG00000049509	0
ENSMMUG00000049291	0
ENSMMUG00000063391	0
ENSMMUG00000064937	0
ENSMMUG00000036374	0
ENSMMUG00000056031	0
ENSMMUG00000042416	0
ENSMMUG00000010727	11
ENSMMUG00000051839	0
ENSMMUG00000022734	0
ENSMMUG00000032370	0
ENSMMUG00000057804	0
ENSMMUG00000053223	0
ENSMMUG00000051826	0
ENSMMUG00000063548	0
ENSMMUG00000003112	0
ENSMMUG00000017109	0
ENSMMUG00000046256	0
ENSMMUG00000045847	0
ENSMMUG00000064572	0
ENSMMUG00000056191	0
ENSMMUG00000053906	0
ENSMMUG00000063652	0
ENSMMUG00000055152	0
ENSMMUG00000032353	2
ENSMMUG00000043712	0
ENSMMUG00000060171	0
ENSMMUG00000056781	0
ENSMMUG00000032454	0
ENSMMUG00000005113	2
ENSMMUG00000050354	0
ENSMMUG00000037309	0
ENSMMUG00000057903	0
ENSMMUG00000063496	0
ENSMMUG00000057569	2
ENSMMUG00000059333	0
ENSMMUG00000063577	31
ENSMMUG00000043585	11
ENSMMUG00000053924	2
ENSMMUG00000050420	0
ENSMMUG00000029293	10
ENSMMUG00000059922	0
ENSMMUG00000052947	0
ENSMMUG00000061346	0
ENSMMUG00000047259	40
ENSMMUG00000035947	0
ENSMMUG00000021120	6
ENSMMUG00000010324	0
ENSMMUG00000039318	0
ENSMMUG00000060530	0
ENSMMUG00000046259	4
ENSMMUG00000052760	0
ENSMMUG00000042926	0
ENSMMUG00000061763	0
ENSMMUG00000055662	0
ENSMMUG00000017635	2
ENSMMUG00000038067	0
ENSMMUG00000049604	1
ENSMMUG00000061736	0
ENSMMUG00000060109	0
ENSMMUG00000053333	0
ENSMMUG00000053644	0
ENSMMUG00000007585	0
ENSMMUG00000062445	0
ENSMMUG00000062132	1
ENSMMUG00000063731	0
ENSMMUG00000022263	0
ENSMMUG00000047665	0
ENSMMUG00000014678	21
ENSMMUG00000013162	8
ENSMMUG00000055204	0
ENSMMUG00000057521	0
ENSMMUG00000007587	0
ENSMMUG00000063895	0
ENSMMUG00000000885	41
ENSMMUG00000042087	46
ENSMMUG00000032601	0
ENSMMUG00000055825	3
ENSMMUG00000022822	8
ENSMMUG00000063849	3
ENSMMUG00000052468	0
ENSMMUG00000060004	0
ENSMMUG00000055293	0
ENSMMUG00000016045	0
ENSMMUG00000050400	0
ENSMMUG00000022371	6
ENSMMUG00000059434	0
ENSMMUG00000018157	33
ENSMMUG00000062750	0
ENSMMUG00000054428	0
ENSMMUG00000062910	0
ENSMMUG00000058470	0
ENSMMUG00000045878	0
ENSMMUG00000032952	0
ENSMMUG00000011104	0
ENSMMUG00000044509	0
ENSMMUG00000011154	0
ENSMMUG00000064632	0
ENSMMUG00000016725	0
ENSMMUG00000023423	0
ENSMMUG00000056600	0
ENSMMUG00000052325	0
ENSMMUG00000060730	0
ENSMMUG00000015706	0
ENSMMUG00000038252	0
ENSMMUG00000007514	31
ENSMMUG00000017464	0
ENSMMUG00000054666	0
ENSMMUG00000036175	0
ENSMMUG00000019432	7
ENSMMUG00000001307	0
ENSMMUG00000020202	0
ENSMMUG00000051670	7
ENSMMUG00000051512	0
ENSMMUG00000058922	0
ENSMMUG00000060142	0
ENSMMUG00000004894	0
ENSMMUG00000019612	0
ENSMMUG00000016666	23
ENSMMUG00000045366	0
ENSMMUG00000064685	0
ENSMMUG00000055634	0
ENSMMUG00000058527	0
ENSMMUG00000064451	12
ENSMMUG00000049693	0
ENSMMUG00000011152	2
ENSMMUG00000054377	0
ENSMMUG00000012819	0
ENSMMUG00000056630	0
ENSMMUG00000053290	0
ENSMMUG00000049736	0
ENSMMUG00000050039	17
ENSMMUG00000007057	0
ENSMMUG00000062829	0
ENSMMUG00000022081	0
ENSMMUG00000054353	0
ENSMMUG00000024813	0
ENSMMUG00000016607	7
ENSMMUG00000063913	0
ENSMMUG00000018687	12
ENSMMUG00000020532	0
ENSMMUG00000018763	0
ENSMMUG00000040442	0
ENSMMUG00000008818	0
ENSMMUG00000012821	0
ENSMMUG00000016233	0
ENSMMUG00000058659	0
ENSMMUG00000061272	0
ENSMMUG00000018688	11
ENSMMUG00000062319	0
ENSMMUG00000054354	0
ENSMMUG00000064672	0
ENSMMUG00000040002	0
ENSMMUG00000064082	0
ENSMMUG00000012073	0
ENSMMUG00000003932	19
ENSMMUG00000015308	6
ENSMMUG00000019489	18
ENSMMUG00000062267	0
ENSMMUG00000015312	0
ENSMMUG00000047191	0
ENSMMUG00000037151	0
ENSMMUG00000059911	0
ENSMMUG00000053672	0
ENSMMUG00000017821	0
ENSMMUG00000018433	0
ENSMMUG00000025742	0
ENSMMUG00000059720	0
ENSMMUG00000059390	0
ENSMMUG00000003475	0
ENSMMUG00000010421	0
ENSMMUG00000020536	0
ENSMMUG00000003934	5
ENSMMUG00000046218	0
ENSMMUG00000002293	2
ENSMMUG00000059979	0
ENSMMUG00000019492	2
ENSMMUG00000021850	0
ENSMMUG00000016610	24
ENSMMUG00000004985	0
ENSMMUG00000003479	0
ENSMMUG00000048381	0
ENSMMUG00000003251	0
ENSMMUG00000040204	4
ENSMMUG00000048745	0
ENSMMUG00000053322	1
ENSMMUG00000058186	0
ENSMMUG00000054697	0
ENSMMUG00000058829	0
ENSMMUG00000049622	0
ENSMMUG00000004335	0
ENSMMUG00000010424	0
ENSMMUG00000003071	7
ENSMMUG00000043795	0
ENSMMUG00000063100	0
ENSMMUG00000059335	0
ENSMMUG00000052416	0
ENSMMUG00000004309	6
ENSMMUG00000038289	0
ENSMMUG00000006876	21
ENSMMUG00000002593	19
ENSMMUG00000000443	0
ENSMMUG00000048462	0
ENSMMUG00000064574	0
ENSMMUG00000065109	3
ENSMMUG00000059768	0
ENSMMUG00000056297	0
ENSMMUG00000004274	0
ENSMMUG00000000903	0
ENSMMUG00000004336	0
ENSMMUG00000036589	0
ENSMMUG00000004633	0
ENSMMUG00000053262	10
ENSMMUG00000007887	6
ENSMMUG00000008247	10
ENSMMUG00000052994	0
ENSMMUG00000001620	0
ENSMMUG00000062545	9
ENSMMUG00000018001	0
ENSMMUG00000013603	0
ENSMMUG00000004745	2
ENSMMUG00000025576	0
ENSMMUG00000058334	2
ENSMMUG00000006916	0
ENSMMUG00000007688	7
ENSMMUG00000053886	0
ENSMMUG00000022771	0
ENSMMUG00000056615	0
ENSMMUG00000016391	0
ENSMMUG00000011497	1
ENSMMUG00000054305	0
ENSMMUG00000046436	0
ENSMMUG00000008306	3
ENSMMUG00000062893	0
ENSMMUG00000016929	0
ENSMMUG00000051079	0
ENSMMUG00000020553	207
ENSMMUG00000008825	6
ENSMMUG00000051401	0
ENSMMUG00000053349	0
ENSMMUG00000004198	0
ENSMMUG00000057161	0
ENSMMUG00000051464	0
ENSMMUG00000000192	9
ENSMMUG00000053679	0
ENSMMUG00000061004	0
ENSMMUG00000040974	0
ENSMMUG00000024879	0
ENSMMUG00000025616	0
ENSMMUG00000062918	0
ENSMMUG00000032743	0
ENSMMUG00000006967	0
ENSMMUG00000012261	0
ENSMMUG00000053330	0
ENSMMUG00000017335	0
ENSMMUG00000024034	0
ENSMMUG00000049709	0
ENSMMUG00000009607	0
ENSMMUG00000003456	1
ENSMMUG00000013604	0
ENSMMUG00000061198	0
ENSMMUG00000003922	31
ENSMMUG00000033085	0
ENSMMUG00000063694	0
ENSMMUG00000060618	0
ENSMMUG00000034697	0
ENSMMUG00000026218	0
ENSMMUG00000053371	0
ENSMMUG00000016776	5
ENSMMUG00000062714	0
ENSMMUG00000011498	2
ENSMMUG00000013220	15
ENSMMUG00000061545	0
ENSMMUG00000033074	0
ENSMMUG00000062628	0
ENSMMUG00000049835	0
ENSMMUG00000050703	0
ENSMMUG00000033177	0
ENSMMUG00000059480	0
ENSMMUG00000057473	0
ENSMMUG00000055598	0
ENSMMUG00000062909	0
ENSMMUG00000040274	0
ENSMMUG00000063284	0
ENSMMUG00000051500	0
ENSMMUG00000033526	0
ENSMMUG00000060849	0
ENSMMUG00000034444	0
ENSMMUG00000032544	0
ENSMMUG00000003505	0
ENSMMUG00000010936	0
ENSMMUG00000032745	0
ENSMMUG00000050915	0
ENSMMUG00000022224	0
ENSMMUG00000051757	0
ENSMMUG00000024754	0
ENSMMUG00000059153	0
ENSMMUG00000063393	0
ENSMMUG00000013221	0
ENSMMUG00000011474	10
ENSMMUG00000027020	0
ENSMMUG00000063064	0
ENSMMUG00000011310	0
ENSMMUG00000059628	0
ENSMMUG00000015653	62
ENSMMUG00000061274	0
ENSMMUG00000057712	0
ENSMMUG00000026011	1
ENSMMUG00000052193	0
ENSMMUG00000063605	0
ENSMMUG00000045722	0
ENSMMUG00000045262	0
ENSMMUG00000015266	0
ENSMMUG00000013131	0
ENSMMUG00000035145	0
ENSMMUG00000051285	0
ENSMMUG00000016777	0
ENSMMUG00000017323	0
ENSMMUG00000027523	0
ENSMMUG00000036398	0
ENSMMUG00000009622	0
ENSMMUG00000020695	0
ENSMMUG00000057688	0
ENSMMUG00000026877	0
ENSMMUG00000055034	0
ENSMMUG00000027084	0
ENSMMUG00000063217	0
ENSMMUG00000065215	0
ENSMMUG00000052264	0
ENSMMUG00000045362	0
ENSMMUG00000028288	0
ENSMMUG00000001540	0
ENSMMUG00000055995	0
ENSMMUG00000051148	5
ENSMMUG00000027127	0
ENSMMUG00000045626	0
ENSMMUG00000027125	0
ENSMMUG00000028592	0
ENSMMUG00000034550	0
ENSMMUG00000064674	0
ENSMMUG00000027090	0
ENSMMUG00000026123	0
ENSMMUG00000033048	0
ENSMMUG00000056114	0
ENSMMUG00000019383	0
ENSMMUG00000061211	0
ENSMMUG00000060939	0
ENSMMUG00000002750	17
ENSMMUG00000063613	0
ENSMMUG00000026855	0
ENSMMUG00000007515	0
ENSMMUG00000032341	1
ENSMMUG00000054103	0
ENSMMUG00000050695	0
ENSMMUG00000052089	0
ENSMMUG00000028083	0
ENSMMUG00000028360	0
ENSMMUG00000033187	0
ENSMMUG00000056604	0
ENSMMUG00000010056	0
ENSMMUG00000037513	0
ENSMMUG00000007997	0
ENSMMUG00000051504	0
ENSMMUG00000020699	5
ENSMMUG00000006377	0
ENSMMUG00000051347	0
ENSMMUG00000058259	1
ENSMMUG00000042205	0
ENSMMUG00000056447	0
ENSMMUG00000054057	0
ENSMMUG00000026707	0
ENSMMUG00000042170	0
ENSMMUG00000002134	11
ENSMMUG00000055686	0
ENSMMUG00000036834	0
ENSMMUG00000049573	0
ENSMMUG00000060121	0
ENSMMUG00000054258	0
ENSMMUG00000053844	11
ENSMMUG00000017377	11
ENSMMUG00000049974	0
ENSMMUG00000044123	0
ENSMMUG00000032672	0
ENSMMUG00000002805	7
ENSMMUG00000017378	6
ENSMMUG00000013135	3
ENSMMUG00000035762	0
ENSMMUG00000049702	0
ENSMMUG00000034506	0
ENSMMUG00000054328	0
ENSMMUG00000019688	0
ENSMMUG00000016657	0
ENSMMUG00000008303	0
ENSMMUG00000035819	0
ENSMMUG00000045049	0
ENSMMUG00000061434	0
ENSMMUG00000017574	0
ENSMMUG00000057900	40
ENSMMUG00000060474	6
ENSMMUG00000044994	0
ENSMMUG00000056638	0
ENSMMUG00000055906	0
ENSMMUG00000003918	0
ENSMMUG00000060318	0
ENSMMUG00000039292	0
ENSMMUG00000026243	0
ENSMMUG00000022849	0
ENSMMUG00000020700	0
ENSMMUG00000057063	0
ENSMMUG00000062063	0
ENSMMUG00000016431	21
ENSMMUG00000050066	0
ENSMMUG00000037641	0
ENSMMUG00000052660	0
ENSMMUG00000049656	0
ENSMMUG00000058013	0
ENSMMUG00000033477	0
ENSMMUG00000042495	0
ENSMMUG00000040071	0
ENSMMUG00000001663	0
ENSMMUG00000026898	0
ENSMMUG00000020743	0
ENSMMUG00000026918	0
ENSMMUG00000062890	0
ENSMMUG00000027267	0
ENSMMUG00000020849	0
ENSMMUG00000052192	0
ENSMMUG00000008781	7
ENSMMUG00000032363	0
ENSMMUG00000036929	0
ENSMMUG00000003317	19
ENSMMUG00000055147	0
ENSMMUG00000026857	0
ENSMMUG00000013491	0
ENSMMUG00000032401	0
ENSMMUG00000027041	0
ENSMMUG00000026192	0
ENSMMUG00000028437	0
ENSMMUG00000009258	0
ENSMMUG00000060425	0
ENSMMUG00000023039	0
ENSMMUG00000057867	0
ENSMMUG00000013176	4
ENSMMUG00000058226	0
ENSMMUG00000027617	0
ENSMMUG00000026363	0
ENSMMUG00000064690	0
ENSMMUG00000053634	0
ENSMMUG00000065111	0
ENSMMUG00000012772	0
ENSMMUG00000034680	0
ENSMMUG00000019534	0
ENSMMUG00000016948	5
ENSMMUG00000012774	0
ENSMMUG00000012777	0
ENSMMUG00000019533	0
ENSMMUG00000012775	0
ENSMMUG00000015264	5
ENSMMUG00000014466	2
ENSMMUG00000060625	0
ENSMMUG00000012710	0
ENSMMUG00000008785	12
ENSMMUG00000052837	0
ENSMMUG00000005959	0
ENSMMUG00000020282	7
ENSMMUG00000027379	0
ENSMMUG00000019594	4
ENSMMUG00000012702	0
ENSMMUG00000000379	0
ENSMMUG00000032968	0
ENSMMUG00000063900	0
ENSMMUG00000024205	0
ENSMMUG00000051872	0
ENSMMUG00000004954	12
ENSMMUG00000013981	5
ENSMMUG00000058286	0
ENSMMUG00000065049	0
ENSMMUG00000063057	0
ENSMMUG00000049369	0
ENSMMUG00000058830	0
ENSMMUG00000059484	0
ENSMMUG00000055262	1
ENSMMUG00000049425	0
ENSMMUG00000028527	0
ENSMMUG00000053430	0
ENSMMUG00000040232	0
ENSMMUG00000062616	0
ENSMMUG00000035549	0
ENSMMUG00000007500	0
ENSMMUG00000051179	0
ENSMMUG00000022667	2
ENSMMUG00000058394	0
ENSMMUG00000013493	0
ENSMMUG00000061308	0
ENSMMUG00000017669	9
ENSMMUG00000019345	78
ENSMMUG00000035513	0
ENSMMUG00000059712	0
ENSMMUG00000003201	57
ENSMMUG00000018469	0
ENSMMUG00000049621	0
ENSMMUG00000049309	0
ENSMMUG00000064600	0
ENSMMUG00000061251	0
ENSMMUG00000053560	0
ENSMMUG00000059817	0
ENSMMUG00000015609	0
ENSMMUG00000063773	0
ENSMMUG00000060266	0
ENSMMUG00000050764	0
ENSMMUG00000051113	0
ENSMMUG00000017883	4
ENSMMUG00000010897	0
ENSMMUG00000048978	0
ENSMMUG00000022665	7
ENSMMUG00000063804	0
ENSMMUG00000050198	0
ENSMMUG00000055471	0
ENSMMUG00000060537	7
ENSMMUG00000049705	0
ENSMMUG00000005292	5
ENSMMUG00000021984	0
ENSMMUG00000054873	0
ENSMMUG00000064058	0
ENSMMUG00000022505	0
ENSMMUG00000053273	0
ENSMMUG00000048764	0
ENSMMUG00000013386	2
ENSMMUG00000059846	0
ENSMMUG00000064282	0
ENSMMUG00000060001	0
ENSMMUG00000049595	0
ENSMMUG00000052583	0
ENSMMUG00000057289	0
ENSMMUG00000023835	0
ENSMMUG00000010476	0
ENSMMUG00000045255	0
ENSMMUG00000061011	0
ENSMMUG00000057937	0
ENSMMUG00000011271	3
ENSMMUG00000056716	0
ENSMMUG00000018391	0
ENSMMUG00000032338	0
ENSMMUG00000024896	0
ENSMMUG00000022140	63
ENSMMUG00000063742	12
ENSMMUG00000054995	0
ENSMMUG00000020222	3
ENSMMUG00000012739	8
ENSMMUG00000053147	4
ENSMMUG00000052554	0
ENSMMUG00000025578	0
ENSMMUG00000007922	235
ENSMMUG00000037497	0
ENSMMUG00000038415	0
ENSMMUG00000007501	6
ENSMMUG00000008386	0
ENSMMUG00000057558	1
ENSMMUG00000018715	0
ENSMMUG00000022467	1
ENSMMUG00000012743	2
ENSMMUG00000062118	0
ENSMMUG00000062762	0
ENSMMUG00000053857	0
ENSMMUG00000000710	0
ENSMMUG00000024124	0
ENSMMUG00000037377	0
ENSMMUG00000063543	2
ENSMMUG00000018717	0
ENSMMUG00000011478	0
ENSMMUG00000050746	0
ENSMMUG00000012762	0
ENSMMUG00000058346	1
ENSMMUG00000037102	0
ENSMMUG00000050270	0
ENSMMUG00000050346	0
ENSMMUG00000057967	0
ENSMMUG00000056468	0
ENSMMUG00000061535	0
ENSMMUG00000062693	0
ENSMMUG00000008108	7
ENSMMUG00000062679	1
ENSMMUG00000006966	0
ENSMMUG00000054352	0
ENSMMUG00000063919	0
ENSMMUG00000044983	1
ENSMMUG00000064877	0
ENSMMUG00000051932	0
ENSMMUG00000056731	6
ENSMMUG00000023819	0
ENSMMUG00000020392	9
ENSMMUG00000008388	0
ENSMMUG00000017881	5
ENSMMUG00000008389	0
ENSMMUG00000064826	0
ENSMMUG00000020223	17
ENSMMUG00000001557	0
ENSMMUG00000032359	4
ENSMMUG00000064959	0
ENSMMUG00000021491	0
ENSMMUG00000059610	0
ENSMMUG00000012384	0
ENSMMUG00000023589	0
ENSMMUG00000045877	0
ENSMMUG00000005263	22
ENSMMUG00000012382	0
ENSMMUG00000057419	0
ENSMMUG00000000297	3
ENSMMUG00000052429	0
ENSMMUG00000065150	0
ENSMMUG00000062471	0
ENSMMUG00000003250	0
ENSMMUG00000057960	0
ENSMMUG00000005264	3
ENSMMUG00000064328	0
ENSMMUG00000054986	0
ENSMMUG00000054048	0
ENSMMUG00000060753	0
ENSMMUG00000032328	0
ENSMMUG00000063924	0
ENSMMUG00000055949	0
ENSMMUG00000003372	19
ENSMMUG00000032357	0
ENSMMUG00000022142	0
ENSMMUG00000020555	6
ENSMMUG00000039019	0
ENSMMUG00000011076	1
ENSMMUG00000001088	0
ENSMMUG00000011480	1
ENSMMUG00000011074	0
ENSMMUG00000044975	0
ENSMMUG00000050146	0
ENSMMUG00000060846	0
ENSMMUG00000049681	0
ENSMMUG00000054548	0
ENSMMUG00000024093	0
ENSMMUG00000004154	0
ENSMMUG00000009293	38
ENSMMUG00000021366	5
ENSMMUG00000056988	0
ENSMMUG00000049889	0
ENSMMUG00000064067	0
ENSMMUG00000052892	0
ENSMMUG00000014885	0
ENSMMUG00000010585	0
ENSMMUG00000062481	0
ENSMMUG00000003374	36
ENSMMUG00000006450	10
ENSMMUG00000061890	0
ENSMMUG00000002608	0
ENSMMUG00000056089	0
ENSMMUG00000051063	0
ENSMMUG00000002015	0
ENSMMUG00000018824	7
ENSMMUG00000058853	0
ENSMMUG00000047144	0
ENSMMUG00000050849	0
ENSMMUG00000056669	0
ENSMMUG00000039263	0
ENSMMUG00000059880	0
ENSMMUG00000033522	0
ENSMMUG00000025865	0
ENSMMUG00000003375	13
ENSMMUG00000000705	0
ENSMMUG00000051003	0
ENSMMUG00000036847	0
ENSMMUG00000032384	0
ENSMMUG00000013773	4
ENSMMUG00000012742	13
ENSMMUG00000003377	0
ENSMMUG00000010501	0
ENSMMUG00000002016	0
ENSMMUG00000001484	1
ENSMMUG00000049154	0
ENSMMUG00000062656	0
ENSMMUG00000038049	0
ENSMMUG00000032340	0
ENSMMUG00000054074	0
ENSMMUG00000063448	0
ENSMMUG00000013768	5
ENSMMUG00000057198	0
ENSMMUG00000024140	0
ENSMMUG00000060580	17
ENSMMUG00000055801	0
ENSMMUG00000053153	0
ENSMMUG00000056705	0
ENSMMUG00000003379	14
ENSMMUG00000037331	0
ENSMMUG00000049664	0
ENSMMUG00000009037	3
ENSMMUG00000057253	0
ENSMMUG00000015031	0
ENSMMUG00000016361	0
ENSMMUG00000020862	0
ENSMMUG00000064028	0
ENSMMUG00000036420	0
ENSMMUG00000013753	33
ENSMMUG00000059983	0
ENSMMUG00000012744	3
ENSMMUG00000011437	6
ENSMMUG00000016642	0
ENSMMUG00000061513	0
ENSMMUG00000055173	0
ENSMMUG00000012746	35
ENSMMUG00000062966	0
ENSMMUG00000064452	0
ENSMMUG00000011420	9
ENSMMUG00000009295	148
ENSMMUG00000018194	0
ENSMMUG00000018366	10
ENSMMUG00000037633	0
ENSMMUG00000009296	4
ENSMMUG00000060820	0
ENSMMUG00000053888	0
ENSMMUG00000003368	4
ENSMMUG00000049282	0
ENSMMUG00000040440	0
ENSMMUG00000003502	5
ENSMMUG00000006979	6
ENSMMUG00000062135	0
ENSMMUG00000057147	0
ENSMMUG00000060701	0
ENSMMUG00000055642	0
ENSMMUG00000063395	0
ENSMMUG00000054311	0
ENSMMUG00000011426	40
ENSMMUG00000000448	0
ENSMMUG00000035953	0
ENSMMUG00000024803	0
ENSMMUG00000061261	0
ENSMMUG00000057358	0
ENSMMUG00000051223	0
ENSMMUG00000033307	0
ENSMMUG00000061895	0
ENSMMUG00000056503	0
ENSMMUG00000009801	8
ENSMMUG00000011078	0
ENSMMUG00000027297	0
ENSMMUG00000019415	0
ENSMMUG00000059835	4
ENSMMUG00000052286	0
ENSMMUG00000055238	0
ENSMMUG00000057815	0
ENSMMUG00000058160	0
ENSMMUG00000006362	168
ENSMMUG00000018191	0
ENSMMUG00000003501	0
ENSMMUG00000003500	4
ENSMMUG00000032465	16
ENSMMUG00000032857	0
ENSMMUG00000040370	37
ENSMMUG00000044389	0
ENSMMUG00000006111	19
ENSMMUG00000047671	0
ENSMMUG00000064945	0
ENSMMUG00000008212	0
ENSMMUG00000006113	0
ENSMMUG00000021924	0
ENSMMUG00000019420	19
ENSMMUG00000000323	1
ENSMMUG00000018844	0
ENSMMUG00000064091	0
ENSMMUG00000064086	0
ENSMMUG00000050925	0
ENSMMUG00000021207	0
ENSMMUG00000008209	0
ENSMMUG00000013595	0
ENSMMUG00000061770	0
ENSMMUG00000027363	0
ENSMMUG00000056195	0
ENSMMUG00000061336	0
ENSMMUG00000009043	0
ENSMMUG00000050869	0
ENSMMUG00000045764	0
ENSMMUG00000018535	1
ENSMMUG00000045373	0
ENSMMUG00000061921	0
ENSMMUG00000006112	0
ENSMMUG00000058276	0
ENSMMUG00000053689	0
ENSMMUG00000063324	0
ENSMMUG00000050317	0
ENSMMUG00000000809	0
ENSMMUG00000064196	0
ENSMMUG00000063703	0
ENSMMUG00000005605	0
ENSMMUG00000003482	0
ENSMMUG00000014066	11
ENSMMUG00000023574	0
ENSMMUG00000050156	0
ENSMMUG00000053743	0
ENSMMUG00000062780	0
ENSMMUG00000062472	0
ENSMMUG00000009671	6
ENSMMUG00000032498	7
ENSMMUG00000061723	0
ENSMMUG00000054252	0
ENSMMUG00000023635	0
ENSMMUG00000002023	0
ENSMMUG00000063523	0
ENSMMUG00000042317	0
ENSMMUG00000001258	0
ENSMMUG00000025804	0
ENSMMUG00000059483	0
ENSMMUG00000052456	0
ENSMMUG00000060005	0
ENSMMUG00000054007	0
ENSMMUG00000057968	0
ENSMMUG00000040162	0
ENSMMUG00000055786	0
ENSMMUG00000034165	0
ENSMMUG00000019569	0
ENSMMUG00000056900	0
ENSMMUG00000048739	0
ENSMMUG00000004438	0
ENSMMUG00000061110	0
ENSMMUG00000012619	0
ENSMMUG00000012957	0
ENSMMUG00000012484	12
ENSMMUG00000006191	5
ENSMMUG00000003295	82
ENSMMUG00000061108	0
ENSMMUG00000019021	13
ENSMMUG00000037424	0
ENSMMUG00000010883	1
ENSMMUG00000057744	0
ENSMMUG00000060136	0
ENSMMUG00000025415	0
ENSMMUG00000051104	0
ENSMMUG00000049351	0
ENSMMUG00000055462	0
ENSMMUG00000027068	0
ENSMMUG00000014463	0
ENSMMUG00000017839	1
ENSMMUG00000009054	0
ENSMMUG00000036967	0
ENSMMUG00000055723	0
ENSMMUG00000020064	0
ENSMMUG00000003296	7
ENSMMUG00000052167	276
ENSMMUG00000027122	0
ENSMMUG00000008210	7
ENSMMUG00000026862	0
ENSMMUG00000059829	6
ENSMMUG00000011744	0
ENSMMUG00000017842	0
ENSMMUG00000056634	0
ENSMMUG00000020066	0
ENSMMUG00000032378	0
ENSMMUG00000059432	0
ENSMMUG00000006192	0
ENSMMUG00000032380	0
ENSMMUG00000057154	0
ENSMMUG00000022574	22
ENSMMUG00000057835	0
ENSMMUG00000013008	8
ENSMMUG00000006193	0
ENSMMUG00000040845	0
ENSMMUG00000022281	3
ENSMMUG00000025180	0
ENSMMUG00000004178	0
ENSMMUG00000041263	0
ENSMMUG00000051172	0
ENSMMUG00000000322	17
ENSMMUG00000010112	0
ENSMMUG00000063653	0
ENSMMUG00000016290	8
ENSMMUG00000058584	0
ENSMMUG00000006683	0
ENSMMUG00000000320	3
ENSMMUG00000045191	0
ENSMMUG00000063143	0
ENSMMUG00000034936	0
ENSMMUG00000056989	0
ENSMMUG00000019971	0
ENSMMUG00000006684	0
ENSMMUG00000004858	6
ENSMMUG00000046387	0
ENSMMUG00000000319	68
ENSMMUG00000056710	0
ENSMMUG00000003745	1
ENSMMUG00000007593	200
ENSMMUG00000011601	0
ENSMMUG00000056352	0
ENSMMUG00000064153	0
ENSMMUG00000010394	0
ENSMMUG00000058139	0
ENSMMUG00000016975	5
ENSMMUG00000065018	0
ENSMMUG00000007601	0
ENSMMUG00000018894	0
ENSMMUG00000041337	0
ENSMMUG00000015737	0
ENSMMUG00000059664	0
ENSMMUG00000057738	0
ENSMMUG00000005132	2
ENSMMUG00000016986	2
ENSMMUG00000018703	41
ENSMMUG00000001114	0
ENSMMUG00000060655	1
ENSMMUG00000052303	0
ENSMMUG00000060719	0
ENSMMUG00000053313	22
ENSMMUG00000003266	0
ENSMMUG00000015291	2
ENSMMUG00000018895	2
ENSMMUG00000023324	0
ENSMMUG00000058392	0
ENSMMUG00000015738	2
ENSMMUG00000062028	0
ENSMMUG00000014606	0
ENSMMUG00000015740	0
ENSMMUG00000021579	0
ENSMMUG00000020965	4
ENSMMUG00000018704	14
ENSMMUG00000018335	3
ENSMMUG00000065001	0
ENSMMUG00000021412	0
ENSMMUG00000047336	0
ENSMMUG00000054959	0
ENSMMUG00000053662	0
ENSMMUG00000006416	0
ENSMMUG00000057260	0
ENSMMUG00000013635	20
ENSMMUG00000017753	0
ENSMMUG00000007234	0
ENSMMUG00000006166	0
ENSMMUG00000050316	1
ENSMMUG00000033096	0
ENSMMUG00000021413	0
ENSMMUG00000014047	0
ENSMMUG00000053988	0
ENSMMUG00000061907	0
ENSMMUG00000058341	0
ENSMMUG00000032653	0
ENSMMUG00000055487	0
ENSMMUG00000050727	0
ENSMMUG00000049719	12
ENSMMUG00000052217	0
ENSMMUG00000057508	0
ENSMMUG00000054361	0
ENSMMUG00000015396	27
ENSMMUG00000061393	0
ENSMMUG00000020179	0
ENSMMUG00000054817	4
ENSMMUG00000050314	0
ENSMMUG00000013930	0
ENSMMUG00000021414	0
ENSMMUG00000061144	1
ENSMMUG00000013667	0
ENSMMUG00000026283	0
ENSMMUG00000046809	0
ENSMMUG00000013150	7
ENSMMUG00000059882	0
ENSMMUG00000051459	0
ENSMMUG00000021581	0
ENSMMUG00000014048	0
ENSMMUG00000013993	4
ENSMMUG00000013934	0
ENSMMUG00000013935	0
ENSMMUG00000063039	3
ENSMMUG00000035134	0
ENSMMUG00000057467	0
ENSMMUG00000019767	3
ENSMMUG00000052483	0
ENSMMUG00000003896	5
ENSMMUG00000019573	1
ENSMMUG00000041712	0
ENSMMUG00000013937	0
ENSMMUG00000051618	0
ENSMMUG00000013146	0
ENSMMUG00000061295	10
ENSMMUG00000023172	3
ENSMMUG00000055377	0
ENSMMUG00000013678	21
ENSMMUG00000019768	3
ENSMMUG00000056337	0
ENSMMUG00000065126	0
ENSMMUG00000054148	0
ENSMMUG00000013940	1
ENSMMUG00000019580	22
ENSMMUG00000055457	0
ENSMMUG00000014407	5
ENSMMUG00000013668	63
ENSMMUG00000057710	0
ENSMMUG00000063882	0
ENSMMUG00000007505	0
ENSMMUG00000016464	0
ENSMMUG00000052646	0
ENSMMUG00000051058	0
ENSMMUG00000054969	0
ENSMMUG00000051616	0
ENSMMUG00000008256	5
ENSMMUG00000059926	0
ENSMMUG00000019577	2
ENSMMUG00000053495	0
ENSMMUG00000027544	0
ENSMMUG00000051593	0
ENSMMUG00000016465	25
ENSMMUG00000015861	0
ENSMMUG00000063078	0
ENSMMUG00000023174	0
ENSMMUG00000053182	0
ENSMMUG00000052396	0
ENSMMUG00000045701	1
ENSMMUG00000012871	0
ENSMMUG00000026598	0
ENSMMUG00000018026	0
ENSMMUG00000054132	0
ENSMMUG00000023604	23
ENSMMUG00000002689	0
ENSMMUG00000039929	0
ENSMMUG00000013943	16
ENSMMUG00000009740	0
ENSMMUG00000022293	1
ENSMMUG00000032394	0
ENSMMUG00000004793	6
ENSMMUG00000013449	0
ENSMMUG00000015655	7
ENSMMUG00000060651	3195
ENSMMUG00000059919	0
ENSMMUG00000032418	178
ENSMMUG00000056323	0
ENSMMUG00000004674	4
ENSMMUG00000023236	1
ENSMMUG00000012874	45
ENSMMUG00000056531	0
ENSMMUG00000015656	3
ENSMMUG00000012875	0
ENSMMUG00000063530	0
ENSMMUG00000057459	0
ENSMMUG00000063788	0
ENSMMUG00000049951	16
ENSMMUG00000052802	2
ENSMMUG00000002151	0
ENSMMUG00000009719	0
ENSMMUG00000051178	0
ENSMMUG00000064645	0
ENSMMUG00000062823	0
ENSMMUG00000033479	0
ENSMMUG00000033511	0
ENSMMUG00000033353	0
ENSMMUG00000063858	0
ENSMMUG00000033330	0
ENSMMUG00000027033	0
ENSMMUG00000049413	0
ENSMMUG00000057348	38
ENSMMUG00000032934	0
ENSMMUG00000064792	51
ENSMMUG00000044745	0
ENSMMUG00000013387	1
ENSMMUG00000049776	6
ENSMMUG00000013948	0
ENSMMUG00000027196	0
ENSMMUG00000052073	0
ENSMMUG00000041550	0
ENSMMUG00000032957	0
ENSMMUG00000055663	0
ENSMMUG00000050625	0
ENSMMUG00000053524	0
ENSMMUG00000053612	0
ENSMMUG00000029246	0
ENSMMUG00000037050	0
ENSMMUG00000065149	0
ENSMMUG00000018770	0
ENSMMUG00000060710	0
ENSMMUG00000049953	0
ENSMMUG00000037244	0
ENSMMUG00000005632	13
ENSMMUG00000032761	0
ENSMMUG00000052823	0
ENSMMUG00000027110	0
ENSMMUG00000037903	0
ENSMMUG00000032393	0
ENSMMUG00000063578	0
ENSMMUG00000011355	0
ENSMMUG00000010418	0
ENSMMUG00000052164	0
ENSMMUG00000018769	0
ENSMMUG00000013165	8
ENSMMUG00000010252	0
ENSMMUG00000047274	0
ENSMMUG00000065214	0
ENSMMUG00000037654	0
ENSMMUG00000051428	0
ENSMMUG00000051813	0
ENSMMUG00000032415	0
ENSMMUG00000047771	0
ENSMMUG00000051931	0
ENSMMUG00000054356	0
ENSMMUG00000009249	12
ENSMMUG00000047442	0
ENSMMUG00000013179	0
ENSMMUG00000056870	0
ENSMMUG00000044155	0
ENSMMUG00000041660	0
ENSMMUG00000051265	0
ENSMMUG00000003564	0
ENSMMUG00000064527	0
ENSMMUG00000050394	0
ENSMMUG00000059203	0
ENSMMUG00000061140	0
ENSMMUG00000046899	0
ENSMMUG00000052254	66
ENSMMUG00000055216	0
ENSMMUG00000011345	0
ENSMMUG00000050797	338
ENSMMUG00000053505	0
ENSMMUG00000052536	0
ENSMMUG00000032965	0
ENSMMUG00000017660	0
ENSMMUG00000053535	0
ENSMMUG00000032391	0
ENSMMUG00000011440	0
ENSMMUG00000005494	60
ENSMMUG00000058475	29
ENSMMUG00000014254	0
ENSMMUG00000050332	0
ENSMMUG00000056433	1
ENSMMUG00000064553	0
ENSMMUG00000061051	0
ENSMMUG00000056535	0
ENSMMUG00000015619	2
ENSMMUG00000007185	0
ENSMMUG00000058716	0
ENSMMUG00000014255	0
ENSMMUG00000046316	0
ENSMMUG00000060199	0
ENSMMUG00000023953	0
ENSMMUG00000064361	0
ENSMMUG00000014256	16
ENSMMUG00000005291	1
ENSMMUG00000007189	0
ENSMMUG00000059000	0
ENSMMUG00000052835	0
ENSMMUG00000050873	12
ENSMMUG00000063276	0
ENSMMUG00000060765	0
ENSMMUG00000054326	0
ENSMMUG00000051758	0
ENSMMUG00000054447	0
ENSMMUG00000061221	0
ENSMMUG00000017517	0
ENSMMUG00000059563	0
ENSMMUG00000033034	0
ENSMMUG00000003419	5
ENSMMUG00000032876	0
ENSMMUG00000033318	0
ENSMMUG00000050523	0
ENSMMUG00000049497	0
ENSMMUG00000051716	0
ENSMMUG00000016981	8
ENSMMUG00000063550	0
ENSMMUG00000052586	0
ENSMMUG00000049721	0
ENSMMUG00000059459	0
ENSMMUG00000034717	0
ENSMMUG00000055741	0
ENSMMUG00000050986	0
ENSMMUG00000064284	0
ENSMMUG00000057229	0
ENSMMUG00000059367	0
ENSMMUG00000021204	0
ENSMMUG00000033254	0
ENSMMUG00000022615	0
ENSMMUG00000043822	0
ENSMMUG00000046251	27
ENSMMUG00000051811	0
ENSMMUG00000049963	0
ENSMMUG00000059384	0
ENSMMUG00000009970	3
ENSMMUG00000025027	0
ENSMMUG00000010763	8
ENSMMUG00000053963	0
ENSMMUG00000057245	0
ENSMMUG00000005498	16
ENSMMUG00000058112	0
ENSMMUG00000002173	0
ENSMMUG00000026682	0
ENSMMUG00000060865	0
ENSMMUG00000020724	0
ENSMMUG00000016467	0
ENSMMUG00000003049	0
ENSMMUG00000016469	5
ENSMMUG00000022616	0
ENSMMUG00000007190	16
ENSMMUG00000051877	0
ENSMMUG00000051658	0
ENSMMUG00000004547	25
ENSMMUG00000022618	0
ENSMMUG00000005501	7
ENSMMUG00000022619	0
ENSMMUG00000024333	0
ENSMMUG00000019410	6
ENSMMUG00000004150	0
ENSMMUG00000004548	18
ENSMMUG00000007205	0
ENSMMUG00000005502	23
ENSMMUG00000062090	0
ENSMMUG00000003274	0
ENSMMUG00000004553	0
ENSMMUG00000050155	0
ENSMMUG00000053345	0
ENSMMUG00000021906	0
ENSMMUG00000049003	27
ENSMMUG00000004558	31
ENSMMUG00000007235	0
ENSMMUG00000005505	6
ENSMMUG00000033267	0
ENSMMUG00000032410	15
ENSMMUG00000032429	20
ENSMMUG00000026347	0
ENSMMUG00000037445	0
ENSMMUG00000027947	0
ENSMMUG00000061397	0
ENSMMUG00000032428	0
ENSMMUG00000004559	0
ENSMMUG00000057608	0
ENSMMUG00000049618	0
ENSMMUG00000017795	4
ENSMMUG00000054859	0
ENSMMUG00000005507	5
ENSMMUG00000001689	0
ENSMMUG00000020059	46
ENSMMUG00000051358	0
ENSMMUG00000032779	0
ENSMMUG00000026906	0
ENSMMUG00000026852	0
ENSMMUG00000015814	4
ENSMMUG00000017797	29
ENSMMUG00000008751	6
ENSMMUG00000040340	7
ENSMMUG00000032427	0
ENSMMUG00000009015	20
ENSMMUG00000054030	0
ENSMMUG00000060933	1
ENSMMUG00000024400	0
ENSMMUG00000064487	0
ENSMMUG00000014052	0
ENSMMUG00000063721	0
ENSMMUG00000000669	0
ENSMMUG00000052223	0
ENSMMUG00000063935	0
ENSMMUG00000043370	0
ENSMMUG00000050189	0
ENSMMUG00000058131	2
ENSMMUG00000009012	12
ENSMMUG00000017569	44
ENSMMUG00000014055	0
ENSMMUG00000000667	1
ENSMMUG00000065185	28
ENSMMUG00000017409	9
ENSMMUG00000026268	0
ENSMMUG00000023688	0
ENSMMUG00000052573	0
ENSMMUG00000023689	0
ENSMMUG00000017405	0
ENSMMUG00000010157	0
ENSMMUG00000051483	0
ENSMMUG00000040560	0
ENSMMUG00000004797	10
ENSMMUG00000017277	6
ENSMMUG00000008760	4
ENSMMUG00000063934	0
ENSMMUG00000004798	0
ENSMMUG00000058700	0
ENSMMUG00000047741	0
ENSMMUG00000019363	1
ENSMMUG00000060538	0
ENSMMUG00000027890	0
ENSMMUG00000019167	0
ENSMMUG00000025929	0
ENSMMUG00000005433	0
ENSMMUG00000051722	0
ENSMMUG00000051337	6
ENSMMUG00000013199	0
ENSMMUG00000045112	0
ENSMMUG00000004955	5
ENSMMUG00000028363	0
ENSMMUG00000015190	0
ENSMMUG00000064062	0
ENSMMUG00000063685	0
ENSMMUG00000016237	3
ENSMMUG00000058447	0
ENSMMUG00000054244	0
ENSMMUG00000031356	0
ENSMMUG00000063091	0
ENSMMUG00000059639	0
ENSMMUG00000023494	33
ENSMMUG00000064374	0
ENSMMUG00000051095	0
ENSMMUG00000058975	0
ENSMMUG00000050987	0
ENSMMUG00000005768	1
ENSMMUG00000012612	14
ENSMMUG00000004188	7
ENSMMUG00000016238	3
ENSMMUG00000010617	0
ENSMMUG00000057911	0
ENSMMUG00000012613	7
ENSMMUG00000010620	47
ENSMMUG00000052149	0
ENSMMUG00000028211	0
ENSMMUG00000055688	0
ENSMMUG00000025417	0
ENSMMUG00000024169	0
ENSMMUG00000025889	0
ENSMMUG00000034768	0
ENSMMUG00000005772	8
ENSMMUG00000020557	11
ENSMMUG00000010598	0
ENSMMUG00000064597	0
ENSMMUG00000060911	1
ENSMMUG00000062906	0
ENSMMUG00000062044	0
ENSMMUG00000008231	8
ENSMMUG00000007339	0
ENSMMUG00000024805	0
ENSMMUG00000023021	14
ENSMMUG00000010245	0
ENSMMUG00000058988	1
ENSMMUG00000050500	0
ENSMMUG00000055172	0
ENSMMUG00000051947	11
ENSMMUG00000023022	0
ENSMMUG00000055907	0
ENSMMUG00000057909	0
ENSMMUG00000005304	0
ENSMMUG00000023024	0
ENSMMUG00000012894	3
ENSMMUG00000023025	13
ENSMMUG00000007345	14
ENSMMUG00000052357	0
ENSMMUG00000055699	0
ENSMMUG00000008618	1
ENSMMUG00000060776	0
ENSMMUG00000053952	0
ENSMMUG00000022578	5
ENSMMUG00000012899	0
ENSMMUG00000020481	22
ENSMMUG00000039691	0
ENSMMUG00000059560	0
ENSMMUG00000061027	0
ENSMMUG00000001433	0
ENSMMUG00000059127	0
ENSMMUG00000009476	0
ENSMMUG00000008623	5
ENSMMUG00000053727	19
ENSMMUG00000019969	0
ENSMMUG00000053499	0
ENSMMUG00000000466	0
ENSMMUG00000020479	0
ENSMMUG00000061897	0
ENSMMUG00000054587	0
ENSMMUG00000050298	0
ENSMMUG00000008624	3
ENSMMUG00000010251	0
ENSMMUG00000005084	0
ENSMMUG00000033572	0
ENSMMUG00000010253	0
ENSMMUG00000008429	0
ENSMMUG00000062127	0
ENSMMUG00000052111	0
ENSMMUG00000000671	26
ENSMMUG00000043981	0
ENSMMUG00000064134	0
ENSMMUG00000008422	8
ENSMMUG00000015095	3
ENSMMUG00000053538	178
ENSMMUG00000062677	0
ENSMMUG00000032367	2
ENSMMUG00000059069	0
ENSMMUG00000060076	0
ENSMMUG00000052252	15
ENSMMUG00000006801	5
ENSMMUG00000061009	0
ENSMMUG00000005663	34
ENSMMUG00000002333	0
ENSMMUG00000063715	0
ENSMMUG00000060931	0
ENSMMUG00000052314	0
ENSMMUG00000039807	0
ENSMMUG00000055745	0
ENSMMUG00000058345	0
ENSMMUG00000007059	0
ENSMMUG00000059954	0
ENSMMUG00000049723	0
ENSMMUG00000060311	0
ENSMMUG00000005063	5
ENSMMUG00000002887	6
ENSMMUG00000009481	6
ENSMMUG00000051189	0
ENSMMUG00000057638	0
ENSMMUG00000061765	0
ENSMMUG00000064879	0
ENSMMUG00000033713	0
ENSMMUG00000054239	0
ENSMMUG00000051319	0
ENSMMUG00000041376	0
ENSMMUG00000046702	0
ENSMMUG00000005065	0
ENSMMUG00000017015	0
ENSMMUG00000008425	12
ENSMMUG00000061075	7
ENSMMUG00000057779	0
ENSMMUG00000007939	0
ENSMMUG00000005066	0
ENSMMUG00000056351	0
ENSMMUG00000003082	0
ENSMMUG00000053592	0
ENSMMUG00000001138	0
ENSMMUG00000050506	0
ENSMMUG00000008428	4
ENSMMUG00000023056	2
ENSMMUG00000057699	0
ENSMMUG00000022583	1
ENSMMUG00000025295	0
ENSMMUG00000047462	0
ENSMMUG00000022584	0
ENSMMUG00000064593	0
ENSMMUG00000027017	0
ENSMMUG00000050801	0
ENSMMUG00000054222	0
ENSMMUG00000036424	0
ENSMMUG00000033323	0
ENSMMUG00000051865	0
ENSMMUG00000059416	0
ENSMMUG00000027151	0
ENSMMUG00000065096	0
ENSMMUG00000061618	0
ENSMMUG00000026584	0
ENSMMUG00000020513	1
ENSMMUG00000056042	0
ENSMMUG00000023060	0
ENSMMUG00000045093	1
ENSMMUG00000057679	0
ENSMMUG00000048382	17
ENSMMUG00000016492	0
ENSMMUG00000052170	0
ENSMMUG00000042128	0
ENSMMUG00000056450	0
ENSMMUG00000052575	0
ENSMMUG00000000378	3
ENSMMUG00000025261	0
ENSMMUG00000049267	0
ENSMMUG00000060192	0
ENSMMUG00000015238	20
ENSMMUG00000048967	0
ENSMMUG00000020515	0
ENSMMUG00000017336	7
ENSMMUG00000011469	0
ENSMMUG00000032424	0
ENSMMUG00000017783	0
ENSMMUG00000061236	0
ENSMMUG00000053151	1
ENSMMUG00000052551	0
ENSMMUG00000056738	0
ENSMMUG00000054849	0
ENSMMUG00000065194	0
ENSMMUG00000004744	0
ENSMMUG00000041157	2
ENSMMUG00000064397	0
ENSMMUG00000026869	0
ENSMMUG00000026932	0
ENSMMUG00000033051	0
ENSMMUG00000051143	0
ENSMMUG00000002986	0
ENSMMUG00000054641	0
ENSMMUG00000002292	0
ENSMMUG00000026370	0
ENSMMUG00000060275	0
ENSMMUG00000019663	6
ENSMMUG00000003897	2
ENSMMUG00000052427	0
ENSMMUG00000058401	0
ENSMMUG00000054387	0
ENSMMUG00000049666	0
ENSMMUG00000023018	3
ENSMMUG00000023016	3
ENSMMUG00000019546	0
ENSMMUG00000051584	0
ENSMMUG00000057620	0
ENSMMUG00000025425	0
ENSMMUG00000054993	2
ENSMMUG00000017423	23
ENSMMUG00000017428	93
ENSMMUG00000014002	55
ENSMMUG00000016608	20
ENSMMUG00000050914	0
ENSMMUG00000035367	0
ENSMMUG00000008566	0
ENSMMUG00000034053	0
ENSMMUG00000059715	0
ENSMMUG00000010404	5
ENSMMUG00000057362	6
ENSMMUG00000058454	0
ENSMMUG00000061114	0
ENSMMUG00000055620	0
ENSMMUG00000011418	42
ENSMMUG00000041241	0
ENSMMUG00000063345	0
ENSMMUG00000053422	0
ENSMMUG00000061739	0
ENSMMUG00000056129	0
ENSMMUG00000063417	0
ENSMMUG00000049377	0
ENSMMUG00000059736	0
ENSMMUG00000004924	3
ENSMMUG00000061627	0
ENSMMUG00000034355	0
ENSMMUG00000056421	0
ENSMMUG00000010137	0
ENSMMUG00000011774	8
ENSMMUG00000004712	14
ENSMMUG00000019999	0
ENSMMUG00000010139	14
ENSMMUG00000058207	0
ENSMMUG00000054376	0
ENSMMUG00000020000	5
ENSMMUG00000021275	0
ENSMMUG00000034131	0
ENSMMUG00000017711	0
ENSMMUG00000053229	0
ENSMMUG00000064573	0
ENSMMUG00000052512	0
ENSMMUG00000051330	0
ENSMMUG00000058543	0
ENSMMUG00000060548	0
ENSMMUG00000054226	0
ENSMMUG00000052488	0
ENSMMUG00000039544	0
ENSMMUG00000061102	0
ENSMMUG00000059114	0
ENSMMUG00000063781	0
ENSMMUG00000054742	0
ENSMMUG00000049881	0
ENSMMUG00000018517	0
ENSMMUG00000054369	0
ENSMMUG00000045717	0
ENSMMUG00000054195	0
ENSMMUG00000058176	0
ENSMMUG00000039375	0
ENSMMUG00000007466	0
ENSMMUG00000050781	0
ENSMMUG00000065227	0
ENSMMUG00000042039	0
ENSMMUG00000007467	0
ENSMMUG00000023361	0
ENSMMUG00000056074	0
ENSMMUG00000064162	0
ENSMMUG00000007474	0
ENSMMUG00000064747	0
ENSMMUG00000023464	4
ENSMMUG00000061848	0
ENSMMUG00000062195	0
ENSMMUG00000060700	0
ENSMMUG00000016120	8
ENSMMUG00000062558	0
ENSMMUG00000049842	0
ENSMMUG00000009123	0
ENSMMUG00000050953	0
ENSMMUG00000061801	0
ENSMMUG00000014721	17
ENSMMUG00000062322	0
ENSMMUG00000040877	0
ENSMMUG00000002032	6
ENSMMUG00000054451	0
ENSMMUG00000014725	0
ENSMMUG00000052334	0
ENSMMUG00000029037	0
ENSMMUG00000017580	0
ENSMMUG00000053156	0
ENSMMUG00000029035	0
ENSMMUG00000020725	2
ENSMMUG00000017581	0
ENSMMUG00000029034	0
ENSMMUG00000033063	0
ENSMMUG00000014518	0
ENSMMUG00000014726	22
ENSMMUG00000061184	0
ENSMMUG00000064354	0
ENSMMUG00000053659	0
ENSMMUG00000057112	0
ENSMMUG00000027265	0
ENSMMUG00000033449	0
ENSMMUG00000046389	15
ENSMMUG00000002068	1
ENSMMUG00000014519	2
ENSMMUG00000008635	1
ENSMMUG00000019212	170
ENSMMUG00000014786	37
ENSMMUG00000006663	3
ENSMMUG00000054351	97
ENSMMUG00000063095	0
ENSMMUG00000004846	0
ENSMMUG00000006664	0
ENSMMUG00000060332	0
ENSMMUG00000019209	2
ENSMMUG00000063301	0
ENSMMUG00000054823	3
ENSMMUG00000016485	0
ENSMMUG00000061241	0
ENSMMUG00000004011	4
ENSMMUG00000005870	4
ENSMMUG00000000266	0
ENSMMUG00000019208	0
ENSMMUG00000004296	0
ENSMMUG00000063531	0
ENSMMUG00000053962	0
ENSMMUG00000024448	0
ENSMMUG00000005631	0
ENSMMUG00000050392	0
ENSMMUG00000019206	0
ENSMMUG00000013017	57
ENSMMUG00000049401	24
ENSMMUG00000063764	0
ENSMMUG00000004903	1
ENSMMUG00000021191	3
ENSMMUG00000062330	0
ENSMMUG00000029032	0
ENSMMUG00000010963	4
ENSMMUG00000013022	14
ENSMMUG00000050140	0
ENSMMUG00000053238	0
ENSMMUG00000033888	0
ENSMMUG00000063525	0
ENSMMUG00000057151	0
ENSMMUG00000061302	3
ENSMMUG00000056538	0
ENSMMUG00000046825	0
ENSMMUG00000064863	0
ENSMMUG00000010891	36
ENSMMUG00000013392	0
ENSMMUG00000035708	0
ENSMMUG00000019149	127
ENSMMUG00000065011	0
ENSMMUG00000057098	82
ENSMMUG00000057685	0
ENSMMUG00000049102	0
ENSMMUG00000061259	0
ENSMMUG00000063044	8
ENSMMUG00000051364	0
ENSMMUG00000014431	0
ENSMMUG00000064286	0
ENSMMUG00000019646	3
ENSMMUG00000014702	4
ENSMMUG00000013396	0
ENSMMUG00000014432	1
ENSMMUG00000059519	6
ENSMMUG00000062806	0
ENSMMUG00000028504	0
ENSMMUG00000013028	0
ENSMMUG00000019481	0
ENSMMUG00000015144	8
ENSMMUG00000008351	22
ENSMMUG00000002788	0
ENSMMUG00000013029	0
ENSMMUG00000065244	0
ENSMMUG00000062432	0
ENSMMUG00000054283	0
ENSMMUG00000062841	0
ENSMMUG00000002594	25
ENSMMUG00000013031	19
ENSMMUG00000048066	18
ENSMMUG00000065153	0
ENSMMUG00000056864	15
ENSMMUG00000060376	0
ENSMMUG00000045045	0
ENSMMUG00000038885	0
ENSMMUG00000005828	0
ENSMMUG00000050370	0
ENSMMUG00000051185	0
ENSMMUG00000061227	0
ENSMMUG00000002595	50
ENSMMUG00000020794	0
ENSMMUG00000023115	13
ENSMMUG00000020185	18
ENSMMUG00000056159	0
ENSMMUG00000002599	0
ENSMMUG00000002601	0
ENSMMUG00000020186	16
ENSMMUG00000057799	0
ENSMMUG00000062994	0
ENSMMUG00000053488	8
ENSMMUG00000051805	0
ENSMMUG00000061720	0
ENSMMUG00000051836	0
ENSMMUG00000056599	0
ENSMMUG00000002607	20
ENSMMUG00000039125	0
ENSMMUG00000063923	0
ENSMMUG00000063071	0
ENSMMUG00000057030	0
ENSMMUG00000013032	1
ENSMMUG00000000163	0
ENSMMUG00000056085	0
ENSMMUG00000005557	8
ENSMMUG00000046567	0
ENSMMUG00000026995	0
ENSMMUG00000056180	0
ENSMMUG00000049973	0
ENSMMUG00000023226	22
ENSMMUG00000045043	0
ENSMMUG00000064084	0
ENSMMUG00000058797	0
ENSMMUG00000052557	0
ENSMMUG00000028999	2
ENSMMUG00000052651	0
ENSMMUG00000005363	16
ENSMMUG00000057074	0
ENSMMUG00000064526	0
ENSMMUG00000026033	0
ENSMMUG00000016375	0
ENSMMUG00000045021	11
ENSMMUG00000013516	0
ENSMMUG00000014438	0
ENSMMUG00000005558	0
ENSMMUG00000056740	0
ENSMMUG00000019866	16
ENSMMUG00000065332	0
ENSMMUG00000059763	0
ENSMMUG00000057448	1
ENSMMUG00000005561	1
ENSMMUG00000050007	3
ENSMMUG00000056225	1
ENSMMUG00000061382	0
ENSMMUG00000064935	0
ENSMMUG00000025355	0
ENSMMUG00000061322	0
ENSMMUG00000006710	0
ENSMMUG00000054755	8
ENSMMUG00000035898	0
ENSMMUG00000028324	0
ENSMMUG00000063243	0
ENSMMUG00000051797	0
ENSMMUG00000027116	0
ENSMMUG00000008045	10
ENSMMUG00000064929	0
ENSMMUG00000004568	0
ENSMMUG00000015490	0
ENSMMUG00000021157	0
ENSMMUG00000015491	2
ENSMMUG00000047716	0
ENSMMUG00000007068	3
ENSMMUG00000020010	0
ENSMMUG00000051636	0
ENSMMUG00000064789	0
ENSMMUG00000062934	8
ENSMMUG00000005659	0
ENSMMUG00000064351	0
ENSMMUG00000016195	0
ENSMMUG00000002296	0
ENSMMUG00000055270	0
ENSMMUG00000049855	0
ENSMMUG00000050268	0
ENSMMUG00000053137	0
ENSMMUG00000052407	0
ENSMMUG00000061159	0
ENSMMUG00000015493	7
ENSMMUG00000051983	0
ENSMMUG00000065188	0
ENSMMUG00000058378	0
ENSMMUG00000056333	2
ENSMMUG00000012981	0
ENSMMUG00000017713	47
ENSMMUG00000062368	0
ENSMMUG00000015494	43
ENSMMUG00000017992	0
ENSMMUG00000035173	0
ENSMMUG00000014442	6
ENSMMUG00000025594	0
ENSMMUG00000025908	0
ENSMMUG00000014445	22
ENSMMUG00000047028	16
ENSMMUG00000001872	0
ENSMMUG00000021112	0
ENSMMUG00000002336	13
ENSMMUG00000047440	0
ENSMMUG00000026396	0
ENSMMUG00000021113	0
ENSMMUG00000033622	0
ENSMMUG00000006049	0
ENSMMUG00000001873	87
ENSMMUG00000037751	1
ENSMMUG00000018520	10
ENSMMUG00000044812	17
ENSMMUG00000006050	3
ENSMMUG00000034868	0
ENSMMUG00000064165	0
ENSMMUG00000058752	2
ENSMMUG00000058362	0
ENSMMUG00000051484	0
ENSMMUG00000061437	0
ENSMMUG00000020467	1
ENSMMUG00000003535	0
ENSMMUG00000005356	0
ENSMMUG00000001878	15
ENSMMUG00000057219	11
ENSMMUG00000021991	58
ENSMMUG00000014802	0
ENSMMUG00000003538	13
ENSMMUG00000034343	0
ENSMMUG00000005358	0
ENSMMUG00000021994	11
ENSMMUG00000058396	0
ENSMMUG00000034699	0
ENSMMUG00000050614	0
ENSMMUG00000018345	0
ENSMMUG00000051906	0
ENSMMUG00000050490	0
ENSMMUG00000004229	0
ENSMMUG00000028923	0
ENSMMUG00000064817	0
ENSMMUG00000051367	0
ENSMMUG00000049337	0
ENSMMUG00000052501	0
ENSMMUG00000029026	0
ENSMMUG00000050868	0
ENSMMUG00000039907	0
ENSMMUG00000013149	179
ENSMMUG00000007540	4
ENSMMUG00000022303	1
ENSMMUG00000047542	0
ENSMMUG00000023778	531
ENSMMUG00000003542	5
ENSMMUG00000045492	0
ENSMMUG00000064591	0
ENSMMUG00000059238	0
ENSMMUG00000048076	7
ENSMMUG00000053266	0
ENSMMUG00000001153	5
ENSMMUG00000057945	2627
ENSMMUG00000054878	0
ENSMMUG00000059929	0
ENSMMUG00000061712	0
ENSMMUG00000021759	14
ENSMMUG00000014947	0
ENSMMUG00000063484	0
ENSMMUG00000054991	2
ENSMMUG00000050530	0
ENSMMUG00000013151	204
ENSMMUG00000050589	0
ENSMMUG00000053001	0
ENSMMUG00000053228	0
ENSMMUG00000007542	7
ENSMMUG00000019414	26
ENSMMUG00000049866	0
ENSMMUG00000054106	0
ENSMMUG00000026854	0
ENSMMUG00000050894	0
ENSMMUG00000053718	0
ENSMMUG00000028040	0
ENSMMUG00000044796	9
ENSMMUG00000016653	25
ENSMMUG00000054888	0
ENSMMUG00000051490	0
ENSMMUG00000046772	6
ENSMMUG00000015347	78
ENSMMUG00000060062	0
ENSMMUG00000001151	17
ENSMMUG00000053247	0
ENSMMUG00000057234	0
ENSMMUG00000057040	0
ENSMMUG00000051362	0
ENSMMUG00000059425	0
ENSMMUG00000050152	0
ENSMMUG00000064506	0
ENSMMUG00000047109	2
ENSMMUG00000062518	0
ENSMMUG00000050207	0
ENSMMUG00000032704	0
ENSMMUG00000051434	0
ENSMMUG00000016655	13
ENSMMUG00000041416	0
ENSMMUG00000014183	2
ENSMMUG00000016496	0
ENSMMUG00000062531	0
ENSMMUG00000056749	0
ENSMMUG00000051700	0
ENSMMUG00000050549	0
ENSMMUG00000009796	0
ENSMMUG00000065198	0
ENSMMUG00000027072	0
ENSMMUG00000060038	0
ENSMMUG00000008804	7
ENSMMUG00000059137	0
ENSMMUG00000008808	3
ENSMMUG00000016658	4
ENSMMUG00000013578	0
ENSMMUG00000000573	2
ENSMMUG00000050202	0
ENSMMUG00000059680	0
ENSMMUG00000033023	0
ENSMMUG00000000963	67
ENSMMUG00000023342	0
ENSMMUG00000042698	0
ENSMMUG00000054404	6
ENSMMUG00000003878	11
ENSMMUG00000058134	0
ENSMMUG00000013579	10
ENSMMUG00000057720	0
ENSMMUG00000062721	11
ENSMMUG00000026681	0
ENSMMUG00000055454	0
ENSMMUG00000060329	0
ENSMMUG00000061917	0
ENSMMUG00000049586	0
ENSMMUG00000064734	0
ENSMMUG00000019392	16
ENSMMUG00000064718	0
ENSMMUG00000047024	0
ENSMMUG00000028901	0
ENSMMUG00000015487	22
ENSMMUG00000024008	0
ENSMMUG00000053810	6
ENSMMUG00000014210	13
ENSMMUG00000015360	1
ENSMMUG00000037358	0
ENSMMUG00000056356	0
ENSMMUG00000054178	0
ENSMMUG00000061844	0
ENSMMUG00000020095	0
ENSMMUG00000055363	0
ENSMMUG00000020987	8
ENSMMUG00000058191	0
ENSMMUG00000055656	0
ENSMMUG00000020863	0
ENSMMUG00000062257	0
ENSMMUG00000025615	0
ENSMMUG00000019337	0
ENSMMUG00000046056	0
ENSMMUG00000051070	0
ENSMMUG00000053293	0
ENSMMUG00000051948	0
ENSMMUG00000053837	0
ENSMMUG00000050299	0
ENSMMUG00000062902	0
ENSMMUG00000036815	0
ENSMMUG00000051137	0
ENSMMUG00000063568	0
ENSMMUG00000008223	0
ENSMMUG00000052421	0
ENSMMUG00000054431	0
ENSMMUG00000051396	0
ENSMMUG00000059617	0
ENSMMUG00000041901	0
ENSMMUG00000002628	0
ENSMMUG00000001432	8
ENSMMUG00000041736	0
ENSMMUG00000048476	0
ENSMMUG00000002626	0
ENSMMUG00000038208	0
ENSMMUG00000019877	0
ENSMMUG00000027680	0
ENSMMUG00000002625	0
ENSMMUG00000008926	13
ENSMMUG00000000165	1
ENSMMUG00000060771	0
ENSMMUG00000007694	6
ENSMMUG00000057165	0
ENSMMUG00000062642	0
ENSMMUG00000018519	0
ENSMMUG00000049486	0
ENSMMUG00000052962	0
ENSMMUG00000022452	3
ENSMMUG00000061707	0
ENSMMUG00000020072	9
ENSMMUG00000049566	0
ENSMMUG00000028899	0
ENSMMUG00000019458	0
ENSMMUG00000042112	0
ENSMMUG00000018303	0
ENSMMUG00000050706	0
ENSMMUG00000041404	35
ENSMMUG00000060008	0
ENSMMUG00000056230	0
ENSMMUG00000065107	0
ENSMMUG00000013631	0
ENSMMUG00000000959	0
ENSMMUG00000061511	0
ENSMMUG00000015497	3
ENSMMUG00000050257	0
ENSMMUG00000062255	0
ENSMMUG00000057496	5
ENSMMUG00000062307	2
ENSMMUG00000064147	0
ENSMMUG00000007115	0
ENSMMUG00000054806	0
ENSMMUG00000057141	0
ENSMMUG00000061197	0
ENSMMUG00000054586	0
ENSMMUG00000006370	0
ENSMMUG00000054747	0
ENSMMUG00000005920	0
ENSMMUG00000051080	0
ENSMMUG00000021680	0
ENSMMUG00000052632	0
ENSMMUG00000006380	0
ENSMMUG00000016385	11
ENSMMUG00000006381	1
ENSMMUG00000013741	0
ENSMMUG00000054822	0
ENSMMUG00000042006	0
ENSMMUG00000054671	0
ENSMMUG00000020073	0
ENSMMUG00000014383	0
ENSMMUG00000047485	6
ENSMMUG00000024764	0
ENSMMUG00000058389	0
ENSMMUG00000064281	9
ENSMMUG00000014890	1
ENSMMUG00000053292	0
ENSMMUG00000014891	0
ENSMMUG00000060252	0
ENSMMUG00000051693	0
ENSMMUG00000050227	0
ENSMMUG00000062142	0
ENSMMUG00000062276	0
ENSMMUG00000053642	0
ENSMMUG00000057050	0
ENSMMUG00000017815	1
ENSMMUG00000005710	0
ENSMMUG00000034782	0
ENSMMUG00000051835	0
ENSMMUG00000026829	0
ENSMMUG00000006307	1
ENSMMUG00000064440	0
ENSMMUG00000060948	0
ENSMMUG00000056926	0
ENSMMUG00000000129	0
ENSMMUG00000028952	0
ENSMMUG00000058330	10
ENSMMUG00000000130	21
ENSMMUG00000059348	0
ENSMMUG00000022185	0
ENSMMUG00000006308	0
ENSMMUG00000061280	0
ENSMMUG00000024821	0
ENSMMUG00000002811	0
ENSMMUG00000017889	0
ENSMMUG00000060521	0
ENSMMUG00000052856	0
ENSMMUG00000001751	0
ENSMMUG00000054349	0
ENSMMUG00000028699	0
ENSMMUG00000063555	0
ENSMMUG00000022186	9
ENSMMUG00000028701	0
ENSMMUG00000016124	0
ENSMMUG00000013193	4
ENSMMUG00000060991	0
ENSMMUG00000046159	0
ENSMMUG00000058682	0
ENSMMUG00000055409	0
ENSMMUG00000058939	0
ENSMMUG00000004411	0
ENSMMUG00000051248	0
ENSMMUG00000002781	0
ENSMMUG00000046186	0
ENSMMUG00000050072	0
ENSMMUG00000060887	0
ENSMMUG00000061412	0
ENSMMUG00000003347	3
ENSMMUG00000024077	0
ENSMMUG00000058146	0
ENSMMUG00000054031	0
ENSMMUG00000055726	0
ENSMMUG00000057592	2
ENSMMUG00000050509	0
ENSMMUG00000001653	2
ENSMMUG00000008439	0
ENSMMUG00000001655	9
ENSMMUG00000046641	0
ENSMMUG00000061460	0
ENSMMUG00000064054	0
ENSMMUG00000058679	0
ENSMMUG00000060043	0
ENSMMUG00000053213	0
ENSMMUG00000000507	0
ENSMMUG00000058485	0
ENSMMUG00000002740	0
ENSMMUG00000036719	0
ENSMMUG00000054815	0
ENSMMUG00000046685	0
ENSMMUG00000064683	0
ENSMMUG00000051817	5
ENSMMUG00000022369	6
ENSMMUG00000042459	0
ENSMMUG00000040527	0
ENSMMUG00000009990	9
ENSMMUG00000045178	0
ENSMMUG00000051824	0
ENSMMUG00000028468	0
ENSMMUG00000054136	0
ENSMMUG00000026131	0
ENSMMUG00000025988	0
ENSMMUG00000008438	13
ENSMMUG00000037814	0
ENSMMUG00000025250	0
ENSMMUG00000061163	0
ENSMMUG00000038421	0
ENSMMUG00000057574	0
ENSMMUG00000009969	7
ENSMMUG00000014601	8
ENSMMUG00000062103	0
ENSMMUG00000055843	0
ENSMMUG00000034106	0
ENSMMUG00000033038	0
ENSMMUG00000050863	0
ENSMMUG00000041898	0
ENSMMUG00000024276	0
ENSMMUG00000053576	0
ENSMMUG00000064866	3
ENSMMUG00000059806	0
ENSMMUG00000065256	0
ENSMMUG00000057344	0
ENSMMUG00000044413	0
ENSMMUG00000060708	0
ENSMMUG00000064438	0
ENSMMUG00000063507	0
ENSMMUG00000055042	0
ENSMMUG00000052804	0
ENSMMUG00000014830	0
ENSMMUG00000057267	0
ENSMMUG00000020909	0
ENSMMUG00000062566	0
ENSMMUG00000065247	0
ENSMMUG00000063928	0
ENSMMUG00000054960	0
ENSMMUG00000027220	0
ENSMMUG00000055361	3
ENSMMUG00000049426	0
ENSMMUG00000018500	1
ENSMMUG00000059842	0
ENSMMUG00000061203	25
ENSMMUG00000065102	73
ENSMMUG00000022933	19
ENSMMUG00000059932	0
ENSMMUG00000033055	0
ENSMMUG00000010939	0
ENSMMUG00000005317	0
ENSMMUG00000028974	6
ENSMMUG00000011263	3
ENSMMUG00000051833	1
ENSMMUG00000058733	15
ENSMMUG00000005318	0
ENSMMUG00000055289	0
ENSMMUG00000064813	0
ENSMMUG00000001100	0
ENSMMUG00000007909	0
ENSMMUG00000062503	0
ENSMMUG00000011262	0
ENSMMUG00000015978	18
ENSMMUG00000064769	0
ENSMMUG00000001633	13
ENSMMUG00000006543	0
ENSMMUG00000054167	0
ENSMMUG00000010354	2
ENSMMUG00000001639	0
ENSMMUG00000058642	0
ENSMMUG00000000639	0
ENSMMUG00000017296	1
ENSMMUG00000055757	0
ENSMMUG00000053994	0
ENSMMUG00000003348	0
ENSMMUG00000057926	0
ENSMMUG00000001641	2
ENSMMUG00000045173	0
ENSMMUG00000001516	6
ENSMMUG00000065157	0
ENSMMUG00000017297	9
ENSMMUG00000021585	0
ENSMMUG00000056605	0
ENSMMUG00000058626	0
ENSMMUG00000001645	59
ENSMMUG00000008028	5
ENSMMUG00000056084	0
ENSMMUG00000021586	0
ENSMMUG00000057537	0
ENSMMUG00000012513	4
ENSMMUG00000062631	0
ENSMMUG00000050734	0
ENSMMUG00000010971	0
ENSMMUG00000010180	3
ENSMMUG00000045333	0
ENSMMUG00000007429	0
ENSMMUG00000021587	0
ENSMMUG00000024307	0
ENSMMUG00000028474	0
ENSMMUG00000054336	0
ENSMMUG00000060826	0
ENSMMUG00000026461	0
ENSMMUG00000000886	21
ENSMMUG00000063325	0
ENSMMUG00000007576	0
ENSMMUG00000000887	2
ENSMMUG00000010179	0
ENSMMUG00000052953	0
ENSMMUG00000006437	0
ENSMMUG00000043605	0
ENSMMUG00000060833	0
ENSMMUG00000012043	0
ENSMMUG00000014668	12
ENSMMUG00000014664	9
ENSMMUG00000022419	0
ENSMMUG00000024515	0
ENSMMUG00000055940	0
ENSMMUG00000010748	1
ENSMMUG00000049278	0
ENSMMUG00000056803	0
ENSMMUG00000037723	0
ENSMMUG00000013974	1
ENSMMUG00000017038	38
ENSMMUG00000064385	0
ENSMMUG00000051967	13
ENSMMUG00000016714	10
ENSMMUG00000051903	0
ENSMMUG00000062261	0
ENSMMUG00000058369	0
ENSMMUG00000055537	0
ENSMMUG00000037123	0
ENSMMUG00000029018	0
ENSMMUG00000058943	0
ENSMMUG00000010151	0
ENSMMUG00000064035	0
ENSMMUG00000020612	16
ENSMMUG00000048146	0
ENSMMUG00000064249	0
ENSMMUG00000013770	0
ENSMMUG00000015345	0
ENSMMUG00000014257	0
ENSMMUG00000010582	0
ENSMMUG00000062955	0
ENSMMUG00000054435	0
ENSMMUG00000060658	0
ENSMMUG00000011584	23
ENSMMUG00000024653	0
ENSMMUG00000051449	0
ENSMMUG00000058591	0
ENSMMUG00000040545	0
ENSMMUG00000049472	0
ENSMMUG00000023208	1
ENSMMUG00000026853	0
ENSMMUG00000015348	14
ENSMMUG00000061738	0
ENSMMUG00000032825	0
ENSMMUG00000023210	15
ENSMMUG00000053415	0
ENSMMUG00000021153	3
ENSMMUG00000001187	0
ENSMMUG00000060037	0
ENSMMUG00000043699	0
ENSMMUG00000064608	0
ENSMMUG00000000965	31
ENSMMUG00000062163	14
ENSMMUG00000005141	214
ENSMMUG00000050149	0
ENSMMUG00000015585	24
ENSMMUG00000034141	0
ENSMMUG00000055420	0
ENSMMUG00000020598	0
ENSMMUG00000053025	11
ENSMMUG00000005143	0
ENSMMUG00000057609	0
ENSMMUG00000052285	0
ENSMMUG00000049428	0
ENSMMUG00000011105	13
ENSMMUG00000013552	41
ENSMMUG00000055503	0
ENSMMUG00000059091	0
ENSMMUG00000049695	0
ENSMMUG00000015588	16
ENSMMUG00000005760	6
ENSMMUG00000043506	0
ENSMMUG00000050261	0
ENSMMUG00000052912	0
ENSMMUG00000007764	3
ENSMMUG00000021588	0
ENSMMUG00000040973	22
ENSMMUG00000055653	0
ENSMMUG00000063328	0
ENSMMUG00000027214	0
ENSMMUG00000059443	12
ENSMMUG00000057265	0
ENSMMUG00000063698	0
ENSMMUG00000061544	1
ENSMMUG00000041905	1
ENSMMUG00000065255	0
ENSMMUG00000000208	0
ENSMMUG00000025513	0
ENSMMUG00000025789	0
ENSMMUG00000054761	0
ENSMMUG00000050623	0
ENSMMUG00000008867	9
ENSMMUG00000013558	97
ENSMMUG00000055393	0
ENSMMUG00000055693	0
ENSMMUG00000009470	0
ENSMMUG00000044001	0
ENSMMUG00000059017	0
ENSMMUG00000052548	0
ENSMMUG00000059429	0
ENSMMUG00000049921	0
ENSMMUG00000023907	0
ENSMMUG00000003177	0
ENSMMUG00000028881	2
ENSMMUG00000003178	0
ENSMMUG00000052821	0
ENSMMUG00000008774	30
ENSMMUG00000062436	23
ENSMMUG00000056298	0
ENSMMUG00000012145	7
ENSMMUG00000014308	8
ENSMMUG00000055078	0
ENSMMUG00000058279	0
ENSMMUG00000009472	4
ENSMMUG00000038942	0
ENSMMUG00000062913	0
ENSMMUG00000033970	0
ENSMMUG00000027796	0
ENSMMUG00000023646	20
ENSMMUG00000013379	193
ENSMMUG00000059825	0
ENSMMUG00000006281	29
ENSMMUG00000034741	0
ENSMMUG00000016708	7
ENSMMUG00000028891	0
ENSMMUG00000008777	49
ENSMMUG00000053362	0
ENSMMUG00000060041	0
ENSMMUG00000051921	1
ENSMMUG00000042420	0
ENSMMUG00000013408	0
ENSMMUG00000064889	0
ENSMMUG00000012718	21
ENSMMUG00000062105	0
ENSMMUG00000058938	2
ENSMMUG00000060983	0
ENSMMUG00000014423	3
ENSMMUG00000064333	0
ENSMMUG00000011550	33
ENSMMUG00000049466	0
ENSMMUG00000040196	0
ENSMMUG00000047166	0
ENSMMUG00000022087	4
ENSMMUG00000002108	0
ENSMMUG00000056685	0
ENSMMUG00000055650	0
ENSMMUG00000023112	0
ENSMMUG00000033233	0
ENSMMUG00000056210	0
ENSMMUG00000063093	16
ENSMMUG00000060509	0
ENSMMUG00000009500	0
ENSMMUG00000063793	0
ENSMMUG00000011549	22
ENSMMUG00000054947	0
ENSMMUG00000011548	9
ENSMMUG00000047354	0
ENSMMUG00000047773	0
ENSMMUG00000059181	0
ENSMMUG00000064525	0
ENSMMUG00000049729	0
ENSMMUG00000000388	525
ENSMMUG00000055327	0
ENSMMUG00000018670	0
ENSMMUG00000013742	0
ENSMMUG00000061014	0
ENSMMUG00000005876	0
ENSMMUG00000064857	0
ENSMMUG00000060575	74
ENSMMUG00000016080	1
ENSMMUG00000037475	0
ENSMMUG00000013675	27
ENSMMUG00000063207	0
ENSMMUG00000049782	0
ENSMMUG00000016082	3
ENSMMUG00000010092	0
ENSMMUG00000016084	15
ENSMMUG00000014424	5
ENSMMUG00000054513	0
ENSMMUG00000054014	0
ENSMMUG00000009144	0
ENSMMUG00000058708	0
ENSMMUG00000053060	0
ENSMMUG00000019159	8
ENSMMUG00000058039	0
ENSMMUG00000056742	0
ENSMMUG00000000449	0
ENSMMUG00000055148	0
ENSMMUG00000012531	18
ENSMMUG00000000451	0
ENSMMUG00000025206	0
ENSMMUG00000065334	29
ENSMMUG00000058421	0
ENSMMUG00000013676	13
ENSMMUG00000052489	0
ENSMMUG00000061932	0
ENSMMUG00000033180	0
ENSMMUG00000004008	0
ENSMMUG00000061369	0
ENSMMUG00000009755	0
ENSMMUG00000061246	0
ENSMMUG00000059779	0
ENSMMUG00000058738	0
ENSMMUG00000004009	4
ENSMMUG00000054577	0
ENSMMUG00000044618	0
ENSMMUG00000013775	1
ENSMMUG00000059513	0
ENSMMUG00000048376	0
ENSMMUG00000006729	5
ENSMMUG00000013777	12
ENSMMUG00000004918	2
ENSMMUG00000005155	0
ENSMMUG00000006103	16
ENSMMUG00000023015	0
ENSMMUG00000056202	4
ENSMMUG00000041153	0
ENSMMUG00000041073	0
ENSMMUG00000050147	2
ENSMMUG00000059575	0
ENSMMUG00000026545	0
ENSMMUG00000038661	0
ENSMMUG00000000975	0
ENSMMUG00000021514	0
ENSMMUG00000051525	0
ENSMMUG00000003018	0
ENSMMUG00000016023	1
ENSMMUG00000024070	0
ENSMMUG00000054169	0
ENSMMUG00000035068	0
ENSMMUG00000032988	0
ENSMMUG00000050527	62
ENSMMUG00000058500	0
ENSMMUG00000022326	1
ENSMMUG00000010440	0
ENSMMUG00000021515	1
ENSMMUG00000027123	0
ENSMMUG00000027064	0
ENSMMUG00000024240	0
ENSMMUG00000064381	0
ENSMMUG00000018815	96
ENSMMUG00000057482	0
ENSMMUG00000054374	0
ENSMMUG00000062757	0
ENSMMUG00000061730	0
ENSMMUG00000049279	0
ENSMMUG00000022248	1
ENSMMUG00000019958	1
ENSMMUG00000011040	0
ENSMMUG00000026087	0
ENSMMUG00000040070	0
ENSMMUG00000060139	0
ENSMMUG00000016186	12
ENSMMUG00000001091	15
ENSMMUG00000058310	0
ENSMMUG00000060194	0
ENSMMUG00000002774	0
ENSMMUG00000059569	15
ENSMMUG00000016187	0
ENSMMUG00000051005	0
ENSMMUG00000054757	0
ENSMMUG00000020326	0
ENSMMUG00000062031	0
ENSMMUG00000034903	0
ENSMMUG00000056458	0
ENSMMUG00000018706	0
ENSMMUG00000059362	4
ENSMMUG00000035747	0
ENSMMUG00000058367	0
ENSMMUG00000052367	0
ENSMMUG00000055056	0
ENSMMUG00000055674	0
ENSMMUG00000050137	30
ENSMMUG00000054540	0
ENSMMUG00000012559	15
ENSMMUG00000033077	0
ENSMMUG00000023352	0
ENSMMUG00000021516	29
ENSMMUG00000007161	22
ENSMMUG00000022044	129
ENSMMUG00000050319	4
ENSMMUG00000053596	0
ENSMMUG00000064531	0
ENSMMUG00000063824	0
ENSMMUG00000052803	0
ENSMMUG00000025133	0
ENSMMUG00000058150	0
ENSMMUG00000004386	0
ENSMMUG00000036662	0
ENSMMUG00000007152	423
ENSMMUG00000035686	0
ENSMMUG00000004573	0
ENSMMUG00000023408	116
ENSMMUG00000007342	0
ENSMMUG00000050990	0
ENSMMUG00000007149	52
ENSMMUG00000054706	0
ENSMMUG00000025474	0
ENSMMUG00000061687	0
ENSMMUG00000058924	0
ENSMMUG00000004387	12
ENSMMUG00000035669	0
ENSMMUG00000001040	0
ENSMMUG00000047643	0
ENSMMUG00000051402	0
ENSMMUG00000007155	113
ENSMMUG00000054088	0
ENSMMUG00000021517	66
ENSMMUG00000023274	10
ENSMMUG00000007157	0
ENSMMUG00000053037	0
ENSMMUG00000005067	9
ENSMMUG00000051088	0
ENSMMUG00000062487	6
ENSMMUG00000055519	0
ENSMMUG00000064844	0
ENSMMUG00000014717	24
ENSMMUG00000060251	0
ENSMMUG00000009958	7
ENSMMUG00000056404	0
ENSMMUG00000022476	0
ENSMMUG00000016016	8
ENSMMUG00000058106	0
ENSMMUG00000054347	0
ENSMMUG00000050518	0
ENSMMUG00000049293	0
ENSMMUG00000009952	0
ENSMMUG00000014716	11
ENSMMUG00000027816	0
ENSMMUG00000022478	50
ENSMMUG00000062333	0
ENSMMUG00000007151	0
ENSMMUG00000053040	0
ENSMMUG00000045425	0
ENSMMUG00000037508	0
ENSMMUG00000012560	0
ENSMMUG00000024016	0
ENSMMUG00000064490	0
ENSMMUG00000016018	0
ENSMMUG00000064221	0
ENSMMUG00000007479	0
ENSMMUG00000055934	0
ENSMMUG00000062069	0
ENSMMUG00000003435	20
ENSMMUG00000045821	0
ENSMMUG00000063726	0
ENSMMUG00000064292	0
ENSMMUG00000061745	0
ENSMMUG00000059464	0
ENSMMUG00000004064	0
ENSMMUG00000000892	0
ENSMMUG00000051369	0
ENSMMUG00000060762	7
ENSMMUG00000052475	0
ENSMMUG00000063170	0
ENSMMUG00000062070	0
ENSMMUG00000064656	0
ENSMMUG00000034608	0
ENSMMUG00000023475	0
ENSMMUG00000017786	34
ENSMMUG00000008783	9
ENSMMUG00000061939	0
ENSMMUG00000058777	0
ENSMMUG00000060738	0
ENSMMUG00000016019	0
ENSMMUG00000065310	0
ENSMMUG00000010152	18
ENSMMUG00000053131	0
ENSMMUG00000045300	0
ENSMMUG00000007480	0
ENSMMUG00000052470	0
ENSMMUG00000015647	0
ENSMMUG00000044908	0
ENSMMUG00000001087	0
ENSMMUG00000033986	0
ENSMMUG00000051729	0
ENSMMUG00000049797	0
ENSMMUG00000028472	0
ENSMMUG00000020283	29
ENSMMUG00000064462	0
ENSMMUG00000063500	0
ENSMMUG00000065046	0
ENSMMUG00000038290	0
ENSMMUG00000034269	0
ENSMMUG00000007486	0
ENSMMUG00000010189	0
ENSMMUG00000006489	44
ENSMMUG00000020284	0
ENSMMUG00000017700	8
ENSMMUG00000062788	0
ENSMMUG00000041944	0
ENSMMUG00000057070	0
ENSMMUG00000043484	0
ENSMMUG00000026317	0
ENSMMUG00000051951	0
ENSMMUG00000056417	0
ENSMMUG00000040636	0
ENSMMUG00000041834	0
ENSMMUG00000025460	0
ENSMMUG00000020285	17
ENSMMUG00000050254	0
ENSMMUG00000061889	0
ENSMMUG00000019723	14
ENSMMUG00000064310	0
ENSMMUG00000041072	0
ENSMMUG00000043850	0
ENSMMUG00000010190	12
ENSMMUG00000038977	0
ENSMMUG00000061278	0
ENSMMUG00000006943	9
ENSMMUG00000051219	0
ENSMMUG00000059257	0
ENSMMUG00000051162	2
ENSMMUG00000025572	0
ENSMMUG00000060954	0
ENSMMUG00000038015	0
ENSMMUG00000015417	0
ENSMMUG00000014724	42
ENSMMUG00000003591	11
ENSMMUG00000058283	0
ENSMMUG00000055677	0
ENSMMUG00000038318	0
ENSMMUG00000053114	0
ENSMMUG00000051999	0
ENSMMUG00000045410	7
ENSMMUG00000044714	0
ENSMMUG00000020995	3
ENSMMUG00000001338	0
ENSMMUG00000014728	46
ENSMMUG00000028933	0
ENSMMUG00000022511	13
ENSMMUG00000024660	0
ENSMMUG00000016022	6
ENSMMUG00000014981	10
ENSMMUG00000042191	0
ENSMMUG00000006037	0
ENSMMUG00000060321	0
ENSMMUG00000000825	60
ENSMMUG00000039391	0
ENSMMUG00000052668	0
ENSMMUG00000056131	0
ENSMMUG00000013157	0
ENSMMUG00000020996	0
ENSMMUG00000062360	0
ENSMMUG00000006033	11
ENSMMUG00000039515	13
ENSMMUG00000063896	0
ENSMMUG00000005539	2
ENSMMUG00000052189	0
ENSMMUG00000020765	3
ENSMMUG00000010244	37
ENSMMUG00000050102	0
ENSMMUG00000033780	13
ENSMMUG00000064253	0
ENSMMUG00000051150	0
ENSMMUG00000050988	0
ENSMMUG00000040361	21
ENSMMUG00000028886	0
ENSMMUG00000054423	0
ENSMMUG00000061802	0
ENSMMUG00000025039	0
ENSMMUG00000007374	5
ENSMMUG00000036516	0
ENSMMUG00000039114	0
ENSMMUG00000020766	51
ENSMMUG00000008051	0
ENSMMUG00000029010	0
ENSMMUG00000061314	0
ENSMMUG00000007368	0
ENSMMUG00000042098	0
ENSMMUG00000063192	0
ENSMMUG00000007370	6
ENSMMUG00000000082	0
ENSMMUG00000014640	0
ENSMMUG00000046122	0
ENSMMUG00000007376	15
ENSMMUG00000051746	13
ENSMMUG00000041378	0
ENSMMUG00000056672	0
ENSMMUG00000060856	0
ENSMMUG00000042020	0
ENSMMUG00000024387	8
ENSMMUG00000058285	0
ENSMMUG00000057734	0
ENSMMUG00000019398	0
ENSMMUG00000007380	46
ENSMMUG00000053391	0
ENSMMUG00000059621	0
ENSMMUG00000062108	0
ENSMMUG00000050508	0
ENSMMUG00000060473	0
ENSMMUG00000054050	0
ENSMMUG00000056251	0
ENSMMUG00000060272	0
ENSMMUG00000038671	0
ENSMMUG00000059961	39
ENSMMUG00000033381	0
ENSMMUG00000055091	0
ENSMMUG00000033757	0
ENSMMUG00000060114	0
ENSMMUG00000019399	0
ENSMMUG00000022134	0
ENSMMUG00000055579	0
ENSMMUG00000010638	0
ENSMMUG00000003154	0
ENSMMUG00000051564	0
ENSMMUG00000051374	0
ENSMMUG00000019402	5
ENSMMUG00000003733	0
ENSMMUG00000055000	0
ENSMMUG00000020667	30
ENSMMUG00000061001	1
ENSMMUG00000019404	34
ENSMMUG00000057858	0
ENSMMUG00000003137	0
ENSMMUG00000005477	0
ENSMMUG00000050940	0
ENSMMUG00000043403	0
ENSMMUG00000002655	6
ENSMMUG00000055150	0
ENSMMUG00000034564	0
ENSMMUG00000005478	0
ENSMMUG00000000200	0
ENSMMUG00000019304	36
ENSMMUG00000057767	0
ENSMMUG00000061722	0
ENSMMUG00000058606	0
ENSMMUG00000002659	10
ENSMMUG00000019405	0
ENSMMUG00000014149	0
ENSMMUG00000060491	0
ENSMMUG00000010197	1
ENSMMUG00000000346	0
ENSMMUG00000049727	0
ENSMMUG00000019306	0
ENSMMUG00000002661	5
ENSMMUG00000019407	1
ENSMMUG00000055116	0
ENSMMUG00000055870	0
ENSMMUG00000051867	0
ENSMMUG00000051492	0
ENSMMUG00000028137	0
ENSMMUG00000002663	0
ENSMMUG00000055121	0
ENSMMUG00000055268	0
ENSMMUG00000033173	0
ENSMMUG00000064437	0
ENSMMUG00000044836	0
ENSMMUG00000039862	0
ENSMMUG00000014143	15
ENSMMUG00000055587	0
ENSMMUG00000053276	68
ENSMMUG00000037214	0
ENSMMUG00000060642	0
ENSMMUG00000015236	0
ENSMMUG00000033750	0
ENSMMUG00000057375	0
ENSMMUG00000061732	0
ENSMMUG00000045757	0
ENSMMUG00000034978	0
ENSMMUG00000061268	0
ENSMMUG00000014144	0
ENSMMUG00000055920	0
ENSMMUG00000057832	0
ENSMMUG00000001635	26
ENSMMUG00000046464	2
ENSMMUG00000056390	0
ENSMMUG00000065342	0
ENSMMUG00000010199	0
ENSMMUG00000000776	0
ENSMMUG00000000943	16
ENSMMUG00000061068	0
ENSMMUG00000052895	0
ENSMMUG00000014810	4
ENSMMUG00000010200	23
ENSMMUG00000013735	6
ENSMMUG00000056412	0
ENSMMUG00000052791	0
ENSMMUG00000033670	0
ENSMMUG00000060305	0
ENSMMUG00000006775	0
ENSMMUG00000058320	0
ENSMMUG00000053355	0
ENSMMUG00000062506	0
ENSMMUG00000018428	0
ENSMMUG00000019082	8
ENSMMUG00000000458	7
ENSMMUG00000036341	0
ENSMMUG00000059347	0
ENSMMUG00000032787	0
ENSMMUG00000014650	3
ENSMMUG00000039223	0
ENSMMUG00000003204	16
ENSMMUG00000060081	0
ENSMMUG00000051556	0
ENSMMUG00000053023	0
ENSMMUG00000064702	24
ENSMMUG00000000459	8
ENSMMUG00000018860	8
ENSMMUG00000061394	0
ENSMMUG00000039030	5
ENSMMUG00000003212	38
ENSMMUG00000062392	1
ENSMMUG00000063888	13
ENSMMUG00000029011	21
ENSMMUG00000038767	0
ENSMMUG00000020819	9
ENSMMUG00000020821	0
ENSMMUG00000022654	2
ENSMMUG00000049838	0
ENSMMUG00000022655	2
ENSMMUG00000026651	0
ENSMMUG00000064818	0
ENSMMUG00000063894	0
ENSMMUG00000059106	0
ENSMMUG00000061674	0
ENSMMUG00000061408	0
ENSMMUG00000065346	0
ENSMMUG00000010760	0
ENSMMUG00000010761	0
ENSMMUG00000047441	0
ENSMMUG00000022789	2
ENSMMUG00000064495	0
ENSMMUG00000052440	0
ENSMMUG00000054357	0
ENSMMUG00000056520	0
ENSMMUG00000007721	0
ENSMMUG00000028941	0
ENSMMUG00000027430	0
ENSMMUG00000057083	0
ENSMMUG00000017845	0
ENSMMUG00000035916	0
ENSMMUG00000017850	23
ENSMMUG00000017745	0
ENSMMUG00000052964	0
ENSMMUG00000010744	0
ENSMMUG00000054660	0
ENSMMUG00000011359	0
ENSMMUG00000054603	0
ENSMMUG00000056214	0
ENSMMUG00000019260	5
ENSMMUG00000055146	0
ENSMMUG00000016221	0
ENSMMUG00000065220	0
ENSMMUG00000008734	0
ENSMMUG00000062231	0
ENSMMUG00000064914	0
ENSMMUG00000052928	0
ENSMMUG00000057736	0
ENSMMUG00000050601	0
ENSMMUG00000034574	0
ENSMMUG00000036275	0
ENSMMUG00000063527	0
ENSMMUG00000062275	0
ENSMMUG00000057961	0
ENSMMUG00000064878	0
ENSMMUG00000046089	0
ENSMMUG00000057989	0
ENSMMUG00000061856	0
ENSMMUG00000062007	0
ENSMMUG00000053916	22
ENSMMUG00000047299	0
ENSMMUG00000061179	0
ENSMMUG00000056041	0
ENSMMUG00000058398	0
ENSMMUG00000049568	0
ENSMMUG00000061403	10
ENSMMUG00000061710	0
ENSMMUG00000010813	7
ENSMMUG00000003014	0
ENSMMUG00000002473	0
ENSMMUG00000017115	0
ENSMMUG00000057199	0
ENSMMUG00000037275	0
ENSMMUG00000025147	0
ENSMMUG00000034837	0
ENSMMUG00000017119	3
ENSMMUG00000002724	0
ENSMMUG00000018270	0
ENSMMUG00000062214	0
ENSMMUG00000016063	0
ENSMMUG00000002469	0
ENSMMUG00000023282	4
ENSMMUG00000062344	9
ENSMMUG00000060532	0
ENSMMUG00000056816	0
ENSMMUG00000030466	0
ENSMMUG00000017120	0
ENSMMUG00000053579	0
ENSMMUG00000016064	0
ENSMMUG00000065177	0
ENSMMUG00000010907	0
ENSMMUG00000016067	11
ENSMMUG00000057597	0
ENSMMUG00000049676	0
ENSMMUG00000060085	0
ENSMMUG00000058514	0
ENSMMUG00000022443	21
ENSMMUG00000035913	0
ENSMMUG00000056614	0
ENSMMUG00000010908	13
ENSMMUG00000050534	0
ENSMMUG00000054835	0
ENSMMUG00000036103	0
ENSMMUG00000022508	15
ENSMMUG00000022445	24
ENSMMUG00000064930	0
ENSMMUG00000050561	0
ENSMMUG00000050907	0
ENSMMUG00000065313	0
ENSMMUG00000016069	0
ENSMMUG00000035965	0
ENSMMUG00000057745	0
ENSMMUG00000026014	0
ENSMMUG00000022358	1
ENSMMUG00000000958	0
ENSMMUG00000007575	0
ENSMMUG00000044315	0
ENSMMUG00000022363	0
ENSMMUG00000036554	0
ENSMMUG00000019891	10
ENSMMUG00000007578	0
ENSMMUG00000052060	1
ENSMMUG00000063267	0
ENSMMUG00000050337	0
ENSMMUG00000063588	0
ENSMMUG00000017443	24
ENSMMUG00000017446	0
ENSMMUG00000060664	0
ENSMMUG00000022364	0
ENSMMUG00000020657	0
ENSMMUG00000039016	0
ENSMMUG00000003193	79
ENSMMUG00000062993	0
ENSMMUG00000003015	2
ENSMMUG00000064809	0
ENSMMUG00000039727	0
ENSMMUG00000064760	3
ENSMMUG00000063443	0
ENSMMUG00000004930	16
ENSMMUG00000051216	0
ENSMMUG00000046971	8
ENSMMUG00000047277	14
ENSMMUG00000050345	0
ENSMMUG00000053996	0
ENSMMUG00000038262	0
ENSMMUG00000064701	0
ENSMMUG00000061080	0
ENSMMUG00000064104	0
ENSMMUG00000001290	0
ENSMMUG00000041515	0
ENSMMUG00000020736	0
ENSMMUG00000050291	0
ENSMMUG00000002711	0
ENSMMUG00000041067	0
ENSMMUG00000059146	0
ENSMMUG00000004938	5
ENSMMUG00000022366	21
ENSMMUG00000040958	0
ENSMMUG00000063444	0
ENSMMUG00000061100	0
ENSMMUG00000044214	5
ENSMMUG00000060386	0
ENSMMUG00000014817	0
ENSMMUG00000017943	13
ENSMMUG00000061175	0
ENSMMUG00000001700	2
ENSMMUG00000052894	0
ENSMMUG00000053348	21
ENSMMUG00000013180	12
ENSMMUG00000007864	0
ENSMMUG00000020660	11
ENSMMUG00000003802	6
ENSMMUG00000059847	0
ENSMMUG00000054543	0
ENSMMUG00000004935	18
ENSMMUG00000020661	0
ENSMMUG00000060255	1
ENSMMUG00000006713	10
ENSMMUG00000049912	0
ENSMMUG00000049691	0
ENSMMUG00000053413	0
ENSMMUG00000062119	0
ENSMMUG00000050741	0
ENSMMUG00000062701	0
ENSMMUG00000021805	0
ENSMMUG00000020663	0
ENSMMUG00000062598	0
ENSMMUG00000011620	1
ENSMMUG00000063440	0
ENSMMUG00000061205	0
ENSMMUG00000049588	0
ENSMMUG00000051477	0
ENSMMUG00000061776	0
ENSMMUG00000051888	0
ENSMMUG00000057584	0
ENSMMUG00000041447	0
ENSMMUG00000052764	0
ENSMMUG00000061371	0
ENSMMUG00000061153	0
ENSMMUG00000057148	0
ENSMMUG00000060525	0
ENSMMUG00000001694	0
ENSMMUG00000044077	0
ENSMMUG00000012741	6
ENSMMUG00000052897	0
ENSMMUG00000006087	0
ENSMMUG00000058183	0
ENSMMUG00000058101	0
ENSMMUG00000062274	0
ENSMMUG00000064169	0
ENSMMUG00000049879	0
ENSMMUG00000006089	3
ENSMMUG00000061842	0
ENSMMUG00000055605	0
ENSMMUG00000013182	20
ENSMMUG00000010696	37
ENSMMUG00000052816	0
ENSMMUG00000061234	0
ENSMMUG00000062982	0
ENSMMUG00000053106	0
ENSMMUG00000053431	0
ENSMMUG00000051581	0
ENSMMUG00000049982	0
ENSMMUG00000016370	9
ENSMMUG00000065350	0
ENSMMUG00000054337	0
ENSMMUG00000009810	0
ENSMMUG00000057407	0
ENSMMUG00000062348	0
ENSMMUG00000010528	6
ENSMMUG00000023033	2
ENSMMUG00000032713	0
ENSMMUG00000021308	27
ENSMMUG00000005404	0
ENSMMUG00000030590	0
ENSMMUG00000065217	0
ENSMMUG00000061552	0
ENSMMUG00000054367	0
ENSMMUG00000039880	0
ENSMMUG00000054752	0
ENSMMUG00000047658	0
ENSMMUG00000057150	0
ENSMMUG00000040316	0
ENSMMUG00000004397	0
ENSMMUG00000064239	0
ENSMMUG00000008900	0
ENSMMUG00000058649	0
ENSMMUG00000015141	0
ENSMMUG00000052370	0
ENSMMUG00000056524	0
ENSMMUG00000004234	0
ENSMMUG00000023034	17
ENSMMUG00000055604	0
ENSMMUG00000058601	0
ENSMMUG00000063398	0
ENSMMUG00000062698	0
ENSMMUG00000040267	0
ENSMMUG00000015453	26
ENSMMUG00000062905	0
ENSMMUG00000057121	0
ENSMMUG00000049683	0
ENSMMUG00000065147	0
ENSMMUG00000053765	0
ENSMMUG00000008268	62
ENSMMUG00000030465	20
ENSMMUG00000060883	0
ENSMMUG00000056500	0
ENSMMUG00000064787	3
ENSMMUG00000054044	0
ENSMMUG00000051705	0
ENSMMUG00000058788	0
ENSMMUG00000061613	0
ENSMMUG00000048654	0
ENSMMUG00000056810	0
ENSMMUG00000008994	94
ENSMMUG00000023038	0
ENSMMUG00000062286	0
ENSMMUG00000056047	0
ENSMMUG00000024837	0
ENSMMUG00000057853	0
ENSMMUG00000032848	0
ENSMMUG00000055704	0
ENSMMUG00000017077	0
ENSMMUG00000046418	0
ENSMMUG00000062101	0
ENSMMUG00000059615	0
ENSMMUG00000051380	0
ENSMMUG00000008289	1
ENSMMUG00000055915	0
ENSMMUG00000050645	0
ENSMMUG00000011624	0
ENSMMUG00000015143	25
ENSMMUG00000023035	0
ENSMMUG00000049626	0
ENSMMUG00000015471	0
ENSMMUG00000006324	0
ENSMMUG00000004778	6
ENSMMUG00000063350	0
ENSMMUG00000058434	0
ENSMMUG00000046481	6
ENSMMUG00000058985	0
ENSMMUG00000008291	8
ENSMMUG00000058108	0
ENSMMUG00000013836	0
ENSMMUG00000036729	0
ENSMMUG00000063918	0
ENSMMUG00000054491	0
ENSMMUG00000032904	0
ENSMMUG00000064269	0
ENSMMUG00000059681	0
ENSMMUG00000001462	0
ENSMMUG00000024540	0
ENSMMUG00000007445	0
ENSMMUG00000006326	30
ENSMMUG00000008294	8
ENSMMUG00000047021	0
ENSMMUG00000062315	0
ENSMMUG00000063852	2
ENSMMUG00000043184	0
ENSMMUG00000063441	0
ENSMMUG00000002787	0
ENSMMUG00000051311	0
ENSMMUG00000010741	7
ENSMMUG00000023760	9
ENSMMUG00000004596	8
ENSMMUG00000002786	0
ENSMMUG00000040590	0
ENSMMUG00000058414	0
ENSMMUG00000047229	0
ENSMMUG00000001374	445
ENSMMUG00000060577	0
ENSMMUG00000064530	0
ENSMMUG00000038973	0
ENSMMUG00000055974	0
ENSMMUG00000040600	0
ENSMMUG00000064808	0
ENSMMUG00000057196	0
ENSMMUG00000056321	0
ENSMMUG00000055298	0
ENSMMUG00000007426	26
ENSMMUG00000051972	51
ENSMMUG00000006341	0
ENSMMUG00000021610	0
ENSMMUG00000003189	0
ENSMMUG00000049751	0
ENSMMUG00000037539	0
ENSMMUG00000062634	0
ENSMMUG00000049862	0
ENSMMUG00000015058	16
ENSMMUG00000059465	0
ENSMMUG00000008790	42
ENSMMUG00000007451	0
ENSMMUG00000056045	0
ENSMMUG00000054942	42
ENSMMUG00000015149	33
ENSMMUG00000001472	44
ENSMMUG00000007453	0
ENSMMUG00000061746	0
ENSMMUG00000051698	0
ENSMMUG00000059272	0
ENSMMUG00000039818	0
ENSMMUG00000048865	19
ENSMMUG00000051036	0
ENSMMUG00000061891	0
ENSMMUG00000062520	0
ENSMMUG00000058417	0
ENSMMUG00000055863	0
ENSMMUG00000055213	0
ENSMMUG00000015151	0
ENSMMUG00000055601	0
ENSMMUG00000015400	0
ENSMMUG00000050296	0
ENSMMUG00000015850	12
ENSMMUG00000050548	0
ENSMMUG00000025470	0
ENSMMUG00000035760	0
ENSMMUG00000054542	0
ENSMMUG00000051594	0
ENSMMUG00000015370	3
ENSMMUG00000025617	0
ENSMMUG00000049613	2
ENSMMUG00000058906	0
ENSMMUG00000000798	65
ENSMMUG00000063020	0
ENSMMUG00000053900	0
ENSMMUG00000030562	13
ENSMMUG00000062374	0
ENSMMUG00000025130	0
ENSMMUG00000058465	0
ENSMMUG00000009558	7
ENSMMUG00000012258	0
ENSMMUG00000059075	0
ENSMMUG00000062303	0
ENSMMUG00000036750	0
ENSMMUG00000056574	0
ENSMMUG00000061821	0
ENSMMUG00000058576	0
ENSMMUG00000005514	6
ENSMMUG00000015152	2
ENSMMUG00000012451	0
ENSMMUG00000010589	11
ENSMMUG00000015405	0
ENSMMUG00000054646	0
ENSMMUG00000049642	0
ENSMMUG00000015954	0
ENSMMUG00000047870	0
ENSMMUG00000038018	0
ENSMMUG00000050279	0
ENSMMUG00000050611	0
ENSMMUG00000045006	0
ENSMMUG00000000238	0
ENSMMUG00000015406	0
ENSMMUG00000057279	0
ENSMMUG00000010596	2730
ENSMMUG00000050718	0
ENSMMUG00000024272	0
ENSMMUG00000058603	0
ENSMMUG00000009128	34
ENSMMUG00000000242	8
ENSMMUG00000055054	0
ENSMMUG00000053108	0
ENSMMUG00000026761	0
ENSMMUG00000003925	0
ENSMMUG00000057185	0
ENSMMUG00000062282	14
ENSMMUG00000049605	0
ENSMMUG00000050047	11
ENSMMUG00000015771	0
ENSMMUG00000034383	9
ENSMMUG00000007478	7
ENSMMUG00000056157	0
ENSMMUG00000033674	0
ENSMMUG00000028276	0
ENSMMUG00000054782	0
ENSMMUG00000044393	0
ENSMMUG00000058877	0
ENSMMUG00000059729	0
ENSMMUG00000050889	0
ENSMMUG00000021559	20
ENSMMUG00000020982	69
ENSMMUG00000026031	0
ENSMMUG00000003001	0
ENSMMUG00000053745	0
ENSMMUG00000054392	0
ENSMMUG00000035838	0
ENSMMUG00000064264	0
ENSMMUG00000059602	11
ENSMMUG00000033563	0
ENSMMUG00000009206	18
ENSMMUG00000050447	0
ENSMMUG00000017767	73
ENSMMUG00000060451	1
ENSMMUG00000036229	0
ENSMMUG00000064260	0
ENSMMUG00000020776	16
ENSMMUG00000059608	0
ENSMMUG00000049779	0
ENSMMUG00000047576	0
ENSMMUG00000017627	7
ENSMMUG00000023991	0
ENSMMUG00000009207	12
ENSMMUG00000050271	1
ENSMMUG00000023761	0
ENSMMUG00000038216	0
ENSMMUG00000041517	0
ENSMMUG00000049663	0
ENSMMUG00000023762	3
ENSMMUG00000013101	10
ENSMMUG00000058200	0
ENSMMUG00000017588	16
ENSMMUG00000018296	0
ENSMMUG00000057670	0
ENSMMUG00000065041	0
ENSMMUG00000015774	8
ENSMMUG00000053635	0
ENSMMUG00000052866	0
ENSMMUG00000056773	0
ENSMMUG00000006944	8
ENSMMUG00000055354	0
ENSMMUG00000007105	0
ENSMMUG00000062062	0
ENSMMUG00000050308	0
ENSMMUG00000055461	0
ENSMMUG00000045044	0
ENSMMUG00000050384	0
ENSMMUG00000061918	14
ENSMMUG00000055717	0
ENSMMUG00000023647	0
ENSMMUG00000018390	10
ENSMMUG00000062192	0
ENSMMUG00000037490	0
ENSMMUG00000063915	0
ENSMMUG00000004063	0
ENSMMUG00000019194	0
ENSMMUG00000063848	0
ENSMMUG00000037824	0
ENSMMUG00000061213	0
ENSMMUG00000057842	0
ENSMMUG00000023648	6
ENSMMUG00000061093	0
ENSMMUG00000052452	0
ENSMMUG00000064236	0
ENSMMUG00000033239	0
ENSMMUG00000060479	0
ENSMMUG00000051360	0
ENSMMUG00000023764	4
ENSMMUG00000061189	0
ENSMMUG00000004060	0
ENSMMUG00000052242	0
ENSMMUG00000063737	0
ENSMMUG00000051470	0
ENSMMUG00000061713	0
ENSMMUG00000059387	0
ENSMMUG00000064980	0
ENSMMUG00000052356	0
ENSMMUG00000062844	0
ENSMMUG00000060513	0
ENSMMUG00000058860	0
ENSMMUG00000056398	0
ENSMMUG00000056797	0
ENSMMUG00000053760	0
ENSMMUG00000064634	0
ENSMMUG00000053487	0
ENSMMUG00000064724	0
ENSMMUG00000051159	0
ENSMMUG00000062528	0
ENSMMUG00000042964	0
ENSMMUG00000037449	10
ENSMMUG00000050463	0
ENSMMUG00000047103	0
ENSMMUG00000043648	0
ENSMMUG00000059248	0
ENSMMUG00000015050	13
ENSMMUG00000004056	0
ENSMMUG00000057899	0
ENSMMUG00000060103	0
ENSMMUG00000023649	11
ENSMMUG00000060282	0
ENSMMUG00000027956	0
ENSMMUG00000004816	3
ENSMMUG00000006790	16
ENSMMUG00000030508	4
ENSMMUG00000025939	0
ENSMMUG00000057766	0
ENSMMUG00000052331	0
ENSMMUG00000052185	0
ENSMMUG00000060078	0
ENSMMUG00000019156	27
ENSMMUG00000023765	18
ENSMMUG00000000433	0
ENSMMUG00000023267	14
ENSMMUG00000050722	0
ENSMMUG00000052763	0
ENSMMUG00000050670	0
ENSMMUG00000058962	27
ENSMMUG00000053007	0
ENSMMUG00000015775	44
ENSMMUG00000023415	3
ENSMMUG00000060010	0
ENSMMUG00000051527	0
ENSMMUG00000026392	0
ENSMMUG00000025668	0
ENSMMUG00000052925	0
ENSMMUG00000041669	0
ENSMMUG00000055874	0
ENSMMUG00000049890	0
ENSMMUG00000061066	0
ENSMMUG00000059732	0
ENSMMUG00000057557	0
ENSMMUG00000035737	0
ENSMMUG00000050956	0
ENSMMUG00000060847	16
ENSMMUG00000006102	5
ENSMMUG00000018755	0
ENSMMUG00000053806	0
ENSMMUG00000008694	1
ENSMMUG00000053304	0
ENSMMUG00000061808	0
ENSMMUG00000015117	5
ENSMMUG00000018470	0
ENSMMUG00000008691	20
ENSMMUG00000064379	0
ENSMMUG00000062618	0
ENSMMUG00000010209	0
ENSMMUG00000028672	39
ENSMMUG00000049833	959
ENSMMUG00000064203	0
ENSMMUG00000011912	4
ENSMMUG00000055320	0
ENSMMUG00000011909	0
ENSMMUG00000018476	9
ENSMMUG00000023266	0
ENSMMUG00000011907	0
ENSMMUG00000056782	0
ENSMMUG00000053938	0
ENSMMUG00000059907	0
ENSMMUG00000051045	0
ENSMMUG00000054583	0
ENSMMUG00000008690	33
ENSMMUG00000063662	0
ENSMMUG00000058935	0
ENSMMUG00000049455	0
ENSMMUG00000011789	0
ENSMMUG00000009286	41
ENSMMUG00000055167	0
ENSMMUG00000018472	3
ENSMMUG00000016159	0
ENSMMUG00000049508	0
ENSMMUG00000033195	0
ENSMMUG00000064100	0
ENSMMUG00000032730	0
ENSMMUG00000013446	1
ENSMMUG00000010827	0
ENSMMUG00000020221	2
ENSMMUG00000028000	0
ENSMMUG00000000881	0
ENSMMUG00000053995	0
ENSMMUG00000010818	0
ENSMMUG00000020346	21
ENSMMUG00000010874	0
ENSMMUG00000023488	14
ENSMMUG00000058462	14
ENSMMUG00000049674	0
ENSMMUG00000056443	0
ENSMMUG00000060936	0
ENSMMUG00000046183	0
ENSMMUG00000006621	0
ENSMMUG00000010115	2
ENSMMUG00000013445	0
ENSMMUG00000050210	1
ENSMMUG00000052761	12
ENSMMUG00000060957	1
ENSMMUG00000061468	0
ENSMMUG00000063129	0
ENSMMUG00000013441	0
ENSMMUG00000050101	0
ENSMMUG00000052893	0
ENSMMUG00000063256	5
ENSMMUG00000006622	27
ENSMMUG00000010485	8
ENSMMUG00000013439	1
ENSMMUG00000000882	0
ENSMMUG00000047673	0
ENSMMUG00000052066	0
ENSMMUG00000057872	0
ENSMMUG00000060365	0
ENSMMUG00000054006	0
ENSMMUG00000054526	0
ENSMMUG00000026606	0
ENSMMUG00000022075	24
ENSMMUG00000058791	0
ENSMMUG00000052930	0
ENSMMUG00000057118	0
ENSMMUG00000015215	0
ENSMMUG00000015034	7
ENSMMUG00000052637	0
ENSMMUG00000040561	0
ENSMMUG00000006233	14
ENSMMUG00000015776	0
ENSMMUG00000010881	0
ENSMMUG00000059792	0
ENSMMUG00000040309	0
ENSMMUG00000049627	0
ENSMMUG00000049352	0
ENSMMUG00000064533	0
ENSMMUG00000056823	0
ENSMMUG00000049406	0
ENSMMUG00000015216	10
ENSMMUG00000006841	29
ENSMMUG00000063986	0
ENSMMUG00000051414	0
ENSMMUG00000015217	0
ENSMMUG00000061975	0
ENSMMUG00000048410	0
ENSMMUG00000064327	0
ENSMMUG00000014350	25
ENSMMUG00000012501	3
ENSMMUG00000010384	0
ENSMMUG00000038867	0
ENSMMUG00000056811	1
ENSMMUG00000060843	0
ENSMMUG00000052984	0
ENSMMUG00000055151	0
ENSMMUG00000056268	0
ENSMMUG00000054062	0
ENSMMUG00000006636	39
ENSMMUG00000022028	9
ENSMMUG00000043859	0
ENSMMUG00000052696	0
ENSMMUG00000006637	9
ENSMMUG00000030563	17
ENSMMUG00000040838	0
ENSMMUG00000062001	0
ENSMMUG00000054574	0
ENSMMUG00000056033	0
ENSMMUG00000053893	0
ENSMMUG00000060130	0
ENSMMUG00000007775	0
ENSMMUG00000057468	0
ENSMMUG00000022032	24
ENSMMUG00000057950	0
ENSMMUG00000019677	0
ENSMMUG00000009163	0
ENSMMUG00000010388	5
ENSMMUG00000036464	0
ENSMMUG00000043246	0
ENSMMUG00000051411	0
ENSMMUG00000057793	8
ENSMMUG00000061731	1
ENSMMUG00000054549	0
ENSMMUG00000019011	0
ENSMMUG00000030573	21
ENSMMUG00000012181	20
ENSMMUG00000056302	0
ENSMMUG00000011849	18
ENSMMUG00000007982	1
ENSMMUG00000013418	0
ENSMMUG00000011851	5
ENSMMUG00000053327	0
ENSMMUG00000034662	0
ENSMMUG00000056245	0
ENSMMUG00000059149	0
ENSMMUG00000009247	3
ENSMMUG00000056090	0
ENSMMUG00000058933	0
ENSMMUG00000010680	2
ENSMMUG00000021270	0
ENSMMUG00000064814	0
ENSMMUG00000008376	66
ENSMMUG00000008535	7
ENSMMUG00000010679	33
ENSMMUG00000053473	0
ENSMMUG00000056732	0
ENSMMUG00000064033	30
ENSMMUG00000019883	27
ENSMMUG00000052466	0
ENSMMUG00000010674	35
ENSMMUG00000022617	3
ENSMMUG00000008537	8
ENSMMUG00000022237	1
ENSMMUG00000008539	11
ENSMMUG00000014708	0
ENSMMUG00000017204	9
ENSMMUG00000022620	3
ENSMMUG00000050841	0
ENSMMUG00000051513	0
ENSMMUG00000054338	0
ENSMMUG00000059894	0
ENSMMUG00000056056	0
ENSMMUG00000008541	11
ENSMMUG00000017206	1
ENSMMUG00000014710	0
ENSMMUG00000014711	9
ENSMMUG00000061920	3
ENSMMUG00000017668	0
ENSMMUG00000017667	0
ENSMMUG00000014713	0
ENSMMUG00000055464	0
ENSMMUG00000050402	0
ENSMMUG00000056540	0
ENSMMUG00000041307	0
ENSMMUG00000060144	0
ENSMMUG00000062158	0
ENSMMUG00000061957	0
ENSMMUG00000033046	0
ENSMMUG00000034426	0
ENSMMUG00000052751	0
ENSMMUG00000008542	3
ENSMMUG00000055112	0
ENSMMUG00000006741	2
ENSMMUG00000014715	0
ENSMMUG00000016123	14
ENSMMUG00000060115	0
ENSMMUG00000052022	0
ENSMMUG00000054926	0
ENSMMUG00000063186	0
ENSMMUG00000050975	0
ENSMMUG00000001825	0
ENSMMUG00000006747	19
ENSMMUG00000035166	0
ENSMMUG00000009655	0
ENSMMUG00000049319	0
ENSMMUG00000051979	0
ENSMMUG00000056291	0
ENSMMUG00000058783	0
ENSMMUG00000045531	0
ENSMMUG00000018728	0
ENSMMUG00000053120	0
ENSMMUG00000001608	2
ENSMMUG00000009661	11
ENSMMUG00000050879	0
ENSMMUG00000006751	2
ENSMMUG00000022383	0
ENSMMUG00000051306	8
ENSMMUG00000052198	46
ENSMMUG00000002930	0
ENSMMUG00000051679	0
ENSMMUG00000035254	0
ENSMMUG00000058873	0
ENSMMUG00000037243	0
ENSMMUG00000061425	0
ENSMMUG00000052355	0
ENSMMUG00000012229	0
ENSMMUG00000062864	0
ENSMMUG00000009663	0
ENSMMUG00000024641	0
ENSMMUG00000055837	0
ENSMMUG00000012233	0
ENSMMUG00000018547	28
ENSMMUG00000057948	0
ENSMMUG00000060161	0
ENSMMUG00000001619	0
ENSMMUG00000049491	0
ENSMMUG00000063976	0
ENSMMUG00000022948	13
ENSMMUG00000056582	0
ENSMMUG00000018550	19
ENSMMUG00000017489	17
ENSMMUG00000059060	0
ENSMMUG00000052332	0
ENSMMUG00000063844	4
ENSMMUG00000057106	0
ENSMMUG00000050233	2
ENSMMUG00000055586	42
ENSMMUG00000017492	18
ENSMMUG00000055733	6
ENSMMUG00000005076	0
ENSMMUG00000060110	0
ENSMMUG00000051740	0
ENSMMUG00000005383	13
ENSMMUG00000055824	0
ENSMMUG00000053712	0
ENSMMUG00000065042	0
ENSMMUG00000060938	0
ENSMMUG00000059446	0
ENSMMUG00000064972	0
ENSMMUG00000044121	0
ENSMMUG00000064881	0
ENSMMUG00000020825	2
ENSMMUG00000049356	0
ENSMMUG00000005078	32
ENSMMUG00000058861	0
ENSMMUG00000040417	3
ENSMMUG00000013434	0
ENSMMUG00000058119	2
ENSMMUG00000020823	36
ENSMMUG00000017255	0
ENSMMUG00000013437	14
ENSMMUG00000063013	0
ENSMMUG00000063244	0
ENSMMUG00000053682	0
ENSMMUG00000054469	0
ENSMMUG00000065264	0
ENSMMUG00000062020	0
ENSMMUG00000050933	0
ENSMMUG00000064746	0
ENSMMUG00000059108	0
ENSMMUG00000059161	0
ENSMMUG00000050753	0
ENSMMUG00000011446	7
ENSMMUG00000011030	0
ENSMMUG00000011447	0
ENSMMUG00000052221	0
ENSMMUG00000049978	0
ENSMMUG00000056966	0
ENSMMUG00000033264	0
ENSMMUG00000057058	0
ENSMMUG00000057241	0
ENSMMUG00000050403	0
ENSMMUG00000056809	18
ENSMMUG00000018330	0
ENSMMUG00000018429	3
ENSMMUG00000021539	10
ENSMMUG00000057684	0
ENSMMUG00000016403	8
ENSMMUG00000009906	13
ENSMMUG00000054130	0
ENSMMUG00000058501	0
ENSMMUG00000063418	0
ENSMMUG00000053455	20
ENSMMUG00000049837	0
ENSMMUG00000061207	0
ENSMMUG00000055020	0
ENSMMUG00000010593	0
ENSMMUG00000051780	0
ENSMMUG00000021393	18
ENSMMUG00000014733	8
ENSMMUG00000015542	0
ENSMMUG00000045340	0
ENSMMUG00000051192	0
ENSMMUG00000012967	24
ENSMMUG00000061804	23
ENSMMUG00000054276	9
ENSMMUG00000063575	0
ENSMMUG00000023632	2
ENSMMUG00000054682	0
ENSMMUG00000006433	4
ENSMMUG00000008241	1
ENSMMUG00000059916	12
ENSMMUG00000016406	12
ENSMMUG00000005998	2
ENSMMUG00000039920	0
ENSMMUG00000057318	0
ENSMMUG00000043867	0
ENSMMUG00000049504	0
ENSMMUG00000058793	0
ENSMMUG00000053158	0
ENSMMUG00000009847	9
ENSMMUG00000008789	17
ENSMMUG00000023001	0
ENSMMUG00000009800	1
ENSMMUG00000050853	0
ENSMMUG00000063436	0
ENSMMUG00000008023	0
ENSMMUG00000059078	0
ENSMMUG00000012333	0
ENSMMUG00000043235	0
ENSMMUG00000017139	1
ENSMMUG00000015182	15
ENSMMUG00000012330	5
ENSMMUG00000050068	0
ENSMMUG00000011852	7
ENSMMUG00000016407	0
ENSMMUG00000064130	0
ENSMMUG00000033091	0
ENSMMUG00000009848	9
ENSMMUG00000022976	19
ENSMMUG00000016410	29
ENSMMUG00000004604	110
ENSMMUG00000024942	0
ENSMMUG00000050056	0
ENSMMUG00000059058	0
ENSMMUG00000003608	43
ENSMMUG00000049284	0
ENSMMUG00000010844	9
ENSMMUG00000049469	0
ENSMMUG00000064708	0
ENSMMUG00000051106	0
ENSMMUG00000021618	10
ENSMMUG00000001539	11
ENSMMUG00000021400	4
ENSMMUG00000062733	0
ENSMMUG00000050985	0
ENSMMUG00000058528	0
ENSMMUG00000017141	1
ENSMMUG00000000275	0
ENSMMUG00000057614	0
ENSMMUG00000003607	0
ENSMMUG00000058163	0
ENSMMUG00000023171	0
ENSMMUG00000054067	12
ENSMMUG00000055936	36
ENSMMUG00000003924	14
ENSMMUG00000056761	0
ENSMMUG00000014846	9
ENSMMUG00000037280	0
ENSMMUG00000061025	0
ENSMMUG00000019876	0
ENSMMUG00000060367	0
ENSMMUG00000062924	0
ENSMMUG00000057807	0
ENSMMUG00000055534	0
ENSMMUG00000052917	0
ENSMMUG00000000124	0
ENSMMUG00000005367	5
ENSMMUG00000050021	0
ENSMMUG00000053971	0
ENSMMUG00000062359	1
ENSMMUG00000009374	9
ENSMMUG00000061637	0
ENSMMUG00000006397	28
ENSMMUG00000017145	18
ENSMMUG00000064927	0
ENSMMUG00000027857	0
ENSMMUG00000056725	0
ENSMMUG00000009375	20
ENSMMUG00000023612	0
ENSMMUG00000021279	21
ENSMMUG00000058901	24
ENSMMUG00000050095	0
ENSMMUG00000063340	0
ENSMMUG00000033207	0
ENSMMUG00000041491	15
ENSMMUG00000026883	0
ENSMMUG00000055728	0
ENSMMUG00000024061	0
ENSMMUG00000059816	0
ENSMMUG00000030571	0
ENSMMUG00000006391	2
ENSMMUG00000051415	0
ENSMMUG00000057301	0
ENSMMUG00000058050	0
ENSMMUG00000007526	2
ENSMMUG00000003589	28
ENSMMUG00000056125	7
ENSMMUG00000019720	10
ENSMMUG00000011956	0
ENSMMUG00000057732	4
ENSMMUG00000006392	48
ENSMMUG00000013695	23
ENSMMUG00000059041	0
ENSMMUG00000001186	13
ENSMMUG00000059951	0
ENSMMUG00000006395	26
ENSMMUG00000008780	40
ENSMMUG00000064773	9
ENSMMUG00000001183	43
ENSMMUG00000000454	7
ENSMMUG00000037141	0
ENSMMUG00000058290	0
ENSMMUG00000061526	28
ENSMMUG00000056878	4
ENSMMUG00000013696	199
ENSMMUG00000005716	0
ENSMMUG00000001821	32
ENSMMUG00000005601	158
ENSMMUG00000004545	16
ENSMMUG00000051228	0
ENSMMUG00000000661	0
ENSMMUG00000043737	0
ENSMMUG00000004692	0
ENSMMUG00000022752	0
ENSMMUG00000009559	23
ENSMMUG00000000660	0
ENSMMUG00000057242	0
ENSMMUG00000015714	5
ENSMMUG00000000659	0
ENSMMUG00000000658	0
ENSMMUG00000016240	0
ENSMMUG00000002985	38
ENSMMUG00000005602	0
ENSMMUG00000008956	0
ENSMMUG00000015314	8
ENSMMUG00000058529	146
ENSMMUG00000003548	0
ENSMMUG00000015711	0
ENSMMUG00000015708	35
ENSMMUG00000049819	0
ENSMMUG00000060627	0
ENSMMUG00000015310	0
ENSMMUG00000065302	0
ENSMMUG00000018572	42
ENSMMUG00000015302	68
ENSMMUG00000009561	9
ENSMMUG00000007077	0
ENSMMUG00000001155	12
ENSMMUG00000011285	3
ENSMMUG00000053850	0
ENSMMUG00000005603	0
ENSMMUG00000008724	0
ENSMMUG00000054629	0
ENSMMUG00000003849	0
ENSMMUG00000062961	0
ENSMMUG00000007078	0
ENSMMUG00000023798	2
ENSMMUG00000025890	0
ENSMMUG00000064778	0
ENSMMUG00000064969	0
ENSMMUG00000025053	0
ENSMMUG00000052636	0
ENSMMUG00000011282	6
ENSMMUG00000060418	0
ENSMMUG00000001157	4
ENSMMUG00000064321	0
ENSMMUG00000025084	0
ENSMMUG00000064557	0
ENSMMUG00000052235	0
ENSMMUG00000033001	0
ENSMMUG00000064223	0
ENSMMUG00000058166	0
ENSMMUG00000007081	14
ENSMMUG00000056432	0
ENSMMUG00000057291	0
ENSMMUG00000001118	4
ENSMMUG00000027765	0
ENSMMUG00000017380	0
ENSMMUG00000011281	28
ENSMMUG00000051930	0
ENSMMUG00000021233	9
ENSMMUG00000055918	0
ENSMMUG00000028521	0
ENSMMUG00000065324	0
ENSMMUG00000002080	18
ENSMMUG00000062242	0
ENSMMUG00000057013	0
ENSMMUG00000049411	0
ENSMMUG00000040878	0
ENSMMUG00000054123	5
ENSMMUG00000036487	0
ENSMMUG00000058251	0
ENSMMUG00000013895	13
ENSMMUG00000006411	37
ENSMMUG00000004101	0
ENSMMUG00000049536	0
ENSMMUG00000002081	1
ENSMMUG00000053814	0
ENSMMUG00000054418	0
ENSMMUG00000016652	7
ENSMMUG00000025707	0
ENSMMUG00000062375	0
ENSMMUG00000022799	3
ENSMMUG00000015071	4
ENSMMUG00000011280	0
ENSMMUG00000058631	0
ENSMMUG00000011276	0
ENSMMUG00000060206	0
ENSMMUG00000056694	0
ENSMMUG00000052711	0
ENSMMUG00000037735	79
ENSMMUG00000061101	0
ENSMMUG00000058010	0
ENSMMUG00000050238	0
ENSMMUG00000054440	0
ENSMMUG00000051912	0
ENSMMUG00000033740	0
ENSMMUG00000009594	4
ENSMMUG00000008985	19
ENSMMUG00000011274	0
ENSMMUG00000017164	17
ENSMMUG00000053038	0
ENSMMUG00000059113	0
ENSMMUG00000021773	26
ENSMMUG00000034215	0
ENSMMUG00000006414	0
ENSMMUG00000061883	0
ENSMMUG00000051516	0
ENSMMUG00000021774	0
ENSMMUG00000005279	50
ENSMMUG00000055336	0
ENSMMUG00000049492	0
ENSMMUG00000001006	6
ENSMMUG00000018634	0
ENSMMUG00000056671	0
ENSMMUG00000038485	0
ENSMMUG00000055507	0
ENSMMUG00000008431	4
ENSMMUG00000051541	0
ENSMMUG00000063666	0
ENSMMUG00000061564	0
ENSMMUG00000036991	0
ENSMMUG00000065315	0
ENSMMUG00000053789	0
ENSMMUG00000019780	59
ENSMMUG00000052502	0
ENSMMUG00000052083	0
ENSMMUG00000055072	0
ENSMMUG00000052146	0
ENSMMUG00000055994	0
ENSMMUG00000056167	2
ENSMMUG00000051287	0
ENSMMUG00000001207	0
ENSMMUG00000058886	0
ENSMMUG00000063113	0
ENSMMUG00000063121	0
ENSMMUG00000050570	0
ENSMMUG00000000826	0
ENSMMUG00000020405	0
ENSMMUG00000017169	0
ENSMMUG00000033863	0
ENSMMUG00000026662	0
ENSMMUG00000059955	1
ENSMMUG00000020404	7
ENSMMUG00000023198	0
ENSMMUG00000053017	0
ENSMMUG00000058361	10
ENSMMUG00000049481	0
ENSMMUG00000017170	7
ENSMMUG00000063139	0
ENSMMUG00000062672	0
ENSMMUG00000057042	0
ENSMMUG00000020402	0
ENSMMUG00000054340	0
ENSMMUG00000059094	0
ENSMMUG00000065252	0
ENSMMUG00000058892	0
ENSMMUG00000001208	190
ENSMMUG00000018198	21
ENSMMUG00000050408	0
ENSMMUG00000021594	42
ENSMMUG00000064720	0
ENSMMUG00000017173	4
ENSMMUG00000058469	0
ENSMMUG00000048229	0
ENSMMUG00000065292	0
ENSMMUG00000014341	1
ENSMMUG00000025285	0
ENSMMUG00000042150	0
ENSMMUG00000008911	0
ENSMMUG00000016963	1
ENSMMUG00000059687	0
ENSMMUG00000024370	0
ENSMMUG00000014343	0
ENSMMUG00000059423	0
ENSMMUG00000023148	0
ENSMMUG00000004818	46
ENSMMUG00000003706	0
ENSMMUG00000030532	1
ENSMMUG00000063338	0
ENSMMUG00000055439	0
ENSMMUG00000016858	0
ENSMMUG00000017174	0
ENSMMUG00000047717	0
ENSMMUG00000003000	12
ENSMMUG00000026168	0
ENSMMUG00000062452	0
ENSMMUG00000010431	18
ENSMMUG00000000468	0
ENSMMUG00000012044	6
ENSMMUG00000003705	0
ENSMMUG00000055878	0
ENSMMUG00000062639	0
ENSMMUG00000037884	0
ENSMMUG00000017176	3
ENSMMUG00000011948	288
ENSMMUG00000055401	0
ENSMMUG00000065225	0
ENSMMUG00000055226	225
ENSMMUG00000061791	0
ENSMMUG00000062079	0
ENSMMUG00000033677	0
ENSMMUG00000015750	9
ENSMMUG00000013033	774
ENSMMUG00000000469	0
ENSMMUG00000015600	0
ENSMMUG00000000470	0
ENSMMUG00000026638	0
ENSMMUG00000009479	15
ENSMMUG00000009339	0
ENSMMUG00000011949	31
ENSMMUG00000027574	0
ENSMMUG00000026323	0
ENSMMUG00000044079	0
ENSMMUG00000019703	1
ENSMMUG00000019829	2
ENSMMUG00000028279	0
ENSMMUG00000002122	12
ENSMMUG00000019825	1
ENSMMUG00000050104	0
ENSMMUG00000009792	19
ENSMMUG00000063429	0
ENSMMUG00000053854	0
ENSMMUG00000059582	0
ENSMMUG00000051067	0
ENSMMUG00000052392	0
ENSMMUG00000052336	0
ENSMMUG00000051549	0
ENSMMUG00000035434	0
ENSMMUG00000004396	46
ENSMMUG00000055282	0
ENSMMUG00000063488	0
ENSMMUG00000022376	0
ENSMMUG00000012969	152
ENSMMUG00000009341	11
ENSMMUG00000059754	0
ENSMMUG00000064301	0
ENSMMUG00000056153	0
ENSMMUG00000056283	0
ENSMMUG00000043467	0
ENSMMUG00000015125	83
ENSMMUG00000060602	0
ENSMMUG00000009794	0
ENSMMUG00000004394	19
ENSMMUG00000061980	0
ENSMMUG00000061784	0
ENSMMUG00000064905	0
ENSMMUG00000055047	1
ENSMMUG00000056618	0
ENSMMUG00000013038	0
ENSMMUG00000047000	0
ENSMMUG00000060039	1
ENSMMUG00000015130	0
ENSMMUG00000015131	0
ENSMMUG00000006867	46
ENSMMUG00000052989	117
ENSMMUG00000061761	144
ENSMMUG00000056189	0
ENSMMUG00000061792	0
ENSMMUG00000058942	0
ENSMMUG00000005001	159
ENSMMUG00000052297	0
ENSMMUG00000051437	0
ENSMMUG00000017533	91
ENSMMUG00000050485	0
ENSMMUG00000055805	0
ENSMMUG00000056679	0
ENSMMUG00000051336	10
ENSMMUG00000052302	0
ENSMMUG00000013040	0
ENSMMUG00000040456	0
ENSMMUG00000017534	5
ENSMMUG00000003102	8
ENSMMUG00000010105	1
ENSMMUG00000056491	25
ENSMMUG00000017535	0
ENSMMUG00000058773	0
ENSMMUG00000007679	18
ENSMMUG00000010780	0
ENSMMUG00000007680	9
ENSMMUG00000056367	0
ENSMMUG00000051770	0
ENSMMUG00000057415	0
ENSMMUG00000003103	8
ENSMMUG00000056637	17
ENSMMUG00000036359	0
ENSMMUG00000025973	0
ENSMMUG00000027048	0
ENSMMUG00000064800	0
ENSMMUG00000046929	0
ENSMMUG00000017601	7
ENSMMUG00000062622	0
ENSMMUG00000058746	0
ENSMMUG00000056459	0
ENSMMUG00000064185	0
ENSMMUG00000060444	0
ENSMMUG00000022658	0
ENSMMUG00000056902	0
ENSMMUG00000015286	1
ENSMMUG00000010847	0
ENSMMUG00000013485	0
ENSMMUG00000050466	0
ENSMMUG00000064220	0
ENSMMUG00000065343	0
ENSMMUG00000050840	0
ENSMMUG00000021138	0
ENSMMUG00000059564	0
ENSMMUG00000030513	0
ENSMMUG00000007660	0
ENSMMUG00000016687	0
ENSMMUG00000052634	0
ENSMMUG00000025630	0
ENSMMUG00000021140	0
ENSMMUG00000007662	2
ENSMMUG00000016689	0
ENSMMUG00000053058	0
ENSMMUG00000010458	0
ENSMMUG00000050083	0
ENSMMUG00000003747	8
ENSMMUG00000001518	0
ENSMMUG00000051964	0
ENSMMUG00000011661	0
ENSMMUG00000008687	4
ENSMMUG00000001217	5
ENSMMUG00000057705	0
ENSMMUG00000008564	0
ENSMMUG00000003749	2
ENSMMUG00000001218	0
ENSMMUG00000050473	0
ENSMMUG00000039709	0
ENSMMUG00000033004	0
ENSMMUG00000030531	1
ENSMMUG00000016644	0
ENSMMUG00000017858	0
ENSMMUG00000023480	0
ENSMMUG00000016646	15
ENSMMUG00000000684	2
ENSMMUG00000022496	0
ENSMMUG00000057618	0
ENSMMUG00000061385	0
ENSMMUG00000023766	1
ENSMMUG00000055640	0
ENSMMUG00000040690	1
ENSMMUG00000032895	0
ENSMMUG00000055502	0
ENSMMUG00000064928	0
ENSMMUG00000050856	14
ENSMMUG00000044756	0
ENSMMUG00000055239	0
ENSMMUG00000057347	0
ENSMMUG00000015826	0
ENSMMUG00000016902	5
ENSMMUG00000055456	0
ENSMMUG00000008872	0
ENSMMUG00000022514	1
ENSMMUG00000003090	0
ENSMMUG00000053104	0
ENSMMUG00000049775	0
ENSMMUG00000003092	6
ENSMMUG00000001874	0
ENSMMUG00000060454	0
ENSMMUG00000050160	0
ENSMMUG00000008873	1
ENSMMUG00000056119	0
ENSMMUG00000024234	0
ENSMMUG00000053199	4
ENSMMUG00000024717	0
ENSMMUG00000065080	0
ENSMMUG00000018766	8
ENSMMUG00000054685	0
ENSMMUG00000057751	0
ENSMMUG00000052467	0
ENSMMUG00000060073	0
ENSMMUG00000062976	0
ENSMMUG00000055397	0
ENSMMUG00000053342	0
ENSMMUG00000063840	1
ENSMMUG00000059038	0
ENSMMUG00000065230	0
ENSMMUG00000033159	0
ENSMMUG00000011523	5
ENSMMUG00000006628	0
ENSMMUG00000051395	0
ENSMMUG00000061180	0
ENSMMUG00000034066	0
ENSMMUG00000030530	0
ENSMMUG00000007058	33
ENSMMUG00000001876	0
ENSMMUG00000016850	17
ENSMMUG00000017727	0
ENSMMUG00000035158	0
ENSMMUG00000006632	0
ENSMMUG00000022517	0
ENSMMUG00000033090	0
ENSMMUG00000022521	1
ENSMMUG00000007061	55
ENSMMUG00000058129	0
ENSMMUG00000033892	0
ENSMMUG00000061162	0
ENSMMUG00000017726	1
ENSMMUG00000022523	0
ENSMMUG00000007064	28
ENSMMUG00000024225	0
ENSMMUG00000058427	3
ENSMMUG00000057128	0
ENSMMUG00000042207	0
ENSMMUG00000007067	39
ENSMMUG00000010256	3
ENSMMUG00000064442	17
ENSMMUG00000010254	0
ENSMMUG00000057701	0
ENSMMUG00000041236	0
ENSMMUG00000034431	0
ENSMMUG00000028209	0
ENSMMUG00000050833	0
ENSMMUG00000016829	0
ENSMMUG00000052709	0
ENSMMUG00000015323	4
ENSMMUG00000010427	0
ENSMMUG00000039547	0
ENSMMUG00000000424	115
ENSMMUG00000022524	50
ENSMMUG00000010428	0
ENSMMUG00000015324	9
ENSMMUG00000013152	0
ENSMMUG00000059655	0
ENSMMUG00000039940	0
ENSMMUG00000014529	0
ENSMMUG00000047189	0
ENSMMUG00000062207	0
ENSMMUG00000015325	5
ENSMMUG00000048603	0
ENSMMUG00000030511	4
ENSMMUG00000019633	1
ENSMMUG00000019634	36
ENSMMUG00000058182	0
ENSMMUG00000044990	0
ENSMMUG00000059056	0
ENSMMUG00000052662	0
ENSMMUG00000020027	18
ENSMMUG00000059603	0
ENSMMUG00000020028	0
ENSMMUG00000020029	20
ENSMMUG00000063660	4
ENSMMUG00000053733	4
ENSMMUG00000060796	0
ENSMMUG00000058240	0
ENSMMUG00000015414	7
ENSMMUG00000058764	0
ENSMMUG00000001902	0
ENSMMUG00000020030	1
ENSMMUG00000036145	0
ENSMMUG00000052975	0
ENSMMUG00000053849	0
ENSMMUG00000001905	2
ENSMMUG00000063092	16
ENSMMUG00000064764	0
ENSMMUG00000020032	0
ENSMMUG00000020033	6
ENSMMUG00000020034	1
ENSMMUG00000052153	7
ENSMMUG00000049360	0
ENSMMUG00000064106	6
ENSMMUG00000020080	6
ENSMMUG00000015503	38
ENSMMUG00000051688	0
ENSMMUG00000016663	0
ENSMMUG00000064002	0
ENSMMUG00000058692	0
ENSMMUG00000052970	0
ENSMMUG00000018154	2
ENSMMUG00000033041	0
ENSMMUG00000000148	0
ENSMMUG00000056243	0
ENSMMUG00000052648	0
ENSMMUG00000061130	0
ENSMMUG00000010281	3
ENSMMUG00000051439	15
ENSMMUG00000064273	0
ENSMMUG00000060995	1
ENSMMUG00000033284	0
ENSMMUG00000020603	13
ENSMMUG00000015334	11
ENSMMUG00000057536	21
ENSMMUG00000062166	0
ENSMMUG00000054904	0
ENSMMUG00000051949	1
ENSMMUG00000020604	12
ENSMMUG00000015339	0
ENSMMUG00000049770	10
ENSMMUG00000050118	0
ENSMMUG00000020605	0
ENSMMUG00000052980	0
ENSMMUG00000059304	0
ENSMMUG00000060230	0
ENSMMUG00000003610	0
ENSMMUG00000010357	0
ENSMMUG00000010356	8
ENSMMUG00000052430	0
ENSMMUG00000053013	0
ENSMMUG00000060545	1
ENSMMUG00000061953	0
ENSMMUG00000053779	0
ENSMMUG00000054097	0
ENSMMUG00000063554	0
ENSMMUG00000057088	0
ENSMMUG00000064376	0
ENSMMUG00000061916	0
ENSMMUG00000014265	29
ENSMMUG00000053354	2
ENSMMUG00000059281	0
ENSMMUG00000018676	27
ENSMMUG00000060964	0
ENSMMUG00000018677	10
ENSMMUG00000036830	3
ENSMMUG00000018679	1581
ENSMMUG00000018681	9
ENSMMUG00000018683	16
ENSMMUG00000021049	0
ENSMMUG00000057713	0
ENSMMUG00000019042	0
ENSMMUG00000062741	0
ENSMMUG00000042320	0
ENSMMUG00000018685	95
ENSMMUG00000011209	5
ENSMMUG00000038158	0
ENSMMUG00000053066	0
ENSMMUG00000055209	0
ENSMMUG00000006912	2
ENSMMUG00000051955	11
ENSMMUG00000048744	0
ENSMMUG00000052245	0
ENSMMUG00000012842	48
ENSMMUG00000061681	0
ENSMMUG00000017123	6
ENSMMUG00000016454	0
ENSMMUG00000016486	4
ENSMMUG00000050807	0
ENSMMUG00000052740	0
ENSMMUG00000017124	20
ENSMMUG00000016453	7
ENSMMUG00000037033	0
ENSMMUG00000064209	0
ENSMMUG00000012650	18
ENSMMUG00000051664	0
ENSMMUG00000036224	0
ENSMMUG00000012652	108
ENSMMUG00000035324	0
ENSMMUG00000056579	10
ENSMMUG00000056836	0
ENSMMUG00000051053	0
ENSMMUG00000052400	0
ENSMMUG00000009152	97
ENSMMUG00000049792	0
ENSMMUG00000012844	0
ENSMMUG00000012654	1
ENSMMUG00000053225	0
ENSMMUG00000057785	0
ENSMMUG00000057311	0
ENSMMUG00000018037	19
ENSMMUG00000001489	0
ENSMMUG00000036607	0
ENSMMUG00000002320	3138
ENSMMUG00000017619	0
ENSMMUG00000017126	16
ENSMMUG00000058766	0
ENSMMUG00000016983	0
ENSMMUG00000054621	0
ENSMMUG00000050754	6
ENSMMUG00000019643	0
ENSMMUG00000043336	0
ENSMMUG00000016985	28
ENSMMUG00000031572	0
ENSMMUG00000035678	0
ENSMMUG00000017902	32
ENSMMUG00000046409	6
ENSMMUG00000062539	0
ENSMMUG00000044950	1
ENSMMUG00000061935	0
ENSMMUG00000049439	0
ENSMMUG00000040870	0
ENSMMUG00000000512	10
ENSMMUG00000014168	0
ENSMMUG00000016990	19
ENSMMUG00000021928	131
ENSMMUG00000063810	0
ENSMMUG00000023583	0
ENSMMUG00000004093	0
ENSMMUG00000053956	0
ENSMMUG00000001354	2
ENSMMUG00000055512	0
ENSMMUG00000033964	0
ENSMMUG00000040330	0
ENSMMUG00000026942	0
ENSMMUG00000056689	0
ENSMMUG00000063079	0
ENSMMUG00000051436	0
ENSMMUG00000050979	9
ENSMMUG00000025557	0
ENSMMUG00000018273	0
ENSMMUG00000036682	0
ENSMMUG00000023719	2
ENSMMUG00000036612	0
ENSMMUG00000025494	0
ENSMMUG00000063413	0
ENSMMUG00000009583	18
ENSMMUG00000015107	5
ENSMMUG00000034327	0
ENSMMUG00000057580	0
ENSMMUG00000054900	0
ENSMMUG00000060749	0
ENSMMUG00000056631	0
ENSMMUG00000008546	48
ENSMMUG00000012206	16
ENSMMUG00000061774	0
ENSMMUG00000023036	30
ENSMMUG00000053171	0
ENSMMUG00000064833	0
ENSMMUG00000054987	67
ENSMMUG00000044404	0
ENSMMUG00000050151	5
ENSMMUG00000051291	0
ENSMMUG00000059529	0
ENSMMUG00000033222	0
ENSMMUG00000039070	0
ENSMMUG00000057689	0
ENSMMUG00000013643	4
ENSMMUG00000053967	0
ENSMMUG00000051674	5
ENSMMUG00000056979	0
ENSMMUG00000052270	0
ENSMMUG00000015188	0
ENSMMUG00000040603	0
ENSMMUG00000053527	0
ENSMMUG00000058287	0
ENSMMUG00000022404	2
ENSMMUG00000013202	12
ENSMMUG00000004412	10
ENSMMUG00000015189	0
ENSMMUG00000006893	0
ENSMMUG00000017901	0
ENSMMUG00000057428	1
ENSMMUG00000011117	1
ENSMMUG00000049147	0
ENSMMUG00000020811	0
ENSMMUG00000015108	0
ENSMMUG00000005189	13
ENSMMUG00000007556	1
ENSMMUG00000005629	0
ENSMMUG00000022406	0
ENSMMUG00000054325	0
ENSMMUG00000005190	0
ENSMMUG00000020812	1
ENSMMUG00000054968	11
ENSMMUG00000020804	0
ENSMMUG00000020813	1
ENSMMUG00000005191	0
ENSMMUG00000063190	0
ENSMMUG00000005192	54
ENSMMUG00000056438	0
ENSMMUG00000017738	8
ENSMMUG00000060158	0
ENSMMUG00000009048	16
ENSMMUG00000064569	0
ENSMMUG00000060494	0
ENSMMUG00000063619	0
ENSMMUG00000058840	0
ENSMMUG00000056364	0
ENSMMUG00000065233	0
ENSMMUG00000052852	31
ENSMMUG00000035002	0
ENSMMUG00000059391	0
ENSMMUG00000056212	0
ENSMMUG00000058477	0
ENSMMUG00000058681	0
ENSMMUG00000006608	76
ENSMMUG00000058211	0
ENSMMUG00000062511	0
ENSMMUG00000063762	0
ENSMMUG00000063966	0
ENSMMUG00000054350	0
ENSMMUG00000053122	0
ENSMMUG00000002178	0
ENSMMUG00000044556	4
ENSMMUG00000061704	0
ENSMMUG00000053174	0
ENSMMUG00000058638	0
ENSMMUG00000056148	0
ENSMMUG00000053835	0
ENSMMUG00000055681	0
ENSMMUG00000058734	0
ENSMMUG00000055103	0
ENSMMUG00000056729	0
ENSMMUG00000062131	0
ENSMMUG00000001781	0
ENSMMUG00000049734	0
ENSMMUG00000060837	0
ENSMMUG00000023601	0
ENSMMUG00000061555	0
ENSMMUG00000039553	3
ENSMMUG00000000031	0
ENSMMUG00000009443	2
ENSMMUG00000035550	0
ENSMMUG00000063847	0
ENSMMUG00000019939	0
ENSMMUG00000022887	0
ENSMMUG00000006613	5
ENSMMUG00000061946	0
ENSMMUG00000054216	0
ENSMMUG00000056181	0
ENSMMUG00000016243	7
ENSMMUG00000055252	7
ENSMMUG00000062689	1
ENSMMUG00000014646	0
ENSMMUG00000061858	0
ENSMMUG00000056201	0
ENSMMUG00000026410	0
ENSMMUG00000063774	0
ENSMMUG00000048024	0
ENSMMUG00000050145	0
ENSMMUG00000059722	0
ENSMMUG00000063016	0
ENSMMUG00000023603	0
ENSMMUG00000005767	9
ENSMMUG00000006957	1
ENSMMUG00000017102	0
ENSMMUG00000020926	12
ENSMMUG00000010201	91
ENSMMUG00000012564	0
ENSMMUG00000054626	0
ENSMMUG00000022893	199
ENSMMUG00000023600	1
ENSMMUG00000063387	0
ENSMMUG00000022698	605
ENSMMUG00000015221	15
ENSMMUG00000036337	0
ENSMMUG00000022469	437
ENSMMUG00000064031	1
ENSMMUG00000010203	2
ENSMMUG00000009159	42
ENSMMUG00000060789	0
ENSMMUG00000055508	0
ENSMMUG00000049761	0
ENSMMUG00000058674	0
ENSMMUG00000025094	0
ENSMMUG00000055338	29
ENSMMUG00000037276	0
ENSMMUG00000051412	0
ENSMMUG00000026934	0
ENSMMUG00000018492	25
ENSMMUG00000026953	0
ENSMMUG00000061810	0
ENSMMUG00000062438	0
ENSMMUG00000010205	11
ENSMMUG00000008269	2
ENSMMUG00000034335	0
ENSMMUG00000039447	5
ENSMMUG00000017646	0
ENSMMUG00000050232	0
ENSMMUG00000002041	5
ENSMMUG00000005301	0
ENSMMUG00000015484	0
ENSMMUG00000062439	1
ENSMMUG00000008271	0
ENSMMUG00000035606	2
ENSMMUG00000060438	0
ENSMMUG00000010207	6
ENSMMUG00000053809	0
ENSMMUG00000022313	19
ENSMMUG00000003571	0
ENSMMUG00000050462	0
ENSMMUG00000019929	0
ENSMMUG00000010210	3
ENSMMUG00000061961	0
ENSMMUG00000005082	0
ENSMMUG00000053879	0
ENSMMUG00000020360	0
ENSMMUG00000053308	0
ENSMMUG00000049453	0
ENSMMUG00000015926	1
ENSMMUG00000058625	0
ENSMMUG00000046684	1
ENSMMUG00000015930	9
ENSMMUG00000012569	0
ENSMMUG00000051842	0
ENSMMUG00000005081	0
ENSMMUG00000056892	0
ENSMMUG00000056804	0
ENSMMUG00000031528	0
ENSMMUG00000059540	0
ENSMMUG00000058377	0
ENSMMUG00000060203	0
ENSMMUG00000053523	0
ENSMMUG00000020443	0
ENSMMUG00000063786	0
ENSMMUG00000015931	6
ENSMMUG00000012786	159
ENSMMUG00000031527	0
ENSMMUG00000052182	0
ENSMMUG00000050862	0
ENSMMUG00000058757	0
ENSMMUG00000018718	0
ENSMMUG00000011908	0
ENSMMUG00000020343	36
ENSMMUG00000005747	0
ENSMMUG00000062405	0
ENSMMUG00000058541	0
ENSMMUG00000046226	0
ENSMMUG00000016241	5
ENSMMUG00000006470	230
ENSMMUG00000063609	12
ENSMMUG00000050265	0
ENSMMUG00000009457	111
ENSMMUG00000046665	180
ENSMMUG00000016494	39
ENSMMUG00000060952	29
ENSMMUG00000056118	1
ENSMMUG00000020375	27
ENSMMUG00000006347	1
ENSMMUG00000052631	0
ENSMMUG00000049873	0
ENSMMUG00000056965	0
ENSMMUG00000042728	11
ENSMMUG00000001194	5
ENSMMUG00000050924	0
ENSMMUG00000063042	0
ENSMMUG00000031884	0
ENSMMUG00000061718	102
ENSMMUG00000020601	12
ENSMMUG00000054600	1
ENSMMUG00000057330	0
ENSMMUG00000004541	0
ENSMMUG00000000121	0
ENSMMUG00000000924	0
ENSMMUG00000019678	3
ENSMMUG00000008897	41
ENSMMUG00000000925	0
ENSMMUG00000026863	0
ENSMMUG00000063144	0
ENSMMUG00000061212	6
ENSMMUG00000046646	0
ENSMMUG00000025464	0
ENSMMUG00000063741	0
ENSMMUG00000019649	15
ENSMMUG00000059276	8
ENSMMUG00000046055	0
ENSMMUG00000062271	0
ENSMMUG00000053554	0
ENSMMUG00000058623	0
ENSMMUG00000028542	0
ENSMMUG00000028264	0
ENSMMUG00000055610	0
ENSMMUG00000034367	0
ENSMMUG00000004223	69
ENSMMUG00000010331	0
ENSMMUG00000055661	0
ENSMMUG00000063885	0
ENSMMUG00000008899	1
ENSMMUG00000054236	0
ENSMMUG00000055396	0
ENSMMUG00000050467	0
ENSMMUG00000011642	2
ENSMMUG00000019650	15
ENSMMUG00000008584	0
ENSMMUG00000055437	0
ENSMMUG00000015773	89
ENSMMUG00000050872	0
ENSMMUG00000049965	0
ENSMMUG00000064783	0
ENSMMUG00000004950	4
ENSMMUG00000037711	6
ENSMMUG00000044186	0
ENSMMUG00000060209	5
ENSMMUG00000065167	0
ENSMMUG00000012989	34
ENSMMUG00000015962	8
ENSMMUG00000055254	0
ENSMMUG00000015134	0
ENSMMUG00000039826	0
ENSMMUG00000012223	0
ENSMMUG00000063289	0
ENSMMUG00000064370	8
ENSMMUG00000061597	0
ENSMMUG00000036493	0
ENSMMUG00000024233	0
ENSMMUG00000012992	4
ENSMMUG00000054592	0
ENSMMUG00000047465	0
ENSMMUG00000059942	0
ENSMMUG00000011663	1
ENSMMUG00000061974	0
ENSMMUG00000004470	17
ENSMMUG00000004242	29
ENSMMUG00000063627	0
ENSMMUG00000011667	126
ENSMMUG00000005182	10
ENSMMUG00000051082	0
ENSMMUG00000011669	4
ENSMMUG00000044054	0
ENSMMUG00000060613	70
ENSMMUG00000051242	0
ENSMMUG00000011671	0
ENSMMUG00000026566	0
ENSMMUG00000012891	14
ENSMMUG00000050622	0
ENSMMUG00000063337	0
ENSMMUG00000026107	0
ENSMMUG00000060307	0
ENSMMUG00000052134	0
ENSMMUG00000031495	3
ENSMMUG00000028665	0
ENSMMUG00000060675	0
ENSMMUG00000003942	0
ENSMMUG00000000375	10
ENSMMUG00000018305	0
ENSMMUG00000062826	0
ENSMMUG00000027052	0
ENSMMUG00000000434	6
ENSMMUG00000031851	0
ENSMMUG00000017463	4
ENSMMUG00000016671	0
ENSMMUG00000032817	0
ENSMMUG00000013800	0
ENSMMUG00000037874	0
ENSMMUG00000031463	8
ENSMMUG00000016669	37
ENSMMUG00000003574	2
ENSMMUG00000000377	17
ENSMMUG00000042124	8
ENSMMUG00000011496	7
ENSMMUG00000022109	4
ENSMMUG00000023791	17
ENSMMUG00000064412	0
ENSMMUG00000052496	0
ENSMMUG00000051985	0
ENSMMUG00000053999	0
ENSMMUG00000023378	6
ENSMMUG00000065144	0
ENSMMUG00000053143	19
ENSMMUG00000058267	0
ENSMMUG00000015374	0
ENSMMUG00000032087	0
ENSMMUG00000046323	0
ENSMMUG00000053373	0
ENSMMUG00000020212	2
ENSMMUG00000057369	0
ENSMMUG00000010854	0
ENSMMUG00000022067	0
ENSMMUG00000046260	0
ENSMMUG00000058914	0
ENSMMUG00000017729	53
ENSMMUG00000020213	22
ENSMMUG00000003755	23
ENSMMUG00000031562	5
ENSMMUG00000010857	17
ENSMMUG00000022106	0
ENSMMUG00000013804	7
ENSMMUG00000018298	0
ENSMMUG00000061029	0
ENSMMUG00000055294	0
ENSMMUG00000049342	19
ENSMMUG00000062495	0
ENSMMUG00000005150	36
ENSMMUG00000021005	0
ENSMMUG00000055325	0
ENSMMUG00000003758	0
ENSMMUG00000031610	0
ENSMMUG00000040133	0
ENSMMUG00000055513	3
ENSMMUG00000010484	8
ENSMMUG00000058536	0
ENSMMUG00000002536	0
ENSMMUG00000050046	0
ENSMMUG00000034453	0
ENSMMUG00000040566	0
ENSMMUG00000000108	3
ENSMMUG00000061260	0
ENSMMUG00000013514	3
ENSMMUG00000042352	0
ENSMMUG00000064953	12
ENSMMUG00000050085	0
ENSMMUG00000051090	0
ENSMMUG00000059828	0
ENSMMUG00000031493	0
ENSMMUG00000020634	13
ENSMMUG00000023032	0
ENSMMUG00000020875	265
ENSMMUG00000060265	0
ENSMMUG00000052679	0
ENSMMUG00000016171	2
ENSMMUG00000000183	11
ENSMMUG00000060293	0
ENSMMUG00000054918	0
ENSMMUG00000058245	0
ENSMMUG00000056428	0
ENSMMUG00000055071	0
ENSMMUG00000054484	0
ENSMMUG00000016805	0
ENSMMUG00000064919	0
ENSMMUG00000011999	7
ENSMMUG00000002197	67
ENSMMUG00000008411	27
ENSMMUG00000039118	0
ENSMMUG00000065224	0
ENSMMUG00000064671	0
ENSMMUG00000038348	0
ENSMMUG00000054399	0
ENSMMUG00000055909	0
ENSMMUG00000032158	0
ENSMMUG00000015377	0
ENSMMUG00000008416	69
ENSMMUG00000061421	6
ENSMMUG00000036818	0
ENSMMUG00000058987	0
ENSMMUG00000064834	0
ENSMMUG00000001739	44
ENSMMUG00000000147	0
ENSMMUG00000020648	17
ENSMMUG00000054674	1
ENSMMUG00000000439	0
ENSMMUG00000044069	0
ENSMMUG00000055284	0
ENSMMUG00000002191	0
ENSMMUG00000010912	0
ENSMMUG00000011300	0
ENSMMUG00000018814	5
ENSMMUG00000011650	16
ENSMMUG00000002192	0
ENSMMUG00000001457	9
ENSMMUG00000011292	46
ENSMMUG00000002679	3
ENSMMUG00000050629	0
ENSMMUG00000056517	0
ENSMMUG00000047989	0
ENSMMUG00000055570	0
ENSMMUG00000059548	0
ENSMMUG00000038459	0
ENSMMUG00000063537	0
ENSMMUG00000055742	0
ENSMMUG00000056408	0
ENSMMUG00000050696	0
ENSMMUG00000054225	0
ENSMMUG00000051017	0
ENSMMUG00000042870	0
ENSMMUG00000058854	0
ENSMMUG00000057570	0
ENSMMUG00000049083	0
ENSMMUG00000023048	0
ENSMMUG00000020877	0
ENSMMUG00000053227	0
ENSMMUG00000000111	30
ENSMMUG00000065047	0
ENSMMUG00000053021	0
ENSMMUG00000054552	0
ENSMMUG00000016995	0
ENSMMUG00000058836	0
ENSMMUG00000053578	0
ENSMMUG00000049431	0
ENSMMUG00000005832	7
ENSMMUG00000004367	0
ENSMMUG00000048811	2
ENSMMUG00000016997	103
ENSMMUG00000059674	0
ENSMMUG00000020650	3
ENSMMUG00000018724	0
ENSMMUG00000013178	40
ENSMMUG00000042111	0
ENSMMUG00000055308	0
ENSMMUG00000049303	0
ENSMMUG00000015381	3
ENSMMUG00000055224	0
ENSMMUG00000026492	0
ENSMMUG00000018725	0
ENSMMUG00000005833	0
ENSMMUG00000063989	0
ENSMMUG00000064177	0
ENSMMUG00000064931	0
ENSMMUG00000041623	0
ENSMMUG00000063287	0
ENSMMUG00000058404	0
ENSMMUG00000013653	22
ENSMMUG00000036387	0
ENSMMUG00000059975	0
ENSMMUG00000012778	0
ENSMMUG00000050631	11
ENSMMUG00000059357	0
ENSMMUG00000064647	14
ENSMMUG00000012562	4
ENSMMUG00000007678	0
ENSMMUG00000055764	0
ENSMMUG00000013868	0
ENSMMUG00000035767	0
ENSMMUG00000026727	0
ENSMMUG00000013867	0
ENSMMUG00000006435	0
ENSMMUG00000055549	0
ENSMMUG00000059361	0
ENSMMUG00000056014	4
ENSMMUG00000013181	3
ENSMMUG00000024097	0
ENSMMUG00000052481	0
ENSMMUG00000014370	11
ENSMMUG00000061664	0
ENSMMUG00000002955	0
ENSMMUG00000031445	0
ENSMMUG00000062835	0
ENSMMUG00000061628	0
ENSMMUG00000054289	0
ENSMMUG00000060656	0
ENSMMUG00000020806	7
ENSMMUG00000049117	0
ENSMMUG00000036833	0
ENSMMUG00000055706	0
ENSMMUG00000009601	0
ENSMMUG00000012670	0
ENSMMUG00000062027	0
ENSMMUG00000049871	0
ENSMMUG00000031594	4
ENSMMUG00000062773	3
ENSMMUG00000039520	2
ENSMMUG00000002243	0
ENSMMUG00000003150	2
ENSMMUG00000012782	146
ENSMMUG00000004592	0
ENSMMUG00000047361	0
ENSMMUG00000046886	0
ENSMMUG00000039203	0
ENSMMUG00000000113	293
ENSMMUG00000054876	7
ENSMMUG00000050930	0
ENSMMUG00000011442	1
ENSMMUG00000054331	0
ENSMMUG00000009789	1
ENSMMUG00000049900	0
ENSMMUG00000018816	0
ENSMMUG00000006441	72
ENSMMUG00000053657	0
ENSMMUG00000002954	0
ENSMMUG00000006492	2
ENSMMUG00000024433	0
ENSMMUG00000012457	7
ENSMMUG00000061427	0
ENSMMUG00000061748	0
ENSMMUG00000059904	0
ENSMMUG00000057238	0
ENSMMUG00000018237	7
ENSMMUG00000018385	6
ENSMMUG00000002244	3
ENSMMUG00000014186	0
ENSMMUG00000028538	0
ENSMMUG00000000152	11
ENSMMUG00000021276	0
ENSMMUG00000000115	0
ENSMMUG00000064944	0
ENSMMUG00000055109	0
ENSMMUG00000023315	0
ENSMMUG00000023469	2
ENSMMUG00000015305	0
ENSMMUG00000059486	0
ENSMMUG00000064225	2
ENSMMUG00000006494	11
ENSMMUG00000052854	62
ENSMMUG00000032884	0
ENSMMUG00000064950	0
ENSMMUG00000041703	0
ENSMMUG00000013892	1
ENSMMUG00000001259	0
ENSMMUG00000051101	0
ENSMMUG00000039562	0
ENSMMUG00000016203	1
ENSMMUG00000022359	0
ENSMMUG00000062540	24
ENSMMUG00000031853	45
ENSMMUG00000023317	12
ENSMMUG00000060614	0
ENSMMUG00000061972	0
ENSMMUG00000056557	0
ENSMMUG00000006298	1
ENSMMUG00000051348	0
ENSMMUG00000046639	220
ENSMMUG00000064364	3
ENSMMUG00000008432	28
ENSMMUG00000018630	0
ENSMMUG00000020808	0
ENSMMUG00000008154	0
ENSMMUG00000054509	0
ENSMMUG00000013894	2
ENSMMUG00000051853	0
ENSMMUG00000015299	0
ENSMMUG00000006735	10
ENSMMUG00000009255	14
ENSMMUG00000063751	0
ENSMMUG00000060495	0
ENSMMUG00000007523	2
ENSMMUG00000007050	0
ENSMMUG00000060106	0
ENSMMUG00000050627	0
ENSMMUG00000019049	0
ENSMMUG00000027438	0
ENSMMUG00000013155	0
ENSMMUG00000062737	0
ENSMMUG00000059535	0
ENSMMUG00000063910	0
ENSMMUG00000024466	0
ENSMMUG00000064730	0
ENSMMUG00000056259	0
ENSMMUG00000023128	27
ENSMMUG00000065020	0
ENSMMUG00000011297	1
ENSMMUG00000015297	0
ENSMMUG00000049487	0
ENSMMUG00000012331	0
ENSMMUG00000057264	9
ENSMMUG00000008505	29
ENSMMUG00000003685	0
ENSMMUG00000060417	0
ENSMMUG00000058071	11
ENSMMUG00000003521	0
ENSMMUG00000049920	0
ENSMMUG00000048864	0
ENSMMUG00000042200	0
ENSMMUG00000049234	0
ENSMMUG00000006641	7
ENSMMUG00000058015	0
ENSMMUG00000019052	0
ENSMMUG00000057982	0
ENSMMUG00000045446	0
ENSMMUG00000057094	0
ENSMMUG00000047187	0
ENSMMUG00000039526	3
ENSMMUG00000064136	0
ENSMMUG00000027467	0
ENSMMUG00000015293	0
ENSMMUG00000014187	3
ENSMMUG00000006971	3
ENSMMUG00000027332	0
ENSMMUG00000036661	0
ENSMMUG00000013223	0
ENSMMUG00000051035	0
ENSMMUG00000051844	0
ENSMMUG00000020758	55
ENSMMUG00000044229	4
ENSMMUG00000055590	174
ENSMMUG00000006546	3
ENSMMUG00000012458	0
ENSMMUG00000055511	0
ENSMMUG00000013226	71
ENSMMUG00000059804	0
ENSMMUG00000051213	0
ENSMMUG00000054690	2
ENSMMUG00000059685	0
ENSMMUG00000002203	0
ENSMMUG00000063920	0
ENSMMUG00000034183	0
ENSMMUG00000058403	0
ENSMMUG00000053363	0
ENSMMUG00000016969	8
ENSMMUG00000042077	3
ENSMMUG00000018650	109
ENSMMUG00000055447	20
ENSMMUG00000012840	0
ENSMMUG00000049854	0
ENSMMUG00000056166	0
ENSMMUG00000006970	0
ENSMMUG00000061827	0
ENSMMUG00000032892	0
ENSMMUG00000049547	0
ENSMMUG00000021793	5
ENSMMUG00000024955	0
ENSMMUG00000044047	0
ENSMMUG00000001884	6
ENSMMUG00000046478	4
ENSMMUG00000002144	0
ENSMMUG00000060310	4
ENSMMUG00000007482	0
ENSMMUG00000034832	0
ENSMMUG00000064406	0
ENSMMUG00000018577	2
ENSMMUG00000054430	2
ENSMMUG00000001179	1
ENSMMUG00000023163	0
ENSMMUG00000006861	0
ENSMMUG00000061949	0
ENSMMUG00000063745	0
ENSMMUG00000055169	0
ENSMMUG00000025389	0
ENSMMUG00000038502	0
ENSMMUG00000041595	1
ENSMMUG00000013664	2
ENSMMUG00000018578	0
ENSMMUG00000003735	1
ENSMMUG00000064024	0
ENSMMUG00000006643	0
ENSMMUG00000015705	3
ENSMMUG00000026376	0
ENSMMUG00000022864	1
ENSMMUG00000032953	0
ENSMMUG00000001180	11
ENSMMUG00000058032	0
ENSMMUG00000050504	0
ENSMMUG00000001906	50
ENSMMUG00000057272	0
ENSMMUG00000031591	0
ENSMMUG00000051585	0
ENSMMUG00000062937	0
ENSMMUG00000012362	0
ENSMMUG00000011952	1
ENSMMUG00000000946	6
ENSMMUG00000018399	0
ENSMMUG00000015709	0
ENSMMUG00000018580	20
ENSMMUG00000049754	0
ENSMMUG00000055421	0
ENSMMUG00000049682	0
ENSMMUG00000028146	0
ENSMMUG00000061923	0
ENSMMUG00000021291	2
ENSMMUG00000063582	0
ENSMMUG00000048030	0
ENSMMUG00000023821	0
ENSMMUG00000056567	0
ENSMMUG00000031819	13
ENSMMUG00000058313	0
ENSMMUG00000005504	0
ENSMMUG00000019090	18
ENSMMUG00000035830	0
ENSMMUG00000020370	5
ENSMMUG00000000477	12
ENSMMUG00000053722	0
ENSMMUG00000052214	0
ENSMMUG00000015713	24
ENSMMUG00000053477	0
ENSMMUG00000058959	137
ENSMMUG00000002921	11
ENSMMUG00000064780	0
ENSMMUG00000055929	0
ENSMMUG00000021292	3
ENSMMUG00000021794	90
ENSMMUG00000003297	0
ENSMMUG00000017026	33
ENSMMUG00000013228	415
ENSMMUG00000023164	0
ENSMMUG00000026990	0
ENSMMUG00000060343	51
ENSMMUG00000053740	0
ENSMMUG00000046789	0
ENSMMUG00000047620	0
ENSMMUG00000064742	0
ENSMMUG00000006677	0
ENSMMUG00000049277	0
ENSMMUG00000001181	0
ENSMMUG00000049054	0
ENSMMUG00000023165	3
ENSMMUG00000025477	0
ENSMMUG00000061479	0
ENSMMUG00000008987	4
ENSMMUG00000055007	0
ENSMMUG00000018239	0
ENSMMUG00000009212	21
ENSMMUG00000000549	0
ENSMMUG00000031455	9
ENSMMUG00000021795	35
ENSMMUG00000053985	1
ENSMMUG00000013232	23
ENSMMUG00000044887	0
ENSMMUG00000046235	2
ENSMMUG00000002347	28
ENSMMUG00000060239	0
ENSMMUG00000012504	0
ENSMMUG00000050266	0
ENSMMUG00000011561	0
ENSMMUG00000063005	0
ENSMMUG00000050457	6
ENSMMUG00000015459	3
ENSMMUG00000006607	0
ENSMMUG00000049514	20
ENSMMUG00000021563	25
ENSMMUG00000057276	0
ENSMMUG00000041385	0
ENSMMUG00000010078	5
ENSMMUG00000040448	0
ENSMMUG00000054265	0
ENSMMUG00000045796	0
ENSMMUG00000051410	0
ENSMMUG00000050700	8
ENSMMUG00000018242	0
ENSMMUG00000015463	5
ENSMMUG00000044169	0
ENSMMUG00000049874	0
ENSMMUG00000015718	87
ENSMMUG00000057796	17
ENSMMUG00000001909	0
ENSMMUG00000017993	2
ENSMMUG00000051610	0
ENSMMUG00000001952	3
ENSMMUG00000021655	35
ENSMMUG00000038076	0
ENSMMUG00000010819	6
ENSMMUG00000002514	0
ENSMMUG00000060493	0
ENSMMUG00000051927	0
ENSMMUG00000006288	0
ENSMMUG00000056741	0
ENSMMUG00000055385	0
ENSMMUG00000026047	0
ENSMMUG00000006293	30
ENSMMUG00000061507	0
ENSMMUG00000059068	0
ENSMMUG00000005506	0
ENSMMUG00000056553	0
ENSMMUG00000011305	0
ENSMMUG00000012288	0
ENSMMUG00000061502	10
ENSMMUG00000021564	39
ENSMMUG00000061089	0
ENSMMUG00000009213	7
ENSMMUG00000056126	0
ENSMMUG00000021084	4
ENSMMUG00000010820	5
ENSMMUG00000035832	0
ENSMMUG00000060793	0
ENSMMUG00000022570	0
ENSMMUG00000018898	0
ENSMMUG00000057335	0
ENSMMUG00000053616	0
ENSMMUG00000049408	0
ENSMMUG00000001182	0
ENSMMUG00000054766	0
ENSMMUG00000059516	0
ENSMMUG00000031601	0
ENSMMUG00000057981	1
ENSMMUG00000003238	28
ENSMMUG00000021979	29
ENSMMUG00000018901	4
ENSMMUG00000056974	0
ENSMMUG00000046631	0
ENSMMUG00000056826	0
ENSMMUG00000038958	0
ENSMMUG00000042305	4
ENSMMUG00000037002	0
ENSMMUG00000002235	11
ENSMMUG00000015464	3
ENSMMUG00000060785	0
ENSMMUG00000043159	0
ENSMMUG00000056726	0
ENSMMUG00000002223	78
ENSMMUG00000017631	0
ENSMMUG00000058294	0
ENSMMUG00000035517	0
ENSMMUG00000020710	46
ENSMMUG00000032125	0
ENSMMUG00000056457	0
ENSMMUG00000007536	0
ENSMMUG00000012091	43
ENSMMUG00000033819	0
ENSMMUG00000017633	0
ENSMMUG00000033816	0
ENSMMUG00000061820	4
ENSMMUG00000013650	0
ENSMMUG00000053458	5
ENSMMUG00000002226	13
ENSMMUG00000051937	12
ENSMMUG00000023107	185
ENSMMUG00000001128	3
ENSMMUG00000006295	1
ENSMMUG00000015465	32
ENSMMUG00000040507	0
ENSMMUG00000056318	0
ENSMMUG00000035152	0
ENSMMUG00000004435	23
ENSMMUG00000015466	18
ENSMMUG00000017636	0
ENSMMUG00000028267	0
ENSMMUG00000042255	0
ENSMMUG00000011002	4
ENSMMUG00000000415	0
ENSMMUG00000019112	0
ENSMMUG00000054953	0
ENSMMUG00000059782	0
ENSMMUG00000001361	0
ENSMMUG00000056556	5
ENSMMUG00000001955	7
ENSMMUG00000038707	0
ENSMMUG00000004786	7
ENSMMUG00000057798	4
ENSMMUG00000046350	0
ENSMMUG00000060333	0
ENSMMUG00000001306	6
ENSMMUG00000015721	0
ENSMMUG00000057433	0
ENSMMUG00000041124	0
ENSMMUG00000027447	0
ENSMMUG00000016535	0
ENSMMUG00000037905	0
ENSMMUG00000035456	0
ENSMMUG00000063813	0
ENSMMUG00000012776	0
ENSMMUG00000018654	58
ENSMMUG00000052618	0
ENSMMUG00000003664	15
ENSMMUG00000020533	0
ENSMMUG00000031504	21
ENSMMUG00000056279	57
ENSMMUG00000051498	0
ENSMMUG00000054768	0
ENSMMUG00000044583	3
ENSMMUG00000012769	0
ENSMMUG00000012289	0
ENSMMUG00000061556	18
ENSMMUG00000018903	5
ENSMMUG00000041133	0
ENSMMUG00000023690	1
ENSMMUG00000057506	0
ENSMMUG00000052680	0
ENSMMUG00000052949	0
ENSMMUG00000060138	0
ENSMMUG00000056739	0
ENSMMUG00000018247	6
ENSMMUG00000053783	0
ENSMMUG00000012645	4
ENSMMUG00000006727	1
ENSMMUG00000062429	0
ENSMMUG00000064567	6
ENSMMUG00000017637	0
ENSMMUG00000057865	21
ENSMMUG00000053400	0
ENSMMUG00000006466	0
ENSMMUG00000015857	24
ENSMMUG00000017127	4
ENSMMUG00000001359	4
ENSMMUG00000059861	0
ENSMMUG00000006723	11
ENSMMUG00000012290	8
ENSMMUG00000006502	0
ENSMMUG00000031451	52
ENSMMUG00000010933	50
ENSMMUG00000011441	5
ENSMMUG00000064619	0
ENSMMUG00000017129	0
ENSMMUG00000035431	0
ENSMMUG00000001238	0
ENSMMUG00000003665	8
ENSMMUG00000017107	8
ENSMMUG00000049697	0
ENSMMUG00000062238	39
ENSMMUG00000009640	0
ENSMMUG00000057824	0
ENSMMUG00000040407	0
ENSMMUG00000015468	13
ENSMMUG00000063999	0
ENSMMUG00000054002	0
ENSMMUG00000057471	0
ENSMMUG00000014648	35
ENSMMUG00000061345	0
ENSMMUG00000053210	0
ENSMMUG00000064829	4
ENSMMUG00000014853	5
ENSMMUG00000024313	0
ENSMMUG00000025582	0
ENSMMUG00000007659	0
ENSMMUG00000004205	8
ENSMMUG00000052372	0
ENSMMUG00000026988	0
ENSMMUG00000005797	0
ENSMMUG00000055321	0
ENSMMUG00000035746	0
ENSMMUG00000062006	5
ENSMMUG00000027494	0
ENSMMUG00000021081	31
ENSMMUG00000052329	0
ENSMMUG00000050441	0
ENSMMUG00000011444	0
ENSMMUG00000051874	0
ENSMMUG00000006468	0
ENSMMUG00000042476	0
ENSMMUG00000053099	0
ENSMMUG00000064103	0
ENSMMUG00000017475	19
ENSMMUG00000008336	30
ENSMMUG00000015583	1
ENSMMUG00000004208	0
ENSMMUG00000009519	7
ENSMMUG00000032119	11
ENSMMUG00000013812	0
ENSMMUG00000018013	8
ENSMMUG00000003217	8
ENSMMUG00000061340	0
ENSMMUG00000019299	13
ENSMMUG00000060905	0
ENSMMUG00000061729	0
ENSMMUG00000063862	0
ENSMMUG00000056087	0
ENSMMUG00000004978	0
ENSMMUG00000017864	1
ENSMMUG00000004982	41
ENSMMUG00000000521	6
ENSMMUG00000028047	0
ENSMMUG00000055411	7
ENSMMUG00000020125	0
ENSMMUG00000009788	7
ENSMMUG00000020665	0
ENSMMUG00000052077	0
ENSMMUG00000037648	0
ENSMMUG00000058491	0
ENSMMUG00000050605	0
ENSMMUG00000057254	0
ENSMMUG00000023155	0
ENSMMUG00000012788	0
ENSMMUG00000060997	0
ENSMMUG00000061944	0
ENSMMUG00000003218	0
ENSMMUG00000046877	13
ENSMMUG00000055214	0
ENSMMUG00000060394	0
ENSMMUG00000057091	0
ENSMMUG00000005214	8
ENSMMUG00000014858	0
ENSMMUG00000047247	4
ENSMMUG00000058827	0
ENSMMUG00000031976	0
ENSMMUG00000053496	0
ENSMMUG00000009304	0
ENSMMUG00000060064	0
ENSMMUG00000037264	0
ENSMMUG00000060754	0
ENSMMUG00000017478	0
ENSMMUG00000051363	0
ENSMMUG00000023691	26
ENSMMUG00000056953	0
ENSMMUG00000063628	0
ENSMMUG00000051151	0
ENSMMUG00000058430	0
ENSMMUG00000004106	0
ENSMMUG00000051898	0
ENSMMUG00000057420	0
ENSMMUG00000060917	0
ENSMMUG00000006199	8
ENSMMUG00000058561	0
ENSMMUG00000011072	29
ENSMMUG00000007544	0
ENSMMUG00000023248	0
ENSMMUG00000018030	0
ENSMMUG00000022353	0
ENSMMUG00000023694	16
ENSMMUG00000035363	0
ENSMMUG00000031838	34
ENSMMUG00000055133	0
ENSMMUG00000031648	0
ENSMMUG00000010496	20
ENSMMUG00000054606	0
ENSMMUG00000060468	0
ENSMMUG00000017479	38
ENSMMUG00000053781	38
ENSMMUG00000002045	901
ENSMMUG00000050898	0
ENSMMUG00000022922	72
ENSMMUG00000038410	0
ENSMMUG00000015859	0
ENSMMUG00000009303	0
ENSMMUG00000059838	0
ENSMMUG00000050529	0
ENSMMUG00000015860	11
ENSMMUG00000007658	2
ENSMMUG00000007546	0
ENSMMUG00000010460	0
ENSMMUG00000046540	4
ENSMMUG00000009308	0
ENSMMUG00000008273	61
ENSMMUG00000001325	0
ENSMMUG00000007548	0
ENSMMUG00000022144	0
ENSMMUG00000009524	14
ENSMMUG00000053478	0
ENSMMUG00000060979	0
ENSMMUG00000064430	0
ENSMMUG00000019440	0
ENSMMUG00000003762	0
ENSMMUG00000032109	0
ENSMMUG00000014027	6
ENSMMUG00000044464	0
ENSMMUG00000001357	0
ENSMMUG00000022148	12
ENSMMUG00000015392	30
ENSMMUG00000015862	0
ENSMMUG00000023249	8
ENSMMUG00000057575	13
ENSMMUG00000017262	20
ENSMMUG00000042632	0
ENSMMUG00000046424	0
ENSMMUG00000043209	0
ENSMMUG00000049374	1
ENSMMUG00000009312	0
ENSMMUG00000043002	0
ENSMMUG00000054363	0
ENSMMUG00000010002	0
ENSMMUG00000060382	0
ENSMMUG00000053522	0
ENSMMUG00000053717	4
ENSMMUG00000002048	63
ENSMMUG00000005893	8
ENSMMUG00000011097	1
ENSMMUG00000001136	0
ENSMMUG00000063062	0
ENSMMUG00000063501	0
ENSMMUG00000063332	46
ENSMMUG00000021736	0
ENSMMUG00000054840	11
ENSMMUG00000001418	0
ENSMMUG00000064413	0
ENSMMUG00000052412	0
ENSMMUG00000009155	2
ENSMMUG00000017265	0
ENSMMUG00000056935	0
ENSMMUG00000020951	7
ENSMMUG00000054517	0
ENSMMUG00000051724	0
ENSMMUG00000043793	22
ENSMMUG00000006481	19
ENSMMUG00000017846	10
ENSMMUG00000060697	0
ENSMMUG00000054944	0
ENSMMUG00000010000	5
ENSMMUG00000014484	4
ENSMMUG00000057698	0
ENSMMUG00000013917	11
ENSMMUG00000063309	0
ENSMMUG00000061475	12
ENSMMUG00000016202	0
ENSMMUG00000061593	0
ENSMMUG00000052419	0
ENSMMUG00000055446	13
ENSMMUG00000021737	12
ENSMMUG00000018254	60
ENSMMUG00000017843	18
ENSMMUG00000003180	5
ENSMMUG00000057721	0
ENSMMUG00000011098	21
ENSMMUG00000039300	0
ENSMMUG00000051855	0
ENSMMUG00000062058	0
ENSMMUG00000005319	38
ENSMMUG00000063371	0
ENSMMUG00000036311	0
ENSMMUG00000053872	0
ENSMMUG00000062014	0
ENSMMUG00000003711	16
ENSMMUG00000064075	30
ENSMMUG00000064514	0
ENSMMUG00000028296	0
ENSMMUG00000011075	0
ENSMMUG00000063445	0
ENSMMUG00000003221	12
ENSMMUG00000015070	7
ENSMMUG00000026557	0
ENSMMUG00000057925	0
ENSMMUG00000050282	74
ENSMMUG00000053376	0
ENSMMUG00000048875	0
ENSMMUG00000010992	0
ENSMMUG00000050585	0
ENSMMUG00000064555	0
ENSMMUG00000041286	0
ENSMMUG00000052389	0
ENSMMUG00000056391	0
ENSMMUG00000020431	1
ENSMMUG00000035824	0
ENSMMUG00000018145	15
ENSMMUG00000016887	6
ENSMMUG00000000539	0
ENSMMUG00000034189	0
ENSMMUG00000059987	0
ENSMMUG00000026905	0
ENSMMUG00000000283	0
ENSMMUG00000064064	0
ENSMMUG00000063490	0
ENSMMUG00000022493	0
ENSMMUG00000060036	0
ENSMMUG00000057217	0
ENSMMUG00000049562	0
ENSMMUG00000054089	0
ENSMMUG00000015864	0
ENSMMUG00000018257	5
ENSMMUG00000055859	0
ENSMMUG00000060302	2
ENSMMUG00000062615	0
ENSMMUG00000052645	0
ENSMMUG00000061258	0
ENSMMUG00000052140	2
ENSMMUG00000061490	14
ENSMMUG00000003877	15
ENSMMUG00000033299	0
ENSMMUG00000054020	0
ENSMMUG00000015902	4
ENSMMUG00000061714	0
ENSMMUG00000005421	0
ENSMMUG00000052719	0
ENSMMUG00000038453	2
ENSMMUG00000022495	22
ENSMMUG00000057841	0
ENSMMUG00000038500	0
ENSMMUG00000022846	0
ENSMMUG00000058337	0
ENSMMUG00000055026	1
ENSMMUG00000054268	0
ENSMMUG00000026431	0
ENSMMUG00000056395	0
ENSMMUG00000061741	0
ENSMMUG00000053520	0
ENSMMUG00000050092	0
ENSMMUG00000055694	0
ENSMMUG00000051340	0
ENSMMUG00000016892	13
ENSMMUG00000012988	0
ENSMMUG00000018216	1
ENSMMUG00000006469	1
ENSMMUG00000046185	0
ENSMMUG00000004233	7
ENSMMUG00000024867	0
ENSMMUG00000064595	0
ENSMMUG00000008674	0
ENSMMUG00000062572	0
ENSMMUG00000005208	3
ENSMMUG00000018217	0
ENSMMUG00000056584	0
ENSMMUG00000005255	27
ENSMMUG00000034870	0
ENSMMUG00000028350	0
ENSMMUG00000050031	0
ENSMMUG00000065317	0
ENSMMUG00000024975	0
ENSMMUG00000059985	0
ENSMMUG00000008679	24
ENSMMUG00000018218	0
ENSMMUG00000055171	0
ENSMMUG00000060140	0
ENSMMUG00000007629	1
ENSMMUG00000043982	0
ENSMMUG00000051663	0
ENSMMUG00000018219	0
ENSMMUG00000020942	0
ENSMMUG00000036281	0
ENSMMUG00000058246	0
ENSMMUG00000036360	0
ENSMMUG00000062370	0
ENSMMUG00000061504	0
ENSMMUG00000003669	5
ENSMMUG00000061885	0
ENSMMUG00000022498	2
ENSMMUG00000059148	0
ENSMMUG00000021329	1
ENSMMUG00000057134	0
ENSMMUG00000062771	0
ENSMMUG00000022680	0
ENSMMUG00000056775	0
ENSMMUG00000007405	51
ENSMMUG00000062424	0
ENSMMUG00000051051	0
ENSMMUG00000054801	0
ENSMMUG00000053271	0
ENSMMUG00000055016	53
ENSMMUG00000021163	2
ENSMMUG00000010235	3
ENSMMUG00000063176	1
ENSMMUG00000054025	13
ENSMMUG00000059663	0
ENSMMUG00000031834	94
ENSMMUG00000055477	0
ENSMMUG00000063581	0
ENSMMUG00000062809	0
ENSMMUG00000001210	98
ENSMMUG00000025966	0
ENSMMUG00000013388	939
ENSMMUG00000062381	0
ENSMMUG00000055093	0
ENSMMUG00000006253	14
ENSMMUG00000057780	0
ENSMMUG00000060207	1
ENSMMUG00000007411	22
ENSMMUG00000050355	0
ENSMMUG00000013307	1
ENSMMUG00000059757	0
ENSMMUG00000002483	25
ENSMMUG00000059750	0
ENSMMUG00000056897	0
ENSMMUG00000022676	18
ENSMMUG00000014778	14
ENSMMUG00000041729	0
ENSMMUG00000010236	13
ENSMMUG00000036227	0
ENSMMUG00000020943	9
ENSMMUG00000032062	0
ENSMMUG00000049330	0
ENSMMUG00000021742	3
ENSMMUG00000022660	0
ENSMMUG00000024261	0
ENSMMUG00000060159	0
ENSMMUG00000049522	0
ENSMMUG00000010531	0
ENSMMUG00000055752	0
ENSMMUG00000061177	0
ENSMMUG00000010747	1
ENSMMUG00000013309	5
ENSMMUG00000065123	0
ENSMMUG00000063744	0
ENSMMUG00000052321	0
ENSMMUG00000055856	0
ENSMMUG00000062139	0
ENSMMUG00000007126	41
ENSMMUG00000059996	0
ENSMMUG00000047499	13
ENSMMUG00000007424	31
ENSMMUG00000051822	0
ENSMMUG00000054181	0
ENSMMUG00000011579	0
ENSMMUG00000037675	0
ENSMMUG00000053437	0
ENSMMUG00000019134	0
ENSMMUG00000019385	0
ENSMMUG00000016621	4
ENSMMUG00000011802	3
ENSMMUG00000026182	0
ENSMMUG00000013706	0
ENSMMUG00000002358	0
ENSMMUG00000054816	8
ENSMMUG00000013703	0
ENSMMUG00000005098	42
ENSMMUG00000057830	0
ENSMMUG00000013698	0
ENSMMUG00000061646	0
ENSMMUG00000045026	1
ENSMMUG00000014400	1
ENSMMUG00000041119	0
ENSMMUG00000034427	0
ENSMMUG00000064815	0
ENSMMUG00000057610	0
ENSMMUG00000063985	0
ENSMMUG00000052438	0
ENSMMUG00000050044	5
ENSMMUG00000016628	8
ENSMMUG00000005099	0
ENSMMUG00000051173	0
ENSMMUG00000000955	6
ENSMMUG00000004172	20
ENSMMUG00000011179	1
ENSMMUG00000002641	0
ENSMMUG00000014399	0
ENSMMUG00000040307	0
ENSMMUG00000013482	51
ENSMMUG00000015253	2
ENSMMUG00000011180	5
ENSMMUG00000005960	12
ENSMMUG00000055014	0
ENSMMUG00000002304	0
ENSMMUG00000055287	0
ENSMMUG00000062790	0
ENSMMUG00000056745	0
ENSMMUG00000032156	2
ENSMMUG00000065219	0
ENSMMUG00000016631	0
ENSMMUG00000056017	0
ENSMMUG00000015256	18
ENSMMUG00000002305	0
ENSMMUG00000053763	0
ENSMMUG00000008430	8
ENSMMUG00000010868	4
ENSMMUG00000063010	0
ENSMMUG00000060392	0
ENSMMUG00000032744	6
ENSMMUG00000041726	0
ENSMMUG00000058689	0
ENSMMUG00000015810	0
ENSMMUG00000051132	0
ENSMMUG00000051493	0
ENSMMUG00000058640	0
ENSMMUG00000020948	0
ENSMMUG00000051304	0
ENSMMUG00000016962	54
ENSMMUG00000006255	17
ENSMMUG00000056498	0
ENSMMUG00000031831	0
ENSMMUG00000064368	0
ENSMMUG00000028490	0
ENSMMUG00000064323	0
ENSMMUG00000060137	0
ENSMMUG00000022118	0
ENSMMUG00000047016	0
ENSMMUG00000052721	0
ENSMMUG00000005530	0
ENSMMUG00000045353	3
ENSMMUG00000000803	249
ENSMMUG00000054831	0
ENSMMUG00000039897	0
ENSMMUG00000025496	0
ENSMMUG00000036856	0
ENSMMUG00000056625	0
ENSMMUG00000041907	0
ENSMMUG00000062808	0
ENSMMUG00000015811	0
ENSMMUG00000015179	0
ENSMMUG00000009251	1
ENSMMUG00000014980	0
ENSMMUG00000023575	0
ENSMMUG00000046124	7
ENSMMUG00000040380	10
ENSMMUG00000022174	0
ENSMMUG00000053591	0
ENSMMUG00000059067	0
ENSMMUG00000049480	0
ENSMMUG00000060951	0
ENSMMUG00000014982	0
ENSMMUG00000020629	8
ENSMMUG00000019214	17
ENSMMUG00000007727	5
ENSMMUG00000007395	5
ENSMMUG00000014984	0
ENSMMUG00000050087	0
ENSMMUG00000017319	4
ENSMMUG00000015813	0
ENSMMUG00000050481	0
ENSMMUG00000049365	0
ENSMMUG00000062887	0
ENSMMUG00000031914	0
ENSMMUG00000054978	0
ENSMMUG00000057515	0
ENSMMUG00000000956	26
ENSMMUG00000005021	0
ENSMMUG00000021735	8
ENSMMUG00000051419	0
ENSMMUG00000053710	0
ENSMMUG00000050795	0
ENSMMUG00000057230	0
ENSMMUG00000050572	0
ENSMMUG00000052144	171
ENSMMUG00000022913	1
ENSMMUG00000031911	3
ENSMMUG00000048004	0
ENSMMUG00000034968	0
ENSMMUG00000027418	0
ENSMMUG00000057615	0
ENSMMUG00000063898	0
ENSMMUG00000015817	4
ENSMMUG00000021230	0
ENSMMUG00000004851	0
ENSMMUG00000059640	0
ENSMMUG00000053460	0
ENSMMUG00000001062	96
ENSMMUG00000021878	1
ENSMMUG00000052904	0
ENSMMUG00000044105	0
ENSMMUG00000021232	9
ENSMMUG00000038256	0
ENSMMUG00000054862	1
ENSMMUG00000025284	0
ENSMMUG00000057823	0
ENSMMUG00000058855	3
ENSMMUG00000010087	15
ENSMMUG00000051829	0
ENSMMUG00000008300	12
ENSMMUG00000021733	0
ENSMMUG00000049715	0
ENSMMUG00000060420	0
ENSMMUG00000021688	0
ENSMMUG00000010334	0
ENSMMUG00000051956	0
ENSMMUG00000059150	16
ENSMMUG00000000860	36
ENSMMUG00000007730	0
ENSMMUG00000019860	12
ENSMMUG00000053651	0
ENSMMUG00000055912	0
ENSMMUG00000059462	0
ENSMMUG00000050842	0
ENSMMUG00000064121	0
ENSMMUG00000056303	0
ENSMMUG00000021689	0
ENSMMUG00000043236	0
ENSMMUG00000055839	0
ENSMMUG00000049638	0
ENSMMUG00000051715	0
ENSMMUG00000035958	0
ENSMMUG00000063112	0
ENSMMUG00000000318	179
ENSMMUG00000013942	0
ENSMMUG00000013655	15
ENSMMUG00000022175	0
ENSMMUG00000038386	0
ENSMMUG00000061853	12
ENSMMUG00000014775	0
ENSMMUG00000022176	0
ENSMMUG00000057672	0
ENSMMUG00000052971	0
ENSMMUG00000063407	0
ENSMMUG00000053986	0
ENSMMUG00000019330	71
ENSMMUG00000050112	0
ENSMMUG00000019861	0
ENSMMUG00000052758	0
ENSMMUG00000000203	0
ENSMMUG00000016550	11
ENSMMUG00000009236	0
ENSMMUG00000006529	0
ENSMMUG00000000204	8
ENSMMUG00000006531	1
ENSMMUG00000051588	13
ENSMMUG00000006154	10
ENSMMUG00000022278	0
ENSMMUG00000006532	166
ENSMMUG00000021808	0
ENSMMUG00000052078	0
ENSMMUG00000065304	0
ENSMMUG00000019332	50
ENSMMUG00000000205	0
ENSMMUG00000016471	24
ENSMMUG00000000329	107
ENSMMUG00000058178	0
ENSMMUG00000041539	33
ENSMMUG00000017279	0
ENSMMUG00000058429	0
ENSMMUG00000015540	2
ENSMMUG00000049805	0
ENSMMUG00000056919	0
ENSMMUG00000007433	8
ENSMMUG00000051123	245
ENSMMUG00000020339	0
ENSMMUG00000013253	8
ENSMMUG00000060215	0
ENSMMUG00000025346	0
ENSMMUG00000052030	0
ENSMMUG00000062621	0
ENSMMUG00000062343	0
ENSMMUG00000050891	0
ENSMMUG00000063011	0
ENSMMUG00000056712	0
ENSMMUG00000062430	0
ENSMMUG00000054004	0
ENSMMUG00000015544	2
ENSMMUG00000052885	0
ENSMMUG00000015153	33
ENSMMUG00000011811	13
ENSMMUG00000001027	10
ENSMMUG00000059980	0
ENSMMUG00000024688	0
ENSMMUG00000052898	0
ENSMMUG00000033097	0
ENSMMUG00000015550	1
ENSMMUG00000004895	0
ENSMMUG00000013766	17
ENSMMUG00000051371	0
ENSMMUG00000026224	0
ENSMMUG00000013654	0
ENSMMUG00000005246	2
ENSMMUG00000008172	7
ENSMMUG00000030923	7
ENSMMUG00000000595	1
ENSMMUG00000056197	0
ENSMMUG00000005245	7
ENSMMUG00000064396	0
ENSMMUG00000051290	0
ENSMMUG00000015343	0
ENSMMUG00000010712	0
ENSMMUG00000026236	0
ENSMMUG00000022017	1
ENSMMUG00000056570	0
ENSMMUG00000063716	0
ENSMMUG00000001214	0
ENSMMUG00000003073	203
ENSMMUG00000065110	0
ENSMMUG00000022020	6
ENSMMUG00000013666	0
ENSMMUG00000004522	0
ENSMMUG00000055476	0
ENSMMUG00000022021	3
ENSMMUG00000060125	0
ENSMMUG00000065158	0
ENSMMUG00000061155	25
ENSMMUG00000065274	0
ENSMMUG00000043878	0
ENSMMUG00000059999	0
ENSMMUG00000057617	0
ENSMMUG00000048652	0
ENSMMUG00000042948	0
ENSMMUG00000060726	0
ENSMMUG00000051454	0
ENSMMUG00000057714	0
ENSMMUG00000060449	0
ENSMMUG00000043411	12
ENSMMUG00000003763	0
ENSMMUG00000021114	0
ENSMMUG00000010565	8
ENSMMUG00000003203	0
ENSMMUG00000022030	9
ENSMMUG00000013518	0
ENSMMUG00000022034	13
ENSMMUG00000019783	0
ENSMMUG00000022036	51
ENSMMUG00000017525	4
ENSMMUG00000021192	3
ENSMMUG00000017527	94
ENSMMUG00000052817	20
ENSMMUG00000020036	4
ENSMMUG00000020037	0
ENSMMUG00000051328	0
ENSMMUG00000028328	0
ENSMMUG00000057866	0
ENSMMUG00000024935	0
ENSMMUG00000036270	0
ENSMMUG00000054294	5
ENSMMUG00000046745	0
ENSMMUG00000018484	0
ENSMMUG00000055968	0
ENSMMUG00000018485	0
ENSMMUG00000027375	0
ENSMMUG00000037566	0
ENSMMUG00000063479	0
ENSMMUG00000022961	2
ENSMMUG00000050125	0
ENSMMUG00000027345	0
ENSMMUG00000064528	0
ENSMMUG00000021782	508
ENSMMUG00000012453	50
ENSMMUG00000065333	0
ENSMMUG00000051924	0
ENSMMUG00000014007	0
ENSMMUG00000010077	0
ENSMMUG00000021784	0
ENSMMUG00000063333	0
ENSMMUG00000057485	0
ENSMMUG00000021785	53
ENSMMUG00000021786	0
ENSMMUG00000021787	35
ENSMMUG00000021789	52
ENSMMUG00000056460	0
ENSMMUG00000059286	0
ENSMMUG00000033053	0
ENSMMUG00000001124	0
ENSMMUG00000022058	0
ENSMMUG00000022060	0
ENSMMUG00000011277	40
ENSMMUG00000059375	0
ENSMMUG00000011286	27
ENSMMUG00000060873	23
ENSMMUG00000061522	0
ENSMMUG00000011289	29
ENSMMUG00000054257	3
ENSMMUG00000055886	0
ENSMMUG00000011769	24
ENSMMUG00000063780	0
ENSMMUG00000064589	0
ENSMMUG00000011773	13
ENSMMUG00000024640	0
ENSMMUG00000011775	10
ENSMMUG00000058627	0
ENSMMUG00000056394	0
ENSMMUG00000050183	0
ENSMMUG00000050776	0
ENSMMUG00000057168	0
ENSMMUG00000051685	0
ENSMMUG00000053096	0
ENSMMUG00000011777	0
ENSMMUG00000018094	48
ENSMMUG00000028384	0
ENSMMUG00000023996	0
ENSMMUG00000023828	0
ENSMMUG00000025445	0
ENSMMUG00000054390	0
ENSMMUG00000039169	0
ENSMMUG00000052932	0
ENSMMUG00000060551	0
ENSMMUG00000054124	0
ENSMMUG00000038223	0
ENSMMUG00000012140	103
ENSMMUG00000039347	0
ENSMMUG00000064004	0
ENSMMUG00000064885	3
ENSMMUG00000060183	0
ENSMMUG00000055857	0
ENSMMUG00000022831	0
ENSMMUG00000006981	0
ENSMMUG00000015167	8
ENSMMUG00000040000	7
ENSMMUG00000027299	0
ENSMMUG00000065290	0
ENSMMUG00000016871	0
ENSMMUG00000050634	0
ENSMMUG00000010519	251
ENSMMUG00000054096	0
ENSMMUG00000055810	0
ENSMMUG00000054937	4
ENSMMUG00000056392	25
ENSMMUG00000012173	0
ENSMMUG00000056429	0
ENSMMUG00000010508	0
ENSMMUG00000054595	0
ENSMMUG00000057588	0
ENSMMUG00000064179	0
ENSMMUG00000051807	0
ENSMMUG00000061244	0
ENSMMUG00000011516	0
ENSMMUG00000006985	0
ENSMMUG00000054449	0
ENSMMUG00000016873	0
ENSMMUG00000013808	17
ENSMMUG00000052472	0
ENSMMUG00000041594	4
ENSMMUG00000058471	0
ENSMMUG00000016207	1
ENSMMUG00000059971	0
ENSMMUG00000059159	0
ENSMMUG00000064161	0
ENSMMUG00000022147	1
ENSMMUG00000050921	0
ENSMMUG00000051875	1
ENSMMUG00000022149	0
ENSMMUG00000022150	0
ENSMMUG00000023321	0
ENSMMUG00000058759	0
ENSMMUG00000059604	0
ENSMMUG00000022151	12
ENSMMUG00000016209	8
ENSMMUG00000009346	25
ENSMMUG00000001674	4
ENSMMUG00000050546	2
ENSMMUG00000046909	0
ENSMMUG00000052415	0
ENSMMUG00000001721	0
ENSMMUG00000012211	42
ENSMMUG00000064325	0
ENSMMUG00000004730	131
ENSMMUG00000021287	10
ENSMMUG00000056075	21
ENSMMUG00000058645	1
ENSMMUG00000037193	0
ENSMMUG00000058577	0
ENSMMUG00000061033	0
ENSMMUG00000012216	0
ENSMMUG00000001053	14
ENSMMUG00000057598	0
ENSMMUG00000050180	0
ENSMMUG00000060108	0
ENSMMUG00000051710	0
ENSMMUG00000061809	0
ENSMMUG00000005911	0
ENSMMUG00000049232	9
ENSMMUG00000054550	0
ENSMMUG00000017404	0
ENSMMUG00000001651	0
ENSMMUG00000051779	9
ENSMMUG00000016788	23
ENSMMUG00000061486	0
ENSMMUG00000028105	0
ENSMMUG00000050338	0
ENSMMUG00000009772	1
ENSMMUG00000058114	0
ENSMMUG00000061342	0
ENSMMUG00000001989	8
ENSMMUG00000000381	3
ENSMMUG00000014228	0
ENSMMUG00000062574	0
ENSMMUG00000027543	0
ENSMMUG00000065061	0
ENSMMUG00000060487	34
ENSMMUG00000013785	235
ENSMMUG00000058685	0
ENSMMUG00000063784	0
ENSMMUG00000061673	0
ENSMMUG00000019277	3
ENSMMUG00000050663	0
ENSMMUG00000025476	0
ENSMMUG00000021605	2
ENSMMUG00000050699	0
ENSMMUG00000001054	120
ENSMMUG00000062989	0
ENSMMUG00000000382	0
ENSMMUG00000008643	2
ENSMMUG00000039914	0
ENSMMUG00000025472	0
ENSMMUG00000057072	0
ENSMMUG00000004736	50
ENSMMUG00000051639	0
ENSMMUG00000014049	170
ENSMMUG00000008334	0
ENSMMUG00000002417	68
ENSMMUG00000010554	8
ENSMMUG00000056260	0
ENSMMUG00000031276	0
ENSMMUG00000021818	8
ENSMMUG00000064880	1
ENSMMUG00000065281	0
ENSMMUG00000054519	0
ENSMMUG00000005700	0
ENSMMUG00000060201	0
ENSMMUG00000049482	0
ENSMMUG00000011641	0
ENSMMUG00000001313	18
ENSMMUG00000054516	0
ENSMMUG00000007092	8
ENSMMUG00000055188	0
ENSMMUG00000023358	7
ENSMMUG00000043369	0
ENSMMUG00000014813	0
ENSMMUG00000004179	12
ENSMMUG00000065015	0
ENSMMUG00000052154	0
ENSMMUG00000052124	0
ENSMMUG00000062577	0
ENSMMUG00000023005	0
ENSMMUG00000063864	30
ENSMMUG00000023006	5
ENSMMUG00000063438	0
ENSMMUG00000023009	0
ENSMMUG00000037345	0
ENSMMUG00000035659	0
ENSMMUG00000012318	2
ENSMMUG00000060652	0
ENSMMUG00000023359	0
ENSMMUG00000052987	0
ENSMMUG00000001314	23
ENSMMUG00000048288	0
ENSMMUG00000021012	0
ENSMMUG00000050023	0
ENSMMUG00000026186	0
ENSMMUG00000005646	28
ENSMMUG00000004180	1
ENSMMUG00000022425	1
ENSMMUG00000053004	0
ENSMMUG00000017734	0
ENSMMUG00000009593	10
ENSMMUG00000004177	16
ENSMMUG00000059981	2
ENSMMUG00000056691	2
ENSMMUG00000056380	6
ENSMMUG00000063442	0
ENSMMUG00000054983	0
ENSMMUG00000062299	0
ENSMMUG00000024713	0
ENSMMUG00000005662	36
ENSMMUG00000045799	0
ENSMMUG00000036828	0
ENSMMUG00000060880	0
ENSMMUG00000021796	0
ENSMMUG00000008047	10
ENSMMUG00000017735	0
ENSMMUG00000053252	0
ENSMMUG00000061455	0
ENSMMUG00000021797	0
ENSMMUG00000063052	0
ENSMMUG00000020228	0
ENSMMUG00000051995	0
ENSMMUG00000012321	37
ENSMMUG00000051957	5
ENSMMUG00000054018	0
ENSMMUG00000002799	28
ENSMMUG00000008049	1
ENSMMUG00000060070	0
ENSMMUG00000013400	0
ENSMMUG00000022430	41
ENSMMUG00000000190	0
ENSMMUG00000056427	6
ENSMMUG00000019351	0
ENSMMUG00000014102	13
ENSMMUG00000057334	0
ENSMMUG00000056723	0
ENSMMUG00000059518	0
ENSMMUG00000056824	0
ENSMMUG00000022601	12
ENSMMUG00000022808	0
ENSMMUG00000018548	24
ENSMMUG00000034676	0
ENSMMUG00000044558	0
ENSMMUG00000049035	8
ENSMMUG00000022602	5
ENSMMUG00000012089	0
ENSMMUG00000055648	0
ENSMMUG00000053071	0
ENSMMUG00000065075	0
ENSMMUG00000033245	0
ENSMMUG00000024427	0
ENSMMUG00000026100	0
ENSMMUG00000003947	8
ENSMMUG00000058328	0
ENSMMUG00000016941	0
ENSMMUG00000001858	14
ENSMMUG00000056151	0
ENSMMUG00000061305	0
ENSMMUG00000056418	3
ENSMMUG00000018568	3
ENSMMUG00000064189	0
ENSMMUG00000022812	33
ENSMMUG00000003260	1
ENSMMUG00000014405	0
ENSMMUG00000028415	0
ENSMMUG00000037071	0
ENSMMUG00000064089	0
ENSMMUG00000014307	0
ENSMMUG00000001861	18
ENSMMUG00000050714	0
ENSMMUG00000020211	0
ENSMMUG00000037672	0
ENSMMUG00000065078	0
ENSMMUG00000056867	0
ENSMMUG00000012094	0
ENSMMUG00000063159	0
ENSMMUG00000007283	1
ENSMMUG00000054684	0
ENSMMUG00000010489	33
ENSMMUG00000064043	0
ENSMMUG00000058365	0
ENSMMUG00000065205	79
ENSMMUG00000057440	0
ENSMMUG00000055743	0
ENSMMUG00000008502	1
ENSMMUG00000057651	4
ENSMMUG00000016547	18
ENSMMUG00000063059	0
ENSMMUG00000037537	0
ENSMMUG00000057571	0
ENSMMUG00000042630	0
ENSMMUG00000008113	7
ENSMMUG00000003386	29
ENSMMUG00000033468	0
ENSMMUG00000056875	0
ENSMMUG00000064234	13
ENSMMUG00000003954	7
ENSMMUG00000038299	57
ENSMMUG00000007288	0
ENSMMUG00000062013	0
ENSMMUG00000063032	0
ENSMMUG00000064210	0
ENSMMUG00000055010	0
ENSMMUG00000061588	0
ENSMMUG00000049555	0
ENSMMUG00000056169	0
ENSMMUG00000054270	0
ENSMMUG00000064044	0
ENSMMUG00000049764	0
ENSMMUG00000043597	1
ENSMMUG00000061798	0
ENSMMUG00000050185	0
ENSMMUG00000022817	64
ENSMMUG00000041827	0
ENSMMUG00000023498	0
ENSMMUG00000051118	0
ENSMMUG00000007289	0
ENSMMUG00000025629	0
ENSMMUG00000023809	6
ENSMMUG00000002011	0
ENSMMUG00000061638	0
ENSMMUG00000060339	0
ENSMMUG00000036821	0
ENSMMUG00000005650	22
ENSMMUG00000056389	0
ENSMMUG00000059636	0
ENSMMUG00000045625	0
ENSMMUG00000052742	0
ENSMMUG00000059259	0
ENSMMUG00000052313	0
ENSMMUG00000053954	0
ENSMMUG00000056938	0
ENSMMUG00000055235	0
ENSMMUG00000065120	0
ENSMMUG00000051862	0
ENSMMUG00000051539	0
ENSMMUG00000036402	0
ENSMMUG00000031218	0
ENSMMUG00000023810	3
ENSMMUG00000064322	0
ENSMMUG00000049635	0
ENSMMUG00000039406	0
ENSMMUG00000035574	0
ENSMMUG00000051574	0
ENSMMUG00000010871	0
ENSMMUG00000051366	0
ENSMMUG00000023811	0
ENSMMUG00000050908	0
ENSMMUG00000022664	3
ENSMMUG00000053000	0
ENSMMUG00000012364	11
ENSMMUG00000049611	0
ENSMMUG00000013359	42
ENSMMUG00000014299	0
ENSMMUG00000000376	183
ENSMMUG00000061506	0
ENSMMUG00000025579	0
ENSMMUG00000055831	0
ENSMMUG00000002013	0
ENSMMUG00000023501	0
ENSMMUG00000047915	0
ENSMMUG00000046368	0
ENSMMUG00000059960	0
ENSMMUG00000021216	4
ENSMMUG00000012822	0
ENSMMUG00000032599	1
ENSMMUG00000023504	6
ENSMMUG00000054605	0
ENSMMUG00000064222	0
ENSMMUG00000016077	1
ENSMMUG00000026948	0
ENSMMUG00000060947	0
ENSMMUG00000025000	0
ENSMMUG00000051761	9
ENSMMUG00000059380	7
ENSMMUG00000057581	0
ENSMMUG00000002183	10
ENSMMUG00000052177	0
ENSMMUG00000005612	27
ENSMMUG00000019467	28
ENSMMUG00000065344	0
ENSMMUG00000014394	0
ENSMMUG00000010185	9
ENSMMUG00000052542	0
ENSMMUG00000027051	0
ENSMMUG00000058846	0
ENSMMUG00000016899	20
ENSMMUG00000013830	0
ENSMMUG00000020409	3
ENSMMUG00000019590	2
ENSMMUG00000060069	0
ENSMMUG00000059790	0
ENSMMUG00000058657	0
ENSMMUG00000031367	1
ENSMMUG00000051580	0
ENSMMUG00000028253	0
ENSMMUG00000062499	3
ENSMMUG00000049828	0
ENSMMUG00000033962	0
ENSMMUG00000026635	0
ENSMMUG00000059853	0
ENSMMUG00000024469	0
ENSMMUG00000018483	2
ENSMMUG00000036654	0
ENSMMUG00000065182	0
ENSMMUG00000007685	6
ENSMMUG00000014396	13
ENSMMUG00000017524	2
ENSMMUG00000013832	0
ENSMMUG00000051936	0
ENSMMUG00000049967	0
ENSMMUG00000059141	0
ENSMMUG00000055496	0
ENSMMUG00000056851	0
ENSMMUG00000057533	0
ENSMMUG00000004897	6
ENSMMUG00000057735	0
ENSMMUG00000059944	0
ENSMMUG00000060146	0
ENSMMUG00000046254	5
ENSMMUG00000018486	8
ENSMMUG00000008908	0
ENSMMUG00000015218	6
ENSMMUG00000009617	31
ENSMMUG00000005613	134
ENSMMUG00000065172	0
ENSMMUG00000061045	0
ENSMMUG00000059250	0
ENSMMUG00000018487	57
ENSMMUG00000002185	0
ENSMMUG00000014397	15
ENSMMUG00000015649	0
ENSMMUG00000063771	0
ENSMMUG00000053218	0
ENSMMUG00000052071	5
ENSMMUG00000009615	38
ENSMMUG00000054304	0
ENSMMUG00000053185	0
ENSMMUG00000056857	0
ENSMMUG00000033137	0
ENSMMUG00000005617	0
ENSMMUG00000054950	0
ENSMMUG00000053564	0
ENSMMUG00000057567	0
ENSMMUG00000031310	0
ENSMMUG00000018482	5
ENSMMUG00000018908	28
ENSMMUG00000056410	0
ENSMMUG00000005393	0
ENSMMUG00000047649	0
ENSMMUG00000058169	19
ENSMMUG00000041535	0
ENSMMUG00000023611	0
ENSMMUG00000056185	0
ENSMMUG00000037719	0
ENSMMUG00000000722	8
ENSMMUG00000023167	1
ENSMMUG00000052009	0
ENSMMUG00000032945	0
ENSMMUG00000013233	3
ENSMMUG00000057390	0
ENSMMUG00000064372	0
ENSMMUG00000057623	14
ENSMMUG00000053128	0
ENSMMUG00000059090	0
ENSMMUG00000013835	0
ENSMMUG00000053486	0
ENSMMUG00000049657	0
ENSMMUG00000013573	19
ENSMMUG00000001102	5
ENSMMUG00000039992	0
ENSMMUG00000054264	0
ENSMMUG00000012342	0
ENSMMUG00000064775	1
ENSMMUG00000023168	0
ENSMMUG00000045345	0
ENSMMUG00000021159	0
ENSMMUG00000018918	0
ENSMMUG00000002187	0
ENSMMUG00000018930	25
ENSMMUG00000045736	0
ENSMMUG00000054778	0
ENSMMUG00000009710	0
ENSMMUG00000009626	40
ENSMMUG00000059558	0
ENSMMUG00000002189	1
ENSMMUG00000057754	0
ENSMMUG00000010080	0
ENSMMUG00000018147	1
ENSMMUG00000058882	0
ENSMMUG00000005397	15
ENSMMUG00000054487	0
ENSMMUG00000006159	3
ENSMMUG00000008101	4
ENSMMUG00000051238	0
ENSMMUG00000049960	0
ENSMMUG00000015292	0
ENSMMUG00000042257	0
ENSMMUG00000047996	1
ENSMMUG00000052175	0
ENSMMUG00000060288	0
ENSMMUG00000036154	0
ENSMMUG00000006160	0
ENSMMUG00000001761	4
ENSMMUG00000005610	0
ENSMMUG00000033934	0
ENSMMUG00000006161	6
ENSMMUG00000057949	0
ENSMMUG00000004140	1
ENSMMUG00000064188	0
ENSMMUG00000021219	0
ENSMMUG00000064776	0
ENSMMUG00000062284	4
ENSMMUG00000062404	0
ENSMMUG00000049645	0
ENSMMUG00000017716	0
ENSMMUG00000041125	0
ENSMMUG00000054001	0
ENSMMUG00000050590	0
ENSMMUG00000059311	0
ENSMMUG00000009038	19268
ENSMMUG00000049572	0
ENSMMUG00000006737	55
ENSMMUG00000055478	0
ENSMMUG00000017717	0
ENSMMUG00000063410	0
ENSMMUG00000051349	0
ENSMMUG00000022899	0
ENSMMUG00000022259	7
ENSMMUG00000059581	0
ENSMMUG00000058552	0
ENSMMUG00000054984	0
ENSMMUG00000021625	0
ENSMMUG00000021221	0
ENSMMUG00000063388	0
ENSMMUG00000038413	0
ENSMMUG00000021623	0
ENSMMUG00000013235	2
ENSMMUG00000064620	0
ENSMMUG00000009400	5
ENSMMUG00000054000	0
ENSMMUG00000059590	0
ENSMMUG00000049662	0
ENSMMUG00000052339	0
ENSMMUG00000056715	0
ENSMMUG00000061491	0
ENSMMUG00000009511	12
ENSMMUG00000060941	0
ENSMMUG00000060899	0
ENSMMUG00000055911	0
ENSMMUG00000018151	0
ENSMMUG00000008102	0
ENSMMUG00000058697	0
ENSMMUG00000057412	0
ENSMMUG00000052251	0
ENSMMUG00000057861	0
ENSMMUG00000046155	0
ENSMMUG00000012423	0
ENSMMUG00000054362	0
ENSMMUG00000014176	0
ENSMMUG00000063693	0
ENSMMUG00000052431	0
ENSMMUG00000052822	0
ENSMMUG00000064083	0
ENSMMUG00000006740	4
ENSMMUG00000063508	0
ENSMMUG00000052913	0
ENSMMUG00000041273	14
ENSMMUG00000034603	0
ENSMMUG00000036756	0
ENSMMUG00000051544	0
ENSMMUG00000025382	0
ENSMMUG00000006109	4
ENSMMUG00000049679	0
ENSMMUG00000055516	0
ENSMMUG00000051587	0
ENSMMUG00000006446	1
ENSMMUG00000058085	0
ENSMMUG00000018155	13
ENSMMUG00000060934	0
ENSMMUG00000060281	0
ENSMMUG00000011129	0
ENSMMUG00000034826	0
ENSMMUG00000021909	6
ENSMMUG00000006743	3
ENSMMUG00000021931	77
ENSMMUG00000018139	0
ENSMMUG00000006077	177
ENSMMUG00000055622	0
ENSMMUG00000017143	0
ENSMMUG00000017248	6
ENSMMUG00000009885	0
ENSMMUG00000006744	4
ENSMMUG00000016040	5
ENSMMUG00000003707	0
ENSMMUG00000061446	0
ENSMMUG00000044212	0
ENSMMUG00000055526	0
ENSMMUG00000019462	5
ENSMMUG00000061826	35
ENSMMUG00000011128	0
ENSMMUG00000027845	0
ENSMMUG00000053839	0
ENSMMUG00000061794	0
ENSMMUG00000060725	0
ENSMMUG00000006158	6
ENSMMUG00000006755	6
ENSMMUG00000050074	0
ENSMMUG00000011126	3
ENSMMUG00000054943	0
ENSMMUG00000005009	0
ENSMMUG00000062492	7
ENSMMUG00000050484	0
ENSMMUG00000056539	0
ENSMMUG00000059510	0
ENSMMUG00000058947	0
ENSMMUG00000063907	0
ENSMMUG00000058521	0
ENSMMUG00000044949	2
ENSMMUG00000057399	0
ENSMMUG00000054230	0
ENSMMUG00000065103	0
ENSMMUG00000021330	8
ENSMMUG00000063556	0
ENSMMUG00000061271	0
ENSMMUG00000010382	24
ENSMMUG00000039972	5
ENSMMUG00000059048	0
ENSMMUG00000053546	0
ENSMMUG00000049592	5
ENSMMUG00000006758	24
ENSMMUG00000018497	1
ENSMMUG00000060684	0
ENSMMUG00000060323	0
ENSMMUG00000055253	0
ENSMMUG00000006528	0
ENSMMUG00000017781	0
ENSMMUG00000053205	0
ENSMMUG00000040212	0
ENSMMUG00000016545	0
ENSMMUG00000054419	0
ENSMMUG00000052687	0
ENSMMUG00000002610	2
ENSMMUG00000021877	33
ENSMMUG00000018840	0
ENSMMUG00000057382	0
ENSMMUG00000058416	0
ENSMMUG00000052247	2
ENSMMUG00000052869	0
ENSMMUG00000010927	0
ENSMMUG00000052954	3
ENSMMUG00000056904	0
ENSMMUG00000065249	0
ENSMMUG00000011922	0
ENSMMUG00000054676	0
ENSMMUG00000036082	0
ENSMMUG00000013246	1
ENSMMUG00000055111	0
ENSMMUG00000049669	0
ENSMMUG00000055075	0
ENSMMUG00000055913	0
ENSMMUG00000006354	0
ENSMMUG00000032910	0
ENSMMUG00000031210	0
ENSMMUG00000039579	0
ENSMMUG00000064772	0
ENSMMUG00000010383	0
ENSMMUG00000049471	0
ENSMMUG00000056462	0
ENSMMUG00000064755	0
ENSMMUG00000056793	3
ENSMMUG00000056837	0
ENSMMUG00000013245	0
ENSMMUG00000026996	0
ENSMMUG00000000783	0
ENSMMUG00000011636	0
ENSMMUG00000053132	0
ENSMMUG00000062831	0
ENSMMUG00000059532	0
ENSMMUG00000032902	0
ENSMMUG00000045997	0
ENSMMUG00000059331	0
ENSMMUG00000013247	13
ENSMMUG00000058329	0
ENSMMUG00000014321	0
ENSMMUG00000051325	0
ENSMMUG00000039116	9
ENSMMUG00000056083	17
ENSMMUG00000060721	0
ENSMMUG00000064768	0
ENSMMUG00000026660	0
ENSMMUG00000032935	0
ENSMMUG00000039873	0
ENSMMUG00000045491	0
ENSMMUG00000058319	0
ENSMMUG00000000785	0
ENSMMUG00000061835	0
ENSMMUG00000045285	5
ENSMMUG00000010405	0
ENSMMUG00000000786	0
ENSMMUG00000001883	1
ENSMMUG00000011637	0
ENSMMUG00000026973	0
ENSMMUG00000014835	38
ENSMMUG00000045788	0
ENSMMUG00000016845	14
ENSMMUG00000042516	0
ENSMMUG00000045073	0
ENSMMUG00000021343	3
ENSMMUG00000000788	0
ENSMMUG00000055770	0
ENSMMUG00000055159	0
ENSMMUG00000063642	0
ENSMMUG00000004022	0
ENSMMUG00000002712	0
ENSMMUG00000005240	12
ENSMMUG00000043420	0
ENSMMUG00000052023	0
ENSMMUG00000049280	0
ENSMMUG00000000791	30
ENSMMUG00000013249	0
ENSMMUG00000050550	0
ENSMMUG00000063542	0
ENSMMUG00000050082	0
ENSMMUG00000061088	2
ENSMMUG00000037175	0
ENSMMUG00000027423	0
ENSMMUG00000009447	0
ENSMMUG00000051289	0
ENSMMUG00000000582	4
ENSMMUG00000047974	0
ENSMMUG00000056228	0
ENSMMUG00000053918	0
ENSMMUG00000000792	35
ENSMMUG00000055301	0
ENSMMUG00000060430	0
ENSMMUG00000033069	0
ENSMMUG00000009460	0
ENSMMUG00000056889	0
ENSMMUG00000033230	0
ENSMMUG00000035551	0
ENSMMUG00000042244	0
ENSMMUG00000037056	0
ENSMMUG00000061021	0
ENSMMUG00000038427	0
ENSMMUG00000064314	0
ENSMMUG00000009009	55
ENSMMUG00000054335	0
ENSMMUG00000057077	0
ENSMMUG00000043664	0
ENSMMUG00000037810	1
ENSMMUG00000055362	0
ENSMMUG00000058880	0
ENSMMUG00000036871	0
ENSMMUG00000015625	22
ENSMMUG00000010563	2
ENSMMUG00000019689	0
ENSMMUG00000060403	0
ENSMMUG00000061332	20
ENSMMUG00000019614	12
ENSMMUG00000013250	0
ENSMMUG00000009448	0
ENSMMUG00000011574	3
ENSMMUG00000055273	0
ENSMMUG00000019690	3
ENSMMUG00000015628	6
ENSMMUG00000013252	0
ENSMMUG00000021403	0
ENSMMUG00000001475	0
ENSMMUG00000005835	0
ENSMMUG00000063865	0
ENSMMUG00000019619	112
ENSMMUG00000021152	4
ENSMMUG00000056319	0
ENSMMUG00000039200	0
ENSMMUG00000065347	0
ENSMMUG00000054046	0
ENSMMUG00000015419	0
ENSMMUG00000065083	0
ENSMMUG00000051217	0
ENSMMUG00000017364	0
ENSMMUG00000053736	0
ENSMMUG00000047216	0
ENSMMUG00000062821	51
ENSMMUG00000008393	0
ENSMMUG00000057385	0
ENSMMUG00000050142	0
ENSMMUG00000013254	1
ENSMMUG00000062160	0
ENSMMUG00000064402	0
ENSMMUG00000008611	6
ENSMMUG00000050026	0
ENSMMUG00000037374	0
ENSMMUG00000061380	0
ENSMMUG00000061756	67
ENSMMUG00000062647	0
ENSMMUG00000052142	0
ENSMMUG00000036773	0
ENSMMUG00000052436	0
ENSMMUG00000053300	0
ENSMMUG00000055627	0
ENSMMUG00000057927	0
ENSMMUG00000006925	1
ENSMMUG00000051482	0
ENSMMUG00000008265	0
ENSMMUG00000054072	0
ENSMMUG00000055355	0
ENSMMUG00000058870	0
ENSMMUG00000045544	0
ENSMMUG00000064224	21
ENSMMUG00000019177	0
ENSMMUG00000053406	0
ENSMMUG00000061797	0
ENSMMUG00000054495	0
ENSMMUG00000044613	0
ENSMMUG00000061123	0
ENSMMUG00000031103	0
ENSMMUG00000063152	0
ENSMMUG00000047669	0
ENSMMUG00000063483	0
ENSMMUG00000028130	0
ENSMMUG00000059634	0
ENSMMUG00000051691	0
ENSMMUG00000003855	4
ENSMMUG00000056916	0
ENSMMUG00000040079	0
ENSMMUG00000000042	0
ENSMMUG00000055566	0
ENSMMUG00000005621	0
ENSMMUG00000051557	0
ENSMMUG00000054830	0
ENSMMUG00000059397	0
ENSMMUG00000060276	8
ENSMMUG00000055337	0
ENSMMUG00000010195	1
ENSMMUG00000027995	0
ENSMMUG00000060170	0
ENSMMUG00000043068	7
ENSMMUG00000052349	0
ENSMMUG00000021802	0
ENSMMUG00000033952	0
ENSMMUG00000022202	13
ENSMMUG00000042054	0
ENSMMUG00000002103	0
ENSMMUG00000049746	0
ENSMMUG00000008400	0
ENSMMUG00000047727	0
ENSMMUG00000024470	0
ENSMMUG00000020642	12
ENSMMUG00000062361	0
ENSMMUG00000041452	0
ENSMMUG00000037343	0
ENSMMUG00000060890	0
ENSMMUG00000006418	0
ENSMMUG00000006640	35
ENSMMUG00000005622	0
ENSMMUG00000000043	0
ENSMMUG00000010196	14
ENSMMUG00000011638	5
ENSMMUG00000036375	0
ENSMMUG00000021286	38
ENSMMUG00000056861	0
ENSMMUG00000064706	0
ENSMMUG00000006420	1
ENSMMUG00000015842	32
ENSMMUG00000005295	3
ENSMMUG00000064727	0
ENSMMUG00000014921	0
ENSMMUG00000057432	4
ENSMMUG00000017121	0
ENSMMUG00000033000	0
ENSMMUG00000019739	0
ENSMMUG00000008069	5
ENSMMUG00000006638	0
ENSMMUG00000005627	0
ENSMMUG00000051180	0
ENSMMUG00000014510	12
ENSMMUG00000004941	0
ENSMMUG00000058599	0
ENSMMUG00000051382	0
ENSMMUG00000058780	0
ENSMMUG00000025208	0
ENSMMUG00000014630	6
ENSMMUG00000052229	0
ENSMMUG00000018741	3
ENSMMUG00000006639	21
ENSMMUG00000000300	0
ENSMMUG00000032696	0
ENSMMUG00000049941	0
ENSMMUG00000058593	0
ENSMMUG00000054591	0
ENSMMUG00000049856	0
ENSMMUG00000024693	0
ENSMMUG00000059994	0
ENSMMUG00000023176	19
ENSMMUG00000063828	0
ENSMMUG00000037236	0
ENSMMUG00000050814	0
ENSMMUG00000063933	0
ENSMMUG00000014460	6
ENSMMUG00000008407	0
ENSMMUG00000049711	0
ENSMMUG00000032797	0
ENSMMUG00000052958	0
ENSMMUG00000019624	10
ENSMMUG00000058355	0
ENSMMUG00000051697	0
ENSMMUG00000000765	1
ENSMMUG00000057312	0
ENSMMUG00000015970	0
ENSMMUG00000015344	0
ENSMMUG00000056366	0
ENSMMUG00000055428	0
ENSMMUG00000060347	0
ENSMMUG00000019626	0
ENSMMUG00000018510	5
ENSMMUG00000002809	0
ENSMMUG00000053805	0
ENSMMUG00000008296	0
ENSMMUG00000036043	0
ENSMMUG00000033883	0
ENSMMUG00000012224	1
ENSMMUG00000014277	5
ENSMMUG00000034836	0
ENSMMUG00000031468	0
ENSMMUG00000019628	167
ENSMMUG00000009268	0
ENSMMUG00000061440	0
ENSMMUG00000058098	0
ENSMMUG00000019629	15
ENSMMUG00000054949	0
ENSMMUG00000056874	0
ENSMMUG00000012003	16
ENSMMUG00000009844	0
ENSMMUG00000010513	7
ENSMMUG00000057418	0
ENSMMUG00000034977	0
ENSMMUG00000063775	0
ENSMMUG00000062179	0
ENSMMUG00000024127	0
ENSMMUG00000050916	0
ENSMMUG00000012008	0
ENSMMUG00000009475	0
ENSMMUG00000015032	17
ENSMMUG00000010515	8
ENSMMUG00000055910	0
ENSMMUG00000024091	0
ENSMMUG00000056996	0
ENSMMUG00000038492	0
ENSMMUG00000005971	20
ENSMMUG00000021119	5
ENSMMUG00000020510	18
ENSMMUG00000060584	0
ENSMMUG00000005633	26
ENSMMUG00000057877	0
ENSMMUG00000052317	0
ENSMMUG00000061828	0
ENSMMUG00000060044	0
ENSMMUG00000031412	0
ENSMMUG00000008875	1
ENSMMUG00000053681	0
ENSMMUG00000012310	146
ENSMMUG00000063672	0
ENSMMUG00000013251	11
ENSMMUG00000025118	0
ENSMMUG00000049511	0
ENSMMUG00000059441	0
ENSMMUG00000060456	0
ENSMMUG00000036092	0
ENSMMUG00000054744	0
ENSMMUG00000001163	0
ENSMMUG00000052814	0
ENSMMUG00000036240	0
ENSMMUG00000008591	0
ENSMMUG00000031297	0
ENSMMUG00000054933	0
ENSMMUG00000058910	0
ENSMMUG00000000312	6
ENSMMUG00000056060	0
ENSMMUG00000036784	0
ENSMMUG00000031296	4
ENSMMUG00000012197	16
ENSMMUG00000053565	0
ENSMMUG00000063463	0
ENSMMUG00000021775	0
ENSMMUG00000006215	1
ENSMMUG00000063282	0
ENSMMUG00000020928	0
ENSMMUG00000018356	0
ENSMMUG00000023812	8
ENSMMUG00000012199	10
ENSMMUG00000043114	0
ENSMMUG00000044892	0
ENSMMUG00000016115	0
ENSMMUG00000016960	15
ENSMMUG00000058920	0
ENSMMUG00000000314	3
ENSMMUG00000026957	0
ENSMMUG00000045065	0
ENSMMUG00000017926	0
ENSMMUG00000017929	78
ENSMMUG00000058399	0
ENSMMUG00000021290	26
ENSMMUG00000060349	0
ENSMMUG00000027132	0
ENSMMUG00000012248	9
ENSMMUG00000018141	4
ENSMMUG00000007499	61
ENSMMUG00000012250	0
ENSMMUG00000017933	1298
ENSMMUG00000018144	0
ENSMMUG00000049647	0
ENSMMUG00000060419	0
ENSMMUG00000064389	0
ENSMMUG00000064259	0
ENSMMUG00000051994	1
ENSMMUG00000051345	0
ENSMMUG00000057214	0
ENSMMUG00000017486	0
ENSMMUG00000063343	0
ENSMMUG00000015903	0
ENSMMUG00000023435	0
ENSMMUG00000017936	303
ENSMMUG00000011416	0
ENSMMUG00000043359	0
ENSMMUG00000037743	0
ENSMMUG00000002648	0
ENSMMUG00000043509	0
ENSMMUG00000057100	0
ENSMMUG00000052080	0
ENSMMUG00000041795	0
ENSMMUG00000040854	27
ENSMMUG00000014814	12
ENSMMUG00000016575	45
ENSMMUG00000033251	0
ENSMMUG00000020511	0
ENSMMUG00000019968	0
ENSMMUG00000038677	0
ENSMMUG00000004968	49
ENSMMUG00000017964	0
ENSMMUG00000055410	0
ENSMMUG00000020052	9
ENSMMUG00000053275	0
ENSMMUG00000063101	0
ENSMMUG00000044860	0
ENSMMUG00000011918	0
ENSMMUG00000017938	7
ENSMMUG00000061418	0
ENSMMUG00000052850	0
ENSMMUG00000049934	0
ENSMMUG00000064483	0
ENSMMUG00000061465	0
ENSMMUG00000062491	0
ENSMMUG00000053869	0
ENSMMUG00000055509	0
ENSMMUG00000019335	0
ENSMMUG00000061154	0
ENSMMUG00000011080	0
ENSMMUG00000017081	0
ENSMMUG00000001927	18
ENSMMUG00000053972	0
ENSMMUG00000053571	0
ENSMMUG00000044108	0
ENSMMUG00000019087	0
ENSMMUG00000003506	6
ENSMMUG00000058806	0
ENSMMUG00000058236	0
ENSMMUG00000050255	0
ENSMMUG00000042063	0
ENSMMUG00000050475	0
ENSMMUG00000006835	20
ENSMMUG00000013244	0
ENSMMUG00000013242	17
ENSMMUG00000020824	0
ENSMMUG00000006918	0
ENSMMUG00000028042	0
ENSMMUG00000013241	6
ENSMMUG00000058468	0
ENSMMUG00000056446	0
ENSMMUG00000057115	0
ENSMMUG00000057919	0
ENSMMUG00000058504	0
ENSMMUG00000009793	13
ENSMMUG00000019539	3
ENSMMUG00000014310	1
ENSMMUG00000007481	81
ENSMMUG00000027465	0
ENSMMUG00000006222	2
ENSMMUG00000056415	0
ENSMMUG00000014314	0
ENSMMUG00000056686	0
ENSMMUG00000002560	8
ENSMMUG00000018388	0
ENSMMUG00000063086	0
ENSMMUG00000014315	1
ENSMMUG00000005176	0
ENSMMUG00000006818	0
ENSMMUG00000054941	0
ENSMMUG00000052255	0
ENSMMUG00000019544	10
ENSMMUG00000013925	0
ENSMMUG00000026618	0
ENSMMUG00000007483	220
ENSMMUG00000052272	0
ENSMMUG00000054183	27
ENSMMUG00000014316	5
ENSMMUG00000041480	152
ENSMMUG00000002519	2
ENSMMUG00000063058	0
ENSMMUG00000058231	0
ENSMMUG00000019257	0
ENSMMUG00000056120	0
ENSMMUG00000065034	0
ENSMMUG00000014318	3
ENSMMUG00000060021	0
ENSMMUG00000053721	0
ENSMMUG00000002520	0
ENSMMUG00000006443	65
ENSMMUG00000023682	0
ENSMMUG00000061688	0
ENSMMUG00000061834	0
ENSMMUG00000046282	0
ENSMMUG00000053092	0
ENSMMUG00000055923	0
ENSMMUG00000061226	0
ENSMMUG00000052818	0
ENSMMUG00000057379	0
ENSMMUG00000025825	0
ENSMMUG00000058913	0
ENSMMUG00000060531	0
ENSMMUG00000020512	0
ENSMMUG00000025430	0
ENSMMUG00000063296	0
ENSMMUG00000046482	2
ENSMMUG00000008829	0
ENSMMUG00000049304	0
ENSMMUG00000055451	0
ENSMMUG00000054185	0
ENSMMUG00000039785	0
ENSMMUG00000047258	0
ENSMMUG00000001868	4
ENSMMUG00000008615	2521
ENSMMUG00000048716	0
ENSMMUG00000053502	0
ENSMMUG00000058927	0
ENSMMUG00000060553	0
ENSMMUG00000060196	2
ENSMMUG00000058694	0
ENSMMUG00000064471	0
ENSMMUG00000046774	5
ENSMMUG00000059182	0
ENSMMUG00000063759	15
ENSMMUG00000039430	0
ENSMMUG00000059504	0
ENSMMUG00000051751	3
ENSMMUG00000001244	2
ENSMMUG00000031398	0
ENSMMUG00000054807	0
ENSMMUG00000010521	0
ENSMMUG00000056733	0
ENSMMUG00000006180	17
ENSMMUG00000010526	0
ENSMMUG00000064517	0
ENSMMUG00000010527	3
ENSMMUG00000048893	0
ENSMMUG00000058964	0
ENSMMUG00000061406	0
ENSMMUG00000051735	0
ENSMMUG00000031452	13
ENSMMUG00000010812	5
ENSMMUG00000062827	0
ENSMMUG00000025038	0
ENSMMUG00000054871	0
ENSMMUG00000056430	0
ENSMMUG00000051183	0
ENSMMUG00000052515	0
ENSMMUG00000027673	0
ENSMMUG00000061390	0
ENSMMUG00000059266	0
ENSMMUG00000044103	26
ENSMMUG00000055468	0
ENSMMUG00000050806	0
ENSMMUG00000061400	0
ENSMMUG00000054725	0
ENSMMUG00000007096	0
ENSMMUG00000058984	0
ENSMMUG00000054085	0
ENSMMUG00000033298	0
ENSMMUG00000060478	0
ENSMMUG00000058060	0
ENSMMUG00000059193	0
ENSMMUG00000011607	0
ENSMMUG00000054698	0
ENSMMUG00000023051	27
ENSMMUG00000023054	28
ENSMMUG00000057955	10
ENSMMUG00000023062	108
ENSMMUG00000055201	0
ENSMMUG00000061606	0
ENSMMUG00000006181	1
ENSMMUG00000062944	75
ENSMMUG00000034749	0
ENSMMUG00000021980	0
ENSMMUG00000016256	2
ENSMMUG00000063868	0
ENSMMUG00000057450	0
ENSMMUG00000006182	7
ENSMMUG00000055248	0
ENSMMUG00000002690	0
ENSMMUG00000031393	0
ENSMMUG00000063467	0
ENSMMUG00000015198	13
ENSMMUG00000049800	0
ENSMMUG00000015203	6
ENSMMUG00000060027	27
ENSMMUG00000011189	20
ENSMMUG00000023856	0
ENSMMUG00000061516	0
ENSMMUG00000020719	30
ENSMMUG00000065014	0
ENSMMUG00000055482	0
ENSMMUG00000054176	0
ENSMMUG00000023370	1
ENSMMUG00000020721	40
ENSMMUG00000055504	24
ENSMMUG00000007301	26
ENSMMUG00000056746	2
ENSMMUG00000007310	7
ENSMMUG00000051450	1
ENSMMUG00000054662	0
ENSMMUG00000036876	0
ENSMMUG00000058130	0
ENSMMUG00000007313	0
ENSMMUG00000007314	0
ENSMMUG00000059808	0
ENSMMUG00000002678	0
ENSMMUG00000056223	0
ENSMMUG00000052354	0
ENSMMUG00000050910	0
ENSMMUG00000053699	0
ENSMMUG00000059054	0
ENSMMUG00000064676	0
ENSMMUG00000043816	0
ENSMMUG00000056224	0
ENSMMUG00000016825	15
ENSMMUG00000002370	5
ENSMMUG00000039559	1
ENSMMUG00000038083	0
ENSMMUG00000055970	0
ENSMMUG00000001680	1
ENSMMUG00000054462	10
ENSMMUG00000011906	14
ENSMMUG00000061038	30
ENSMMUG00000011911	0
ENSMMUG00000022553	14
ENSMMUG00000051120	0
ENSMMUG00000061438	0
ENSMMUG00000062123	0
ENSMMUG00000020792	0
ENSMMUG00000008384	0
ENSMMUG00000014672	12
ENSMMUG00000008387	4
ENSMMUG00000050348	0
ENSMMUG00000061847	0
ENSMMUG00000003200	0
ENSMMUG00000019591	5
ENSMMUG00000049672	0
ENSMMUG00000058278	0
ENSMMUG00000053876	0
ENSMMUG00000054581	0
ENSMMUG00000050731	0
ENSMMUG00000065337	0
ENSMMUG00000050093	0
ENSMMUG00000038443	0
ENSMMUG00000034105	0
ENSMMUG00000001301	0
ENSMMUG00000058091	0
ENSMMUG00000016881	0
ENSMMUG00000015146	32
ENSMMUG00000060925	0
ENSMMUG00000017959	2
ENSMMUG00000056550	0
ENSMMUG00000056381	0
ENSMMUG00000051355	0
ENSMMUG00000045031	0
ENSMMUG00000016894	1
ENSMMUG00000053731	3
ENSMMUG00000054482	0
ENSMMUG00000015147	15
ENSMMUG00000017483	0
ENSMMUG00000057310	0
ENSMMUG00000016946	53
ENSMMUG00000051510	0
ENSMMUG00000052417	0
ENSMMUG00000020210	0
ENSMMUG00000052041	0
ENSMMUG00000050647	0
ENSMMUG00000061287	0
ENSMMUG00000057882	0
ENSMMUG00000038587	0
ENSMMUG00000017792	0
ENSMMUG00000057053	0
ENSMMUG00000015148	35
ENSMMUG00000016890	2
ENSMMUG00000060291	0
ENSMMUG00000057709	0
ENSMMUG00000031063	0
ENSMMUG00000055854	0
ENSMMUG00000016150	0
ENSMMUG00000014120	0
ENSMMUG00000019617	0
ENSMMUG00000056985	0
ENSMMUG00000049596	0
ENSMMUG00000016153	0
ENSMMUG00000060101	0
ENSMMUG00000016155	0
ENSMMUG00000039042	0
ENSMMUG00000000328	3
ENSMMUG00000051463	0
ENSMMUG00000061840	0
ENSMMUG00000048333	10
ENSMMUG00000065300	0
ENSMMUG00000058813	0
ENSMMUG00000063105	0
ENSMMUG00000014963	0
ENSMMUG00000007510	47
ENSMMUG00000041875	2
ENSMMUG00000030891	9
ENSMMUG00000014961	0
ENSMMUG00000019618	8
ENSMMUG00000014958	0
ENSMMUG00000054468	0
ENSMMUG00000014956	0
ENSMMUG00000056795	0
ENSMMUG00000055082	0
ENSMMUG00000007624	0
ENSMMUG00000021501	0
ENSMMUG00000005867	0
ENSMMUG00000043493	0
ENSMMUG00000063384	0
ENSMMUG00000051310	0
ENSMMUG00000007511	12
ENSMMUG00000000327	17
ENSMMUG00000057527	0
ENSMMUG00000055565	0
ENSMMUG00000053306	0
ENSMMUG00000057686	0
ENSMMUG00000005861	4
ENSMMUG00000017958	0
ENSMMUG00000065066	0
ENSMMUG00000042839	0
ENSMMUG00000007628	29
ENSMMUG00000007513	2
ENSMMUG00000053831	0
ENSMMUG00000057752	0
ENSMMUG00000010869	7
ENSMMUG00000056479	0
ENSMMUG00000032846	0
ENSMMUG00000056994	0
ENSMMUG00000040099	0
ENSMMUG00000007933	0
ENSMMUG00000050733	0
ENSMMUG00000062557	0
ENSMMUG00000013798	2
ENSMMUG00000058885	12
ENSMMUG00000059760	0
ENSMMUG00000026526	0
ENSMMUG00000014864	34
ENSMMUG00000064505	0
ENSMMUG00000006657	0
ENSMMUG00000019621	9
ENSMMUG00000054459	30
ENSMMUG00000006656	9
ENSMMUG00000018269	0
ENSMMUG00000053433	0
ENSMMUG00000007935	3
ENSMMUG00000055787	0
ENSMMUG00000059341	4
ENSMMUG00000057340	0
ENSMMUG00000006655	5
ENSMMUG00000016715	0
ENSMMUG00000054964	0
ENSMMUG00000017730	6
ENSMMUG00000052531	0
ENSMMUG00000055177	0
ENSMMUG00000025739	0
ENSMMUG00000035285	0
ENSMMUG00000018268	0
ENSMMUG00000014866	7
ENSMMUG00000012881	0
ENSMMUG00000062402	0
ENSMMUG00000039384	2
ENSMMUG00000049488	0
ENSMMUG00000010784	0
ENSMMUG00000009690	24
ENSMMUG00000013045	3
ENSMMUG00000018266	3
ENSMMUG00000060306	0
ENSMMUG00000020627	22
ENSMMUG00000049418	0
ENSMMUG00000049447	0
ENSMMUG00000011177	0
ENSMMUG00000060851	0
ENSMMUG00000052123	0
ENSMMUG00000017960	0
ENSMMUG00000053500	0
ENSMMUG00000055303	0
ENSMMUG00000056078	96
ENSMMUG00000061566	0
ENSMMUG00000054997	0
ENSMMUG00000030957	0
ENSMMUG00000060779	0
ENSMMUG00000043682	0
ENSMMUG00000013055	1
ENSMMUG00000014377	1
ENSMMUG00000053716	0
ENSMMUG00000020624	1
ENSMMUG00000013978	0
ENSMMUG00000057346	0
ENSMMUG00000013975	0
ENSMMUG00000007838	1
ENSMMUG00000040939	0
ENSMMUG00000007607	0
ENSMMUG00000049399	0
ENSMMUG00000065040	0
ENSMMUG00000047446	0
ENSMMUG00000049301	1
ENSMMUG00000052159	0
ENSMMUG00000014115	0
ENSMMUG00000065251	0
ENSMMUG00000009881	0
ENSMMUG00000007938	67
ENSMMUG00000062450	57
ENSMMUG00000044496	2
ENSMMUG00000010129	0
ENSMMUG00000052944	0
ENSMMUG00000051144	0
ENSMMUG00000058314	0
ENSMMUG00000003717	1
ENSMMUG00000014872	7
ENSMMUG00000063680	0
ENSMMUG00000010128	21
ENSMMUG00000051279	0
ENSMMUG00000000450	0
ENSMMUG00000063392	0
ENSMMUG00000062745	0
ENSMMUG00000004048	5
ENSMMUG00000007841	0
ENSMMUG00000055412	0
ENSMMUG00000055816	0
ENSMMUG00000006096	0
ENSMMUG00000000338	37
ENSMMUG00000004294	2
ENSMMUG00000014875	2
ENSMMUG00000053860	2
ENSMMUG00000007842	22
ENSMMUG00000045281	5
ENSMMUG00000006405	0
ENSMMUG00000018265	0
ENSMMUG00000010229	2
ENSMMUG00000007944	1
ENSMMUG00000058721	0
ENSMMUG00000028098	0
ENSMMUG00000048544	0
ENSMMUG00000004286	32
ENSMMUG00000031282	58
ENSMMUG00000010124	0
ENSMMUG00000005029	28
ENSMMUG00000062977	0
ENSMMUG00000000335	40
ENSMMUG00000004289	44
ENSMMUG00000058203	0
ENSMMUG00000051458	2
ENSMMUG00000062742	0
ENSMMUG00000014877	3
ENSMMUG00000054996	4
ENSMMUG00000025103	0
ENSMMUG00000007095	0
ENSMMUG00000001780	6
ENSMMUG00000006929	2
ENSMMUG00000064017	0
ENSMMUG00000011657	25
ENSMMUG00000006403	0
ENSMMUG00000014118	0
ENSMMUG00000003618	57
ENSMMUG00000057391	0
ENSMMUG00000047707	0
ENSMMUG00000007093	8
ENSMMUG00000006400	4
ENSMMUG00000013799	0
ENSMMUG00000049902	0
ENSMMUG00000005031	47
ENSMMUG00000028071	0
ENSMMUG00000023586	0
ENSMMUG00000051870	9
ENSMMUG00000004534	7
ENSMMUG00000020154	0
ENSMMUG00000006931	0
ENSMMUG00000041430	0
ENSMMUG00000012189	21
ENSMMUG00000018360	11
ENSMMUG00000051583	0
ENSMMUG00000050434	0
ENSMMUG00000054427	0
ENSMMUG00000062285	0
ENSMMUG00000063808	0
ENSMMUG00000063620	0
ENSMMUG00000062365	0
ENSMMUG00000057149	3
ENSMMUG00000036242	0
ENSMMUG00000051651	0
ENSMMUG00000063369	0
ENSMMUG00000061242	0
ENSMMUG00000004332	46
ENSMMUG00000001777	0
ENSMMUG00000059586	0
ENSMMUG00000012190	0
ENSMMUG00000027711	0
ENSMMUG00000016006	0
ENSMMUG00000020911	0
ENSMMUG00000043127	36
ENSMMUG00000047341	0
ENSMMUG00000033277	0
ENSMMUG00000023582	0
ENSMMUG00000012191	0
ENSMMUG00000050474	0
ENSMMUG00000022139	12
ENSMMUG00000052997	0
ENSMMUG00000049872	0
ENSMMUG00000052577	0
ENSMMUG00000004331	9
ENSMMUG00000049540	3
ENSMMUG00000005122	0
ENSMMUG00000064140	0
ENSMMUG00000046453	0
ENSMMUG00000062075	0
ENSMMUG00000004761	1
ENSMMUG00000059566	0
ENSMMUG00000016810	12
ENSMMUG00000004330	12
ENSMMUG00000058618	0
ENSMMUG00000050413	0
ENSMMUG00000060458	0
ENSMMUG00000063056	0
ENSMMUG00000045775	3
ENSMMUG00000051637	0
ENSMMUG00000053842	0
ENSMMUG00000059976	0
ENSMMUG00000043188	0
ENSMMUG00000010277	0
ENSMMUG00000020706	20
ENSMMUG00000007921	0
ENSMMUG00000010184	0
ENSMMUG00000027858	0
ENSMMUG00000004329	0
ENSMMUG00000051617	0
ENSMMUG00000011115	0
ENSMMUG00000054189	0
ENSMMUG00000010274	13
ENSMMUG00000010273	0
ENSMMUG00000004764	13
ENSMMUG00000064798	0
ENSMMUG00000057966	11
ENSMMUG00000023581	0
ENSMMUG00000053726	0
ENSMMUG00000016213	22
ENSMMUG00000031111	0
ENSMMUG00000049000	0
ENSMMUG00000014913	0
ENSMMUG00000011116	0
ENSMMUG00000057771	0
ENSMMUG00000064417	0
ENSMMUG00000001083	0
ENSMMUG00000049827	0
ENSMMUG00000051915	0
ENSMMUG00000009498	32
ENSMMUG00000001997	0
ENSMMUG00000060836	0
ENSMMUG00000003620	12
ENSMMUG00000016807	24
ENSMMUG00000003141	15
ENSMMUG00000015611	91
ENSMMUG00000011718	0
ENSMMUG00000015281	36
ENSMMUG00000013490	30
ENSMMUG00000064087	0
ENSMMUG00000011714	24
ENSMMUG00000061602	4
ENSMMUG00000015280	10
ENSMMUG00000003144	0
ENSMMUG00000030983	4
ENSMMUG00000004327	30
ENSMMUG00000021337	0
ENSMMUG00000003145	0
ENSMMUG00000022206	0
ENSMMUG00000015607	106
ENSMMUG00000050659	0
ENSMMUG00000016806	9
ENSMMUG00000061614	0
ENSMMUG00000031015	0
ENSMMUG00000047778	0
ENSMMUG00000049710	0
ENSMMUG00000051197	0
ENSMMUG00000062462	0
ENSMMUG00000002365	0
ENSMMUG00000060160	1
ENSMMUG00000061327	0
ENSMMUG00000052905	0
ENSMMUG00000055306	0
ENSMMUG00000045201	0
ENSMMUG00000054774	0
ENSMMUG00000022373	2
ENSMMUG00000062468	1
ENSMMUG00000002963	11
ENSMMUG00000055260	0
ENSMMUG00000054256	0
ENSMMUG00000043846	0
ENSMMUG00000041831	0
ENSMMUG00000006842	0
ENSMMUG00000011713	0
ENSMMUG00000005895	1
ENSMMUG00000022372	6
ENSMMUG00000041425	4
ENSMMUG00000036746	0
ENSMMUG00000012596	0
ENSMMUG00000053088	1
ENSMMUG00000011712	0
ENSMMUG00000056603	0
ENSMMUG00000064558	0
ENSMMUG00000057247	0
ENSMMUG00000054737	0
ENSMMUG00000005485	6
ENSMMUG00000062697	0
ENSMMUG00000002692	36
ENSMMUG00000059848	0
ENSMMUG00000009850	3
ENSMMUG00000061629	0
ENSMMUG00000054716	0
ENSMMUG00000060679	0
ENSMMUG00000022548	0
ENSMMUG00000013822	0
ENSMMUG00000049899	0
ENSMMUG00000062529	0
ENSMMUG00000021638	0
ENSMMUG00000059029	0
ENSMMUG00000017592	0
ENSMMUG00000002489	0
ENSMMUG00000050579	0
ENSMMUG00000009851	0
ENSMMUG00000010544	0
ENSMMUG00000056817	0
ENSMMUG00000062872	0
ENSMMUG00000015606	17
ENSMMUG00000058081	0
ENSMMUG00000039373	0
ENSMMUG00000054474	0
ENSMMUG00000064060	0
ENSMMUG00000009852	8
ENSMMUG00000064575	0
ENSMMUG00000001070	0
ENSMMUG00000054152	0
ENSMMUG00000017590	1
ENSMMUG00000001067	0
ENSMMUG00000052480	0
ENSMMUG00000001066	0
ENSMMUG00000005171	0
ENSMMUG00000008921	3
ENSMMUG00000062208	0
ENSMMUG00000064697	0
ENSMMUG00000036118	0
ENSMMUG00000025173	0
ENSMMUG00000034834	3
ENSMMUG00000032694	0
ENSMMUG00000015604	7
ENSMMUG00000063361	0
ENSMMUG00000001065	0
ENSMMUG00000057813	0
ENSMMUG00000042298	0
ENSMMUG00000001064	0
ENSMMUG00000016472	0
ENSMMUG00000052765	0
ENSMMUG00000049802	0
ENSMMUG00000020002	3
ENSMMUG00000055210	0
ENSMMUG00000055998	0
ENSMMUG00000006448	4
ENSMMUG00000013810	0
ENSMMUG00000056993	0
ENSMMUG00000043762	0
ENSMMUG00000058316	0
ENSMMUG00000059963	0
ENSMMUG00000050831	0
ENSMMUG00000053270	0
ENSMMUG00000050179	5
ENSMMUG00000012366	33
ENSMMUG00000062916	0
ENSMMUG00000061115	0
ENSMMUG00000013622	0
ENSMMUG00000002691	73
ENSMMUG00000052514	0
ENSMMUG00000036864	0
ENSMMUG00000003104	29
ENSMMUG00000061669	0
ENSMMUG00000051672	0
ENSMMUG00000053039	13
ENSMMUG00000013621	0
ENSMMUG00000009854	0
ENSMMUG00000062162	0
ENSMMUG00000021551	0
ENSMMUG00000026563	0
ENSMMUG00000051652	0
ENSMMUG00000030974	0
ENSMMUG00000065335	5
ENSMMUG00000049289	0
ENSMMUG00000048340	0
ENSMMUG00000025212	0
ENSMMUG00000048408	0
ENSMMUG00000057860	0
ENSMMUG00000022547	5
ENSMMUG00000054668	0
ENSMMUG00000014902	0
ENSMMUG00000013616	0
ENSMMUG00000017547	3
ENSMMUG00000006447	4
ENSMMUG00000060659	0
ENSMMUG00000043608	0
ENSMMUG00000022682	1
ENSMMUG00000053998	0
ENSMMUG00000025057	0
ENSMMUG00000015602	17
ENSMMUG00000057425	0
ENSMMUG00000008923	1
ENSMMUG00000051536	0
ENSMMUG00000057784	0
ENSMMUG00000011211	0
ENSMMUG00000016125	0
ENSMMUG00000017628	5
ENSMMUG00000062126	2
ENSMMUG00000013613	0
ENSMMUG00000056610	0
ENSMMUG00000005927	0
ENSMMUG00000064584	0
ENSMMUG00000044493	0
ENSMMUG00000060987	0
ENSMMUG00000064895	0
ENSMMUG00000062174	0
ENSMMUG00000044545	0
ENSMMUG00000061948	0
ENSMMUG00000051175	0
ENSMMUG00000049591	0
ENSMMUG00000001995	0
ENSMMUG00000063820	0
ENSMMUG00000008274	2
ENSMMUG00000001994	2
ENSMMUG00000060216	0
ENSMMUG00000011203	0
ENSMMUG00000053493	0
ENSMMUG00000017626	0
ENSMMUG00000002432	0
ENSMMUG00000004974	20
ENSMMUG00000062465	0
ENSMMUG00000049813	0
ENSMMUG00000033185	0
ENSMMUG00000064582	1
ENSMMUG00000049777	0
ENSMMUG00000016128	25
ENSMMUG00000062722	0
ENSMMUG00000008634	0
ENSMMUG00000041090	0
ENSMMUG00000048025	7
ENSMMUG00000054364	0
ENSMMUG00000063405	0
ENSMMUG00000053553	0
ENSMMUG00000055212	0
ENSMMUG00000049625	0
ENSMMUG00000019111	7
ENSMMUG00000042894	0
ENSMMUG00000023119	7
ENSMMUG00000063681	0
ENSMMUG00000021830	18
ENSMMUG00000061300	0
ENSMMUG00000002753	8
ENSMMUG00000010987	0
ENSMMUG00000061356	0
ENSMMUG00000002429	20
ENSMMUG00000058413	0
ENSMMUG00000050827	0
ENSMMUG00000051202	0
ENSMMUG00000060971	1
ENSMMUG00000003962	8
ENSMMUG00000051769	0
ENSMMUG00000050245	0
ENSMMUG00000050119	0
ENSMMUG00000054765	0
ENSMMUG00000016540	0
ENSMMUG00000005207	0
ENSMMUG00000017450	30
ENSMMUG00000057373	0
ENSMMUG00000010875	10
ENSMMUG00000012249	9
ENSMMUG00000023491	9
ENSMMUG00000016543	12
ENSMMUG00000064334	0
ENSMMUG00000056265	0
ENSMMUG00000017555	29
ENSMMUG00000063415	0
ENSMMUG00000050844	0
ENSMMUG00000023132	0
ENSMMUG00000012251	5
ENSMMUG00000056184	0
ENSMMUG00000005209	7
ENSMMUG00000002566	5
ENSMMUG00000058619	43
ENSMMUG00000012449	0
ENSMMUG00000020246	0
ENSMMUG00000040741	7
ENSMMUG00000004529	0
ENSMMUG00000003958	28
ENSMMUG00000051561	0
ENSMMUG00000018696	0
ENSMMUG00000012253	0
ENSMMUG00000062635	19
ENSMMUG00000020359	23
ENSMMUG00000061592	0
ENSMMUG00000002562	0
ENSMMUG00000065021	0
ENSMMUG00000058976	0
ENSMMUG00000002563	29
ENSMMUG00000012254	26
ENSMMUG00000003874	286
ENSMMUG00000036678	0
ENSMMUG00000056203	0
ENSMMUG00000003957	29
ENSMMUG00000057760	0
ENSMMUG00000057665	0
ENSMMUG00000020245	0
ENSMMUG00000061185	0
ENSMMUG00000051653	0
ENSMMUG00000034612	0
ENSMMUG00000056673	0
ENSMMUG00000063499	0
ENSMMUG00000003955	159
ENSMMUG00000010988	0
ENSMMUG00000052627	0
ENSMMUG00000058453	0
ENSMMUG00000062674	0
ENSMMUG00000007325	8
ENSMMUG00000059115	8
ENSMMUG00000020956	0
ENSMMUG00000021646	11
ENSMMUG00000010989	0
ENSMMUG00000007326	5
ENSMMUG00000000761	0
ENSMMUG00000021828	41
ENSMMUG00000040961	0
ENSMMUG00000012620	9
ENSMMUG00000010990	2
ENSMMUG00000000759	2
ENSMMUG00000061624	0
ENSMMUG00000027028	0
ENSMMUG00000060694	0
ENSMMUG00000004837	0
ENSMMUG00000012618	93
ENSMMUG00000031237	59
ENSMMUG00000020953	6
ENSMMUG00000007340	0
ENSMMUG00000059168	0
ENSMMUG00000043807	0
ENSMMUG00000062630	0
ENSMMUG00000015598	5
ENSMMUG00000057954	0
ENSMMUG00000004838	578
ENSMMUG00000002688	0
ENSMMUG00000032760	0
ENSMMUG00000013419	0
ENSMMUG00000020363	63
ENSMMUG00000025809	0
ENSMMUG00000001332	22
ENSMMUG00000003950	43
ENSMMUG00000021827	0
ENSMMUG00000023490	0
ENSMMUG00000015597	0
ENSMMUG00000038222	168
ENSMMUG00000003335	34
ENSMMUG00000061086	0
ENSMMUG00000062304	0
ENSMMUG00000000316	0
ENSMMUG00000042208	0
ENSMMUG00000062886	0
ENSMMUG00000058610	0
ENSMMUG00000049489	0
ENSMMUG00000007330	328
ENSMMUG00000060344	11
ENSMMUG00000013724	0
ENSMMUG00000019253	6
ENSMMUG00000016446	73
ENSMMUG00000002050	8
ENSMMUG00000003336	0
ENSMMUG00000037170	0
ENSMMUG00000010983	11
ENSMMUG00000022964	0
ENSMMUG00000051266	0
ENSMMUG00000035829	0
ENSMMUG00000063381	0
ENSMMUG00000059343	0
ENSMMUG00000036717	0
ENSMMUG00000061807	0
ENSMMUG00000003949	156
ENSMMUG00000016589	1353
ENSMMUG00000010577	12
ENSMMUG00000042838	0
ENSMMUG00000003948	10
ENSMMUG00000042640	0
ENSMMUG00000014840	0
ENSMMUG00000018471	0
ENSMMUG00000054980	0
ENSMMUG00000014237	21
ENSMMUG00000002053	8
ENSMMUG00000006359	49
ENSMMUG00000035354	0
ENSMMUG00000013358	18
ENSMMUG00000060447	0
ENSMMUG00000018029	148
ENSMMUG00000003946	28
ENSMMUG00000059692	0
ENSMMUG00000003022	0
ENSMMUG00000003021	0
ENSMMUG00000005513	14
ENSMMUG00000058234	0
ENSMMUG00000018119	34
ENSMMUG00000037611	0
ENSMMUG00000016444	3
ENSMMUG00000006357	44
ENSMMUG00000015017	2
ENSMMUG00000051497	0
ENSMMUG00000031268	6
ENSMMUG00000058205	0
ENSMMUG00000010982	0
ENSMMUG00000064289	19
ENSMMUG00000002058	54
ENSMMUG00000057085	0
ENSMMUG00000051733	116
ENSMMUG00000050922	0
ENSMMUG00000056342	0
ENSMMUG00000005437	1
ENSMMUG00000005512	0
ENSMMUG00000054647	2
ENSMMUG00000015016	0
ENSMMUG00000015019	9
ENSMMUG00000002496	37
ENSMMUG00000002061	10
ENSMMUG00000023192	2
ENSMMUG00000010601	6
ENSMMUG00000012924	0
ENSMMUG00000021643	20
ENSMMUG00000015018	0
ENSMMUG00000041821	0
ENSMMUG00000054009	0
ENSMMUG00000061409	3
ENSMMUG00000002494	819
ENSMMUG00000064479	63
ENSMMUG00000032643	10
ENSMMUG00000036602	0
ENSMMUG00000060926	0
ENSMMUG00000002067	4
ENSMMUG00000056680	3
ENSMMUG00000007633	10
ENSMMUG00000044417	0
ENSMMUG00000047449	26
ENSMMUG00000061392	20
ENSMMUG00000023190	28
ENSMMUG00000065162	0
ENSMMUG00000021914	7
ENSMMUG00000063529	0
ENSMMUG00000043644	0
ENSMMUG00000061869	0
ENSMMUG00000052457	0
ENSMMUG00000059958	0
ENSMMUG00000006355	0
ENSMMUG00000045430	0
ENSMMUG00000006063	8
ENSMMUG00000031267	0
ENSMMUG00000053015	0
ENSMMUG00000003912	0
ENSMMUG00000005440	0
ENSMMUG00000007785	58
ENSMMUG00000023189	2
ENSMMUG00000020727	15
ENSMMUG00000049945	0
ENSMMUG00000053160	0
ENSMMUG00000053645	0
ENSMMUG00000050188	0
ENSMMUG00000045787	0
ENSMMUG00000042802	0
ENSMMUG00000001322	0
ENSMMUG00000060578	0
ENSMMUG00000056852	0
ENSMMUG00000034125	3
ENSMMUG00000046812	0
ENSMMUG00000062502	0
ENSMMUG00000018034	7
ENSMMUG00000031207	31
ENSMMUG00000023188	10
ENSMMUG00000010358	0
ENSMMUG00000001324	0
ENSMMUG00000017814	0
ENSMMUG00000020197	0
ENSMMUG00000062000	0
ENSMMUG00000037344	0
ENSMMUG00000017813	0
ENSMMUG00000011990	12
ENSMMUG00000014535	48
ENSMMUG00000060963	0
ENSMMUG00000058635	0
ENSMMUG00000022862	0
ENSMMUG00000023184	8
ENSMMUG00000036039	0
ENSMMUG00000054503	0
ENSMMUG00000017810	35
ENSMMUG00000054561	0
ENSMMUG00000012926	0
ENSMMUG00000052420	31
ENSMMUG00000022860	16
ENSMMUG00000060772	0
ENSMMUG00000058289	0
ENSMMUG00000032861	0
ENSMMUG00000054213	0
ENSMMUG00000007791	5
ENSMMUG00000047242	0
ENSMMUG00000052526	0
ENSMMUG00000009695	9
ENSMMUG00000051904	0
ENSMMUG00000051413	0
ENSMMUG00000015010	26
ENSMMUG00000060750	0
ENSMMUG00000052289	0
ENSMMUG00000001800	15
ENSMMUG00000055348	0
ENSMMUG00000002043	39
ENSMMUG00000022347	0
ENSMMUG00000013100	31
ENSMMUG00000055602	25
ENSMMUG00000058180	0
ENSMMUG00000025090	0
ENSMMUG00000018533	0
ENSMMUG00000061625	0
ENSMMUG00000054651	0
ENSMMUG00000021280	9
ENSMMUG00000035632	0
ENSMMUG00000017709	0
ENSMMUG00000014531	45
ENSMMUG00000017809	61
ENSMMUG00000022944	10
ENSMMUG00000060965	0
ENSMMUG00000039824	0
ENSMMUG00000043860	0
ENSMMUG00000014530	37
ENSMMUG00000053164	0
ENSMMUG00000056105	8
ENSMMUG00000013772	7
ENSMMUG00000036306	0
ENSMMUG00000019757	0
ENSMMUG00000054976	0
ENSMMUG00000017218	0
ENSMMUG00000004773	0
ENSMMUG00000042611	5
ENSMMUG00000049895	0
ENSMMUG00000058957	0
ENSMMUG00000019755	20
ENSMMUG00000059027	0
ENSMMUG00000055635	0
ENSMMUG00000052145	0
ENSMMUG00000053982	0
ENSMMUG00000042348	0
ENSMMUG00000062171	38
ENSMMUG00000055300	0
ENSMMUG00000052386	0
ENSMMUG00000018527	0
ENSMMUG00000003300	0
ENSMMUG00000050552	0
ENSMMUG00000000022	5
ENSMMUG00000018526	43
ENSMMUG00000001710	0
ENSMMUG00000004777	18
ENSMMUG00000019988	72
ENSMMUG00000003301	0
ENSMMUG00000016737	0
ENSMMUG00000007742	14
ENSMMUG00000064359	0
ENSMMUG00000052454	4
ENSMMUG00000007794	0
ENSMMUG00000010627	1
ENSMMUG00000019751	17
ENSMMUG00000000019	47
ENSMMUG00000012410	0
ENSMMUG00000021282	52
ENSMMUG00000018524	103
ENSMMUG00000061781	0
ENSMMUG00000003387	5
ENSMMUG00000039397	5
ENSMMUG00000057177	0
ENSMMUG00000063641	0
ENSMMUG00000039514	0
ENSMMUG00000064295	0
ENSMMUG00000005154	0
ENSMMUG00000054530	0
ENSMMUG00000064924	0
ENSMMUG00000049690	0
ENSMMUG00000041979	0
ENSMMUG00000000018	0
ENSMMUG00000005151	0
ENSMMUG00000027462	0
ENSMMUG00000022603	9
ENSMMUG00000004157	19
ENSMMUG00000059190	0
ENSMMUG00000000017	0
ENSMMUG00000048497	0
ENSMMUG00000017859	0
ENSMMUG00000059142	0
ENSMMUG00000060330	0
ENSMMUG00000000657	0
ENSMMUG00000008876	4
ENSMMUG00000049023	0
ENSMMUG00000055274	0
ENSMMUG00000061482	2
ENSMMUG00000007796	5
ENSMMUG00000050775	0
ENSMMUG00000010453	6
ENSMMUG00000003631	3
ENSMMUG00000056505	0
ENSMMUG00000013350	0
ENSMMUG00000048988	0
ENSMMUG00000051255	0
ENSMMUG00000011166	0
ENSMMUG00000031065	0
ENSMMUG00000063636	0
ENSMMUG00000041514	0
ENSMMUG00000048052	0
ENSMMUG00000051959	0
ENSMMUG00000059891	1
ENSMMUG00000040471	0
ENSMMUG00000015982	0
ENSMMUG00000049875	0
ENSMMUG00000011846	0
ENSMMUG00000011828	0
ENSMMUG00000060286	0
ENSMMUG00000024994	0
ENSMMUG00000051326	0
ENSMMUG00000043504	0
ENSMMUG00000015984	1
ENSMMUG00000057395	11
ENSMMUG00000060566	0
ENSMMUG00000052706	0
ENSMMUG00000048032	0
ENSMMUG00000006652	0
ENSMMUG00000059046	2
ENSMMUG00000011436	127
ENSMMUG00000053625	1
ENSMMUG00000031102	0
ENSMMUG00000051145	0
ENSMMUG00000054295	0
ENSMMUG00000011821	52
ENSMMUG00000064518	0
ENSMMUG00000033094	0
ENSMMUG00000007618	0
ENSMMUG00000011835	0
ENSMMUG00000060650	0
ENSMMUG00000010455	0
ENSMMUG00000007102	65
ENSMMUG00000015992	12
ENSMMUG00000011163	0
ENSMMUG00000035758	0
ENSMMUG00000061956	0
ENSMMUG00000015991	4
ENSMMUG00000014880	2
ENSMMUG00000011438	2
ENSMMUG00000020783	2
ENSMMUG00000001260	0
ENSMMUG00000026244	0
ENSMMUG00000054121	0
ENSMMUG00000010451	35
ENSMMUG00000059436	1
ENSMMUG00000020784	0
ENSMMUG00000002542	3
ENSMMUG00000058277	0
ENSMMUG00000004822	0
ENSMMUG00000053399	0
ENSMMUG00000038771	0
ENSMMUG00000043364	0
ENSMMUG00000059001	0
ENSMMUG00000057893	1
ENSMMUG00000007620	0
ENSMMUG00000031100	2
ENSMMUG00000003394	0
ENSMMUG00000015987	8
ENSMMUG00000004267	4
ENSMMUG00000063655	18
ENSMMUG00000050759	0
ENSMMUG00000004821	0
ENSMMUG00000052815	0
ENSMMUG00000011817	62
ENSMMUG00000040935	0
ENSMMUG00000015986	13
ENSMMUG00000003396	38
ENSMMUG00000006955	0
ENSMMUG00000008588	0
ENSMMUG00000001403	27
ENSMMUG00000061384	0
ENSMMUG00000050397	0
ENSMMUG00000008585	0
ENSMMUG00000020176	0
ENSMMUG00000015792	2
ENSMMUG00000002539	0
ENSMMUG00000050649	0
ENSMMUG00000004153	1
ENSMMUG00000058280	0
ENSMMUG00000020177	3
ENSMMUG00000061603	0
ENSMMUG00000006950	3
ENSMMUG00000002535	11
ENSMMUG00000006268	0
ENSMMUG00000013530	3
ENSMMUG00000053946	0
ENSMMUG00000005493	16
ENSMMUG00000031202	14
ENSMMUG00000059299	0
ENSMMUG00000015790	20
ENSMMUG00000060490	0
ENSMMUG00000013526	0
ENSMMUG00000040144	1
ENSMMUG00000025655	0
ENSMMUG00000009267	0
ENSMMUG00000050942	0
ENSMMUG00000001536	8
ENSMMUG00000055460	0
ENSMMUG00000058594	0
ENSMMUG00000052347	11
ENSMMUG00000009264	0
ENSMMUG00000053043	0
ENSMMUG00000022520	34
ENSMMUG00000053281	0
ENSMMUG00000014883	0
ENSMMUG00000046488	0
ENSMMUG00000017593	0
ENSMMUG00000050591	0
ENSMMUG00000042410	0
ENSMMUG00000015785	20
ENSMMUG00000026946	0
ENSMMUG00000060629	0
ENSMMUG00000005489	25
ENSMMUG00000055956	0
ENSMMUG00000041621	0
ENSMMUG00000053378	0
ENSMMUG00000058467	2
ENSMMUG00000056905	0
ENSMMUG00000053140	0
ENSMMUG00000028635	0
ENSMMUG00000005488	23
ENSMMUG00000017135	0
ENSMMUG00000061215	4
ENSMMUG00000026963	0
ENSMMUG00000050433	0
ENSMMUG00000048141	0
ENSMMUG00000050864	0
ENSMMUG00000037430	0
ENSMMUG00000011068	0
ENSMMUG00000005423	24
ENSMMUG00000050689	0
ENSMMUG00000062951	0
ENSMMUG00000065091	0
ENSMMUG00000051907	0
ENSMMUG00000058745	0
ENSMMUG00000013524	0
ENSMMUG00000003400	0
ENSMMUG00000049268	0
ENSMMUG00000005486	15
ENSMMUG00000004544	12
ENSMMUG00000062571	1
ENSMMUG00000005483	11
ENSMMUG00000007754	6
ENSMMUG00000017600	0
ENSMMUG00000033876	0
ENSMMUG00000063045	0
ENSMMUG00000003403	26
ENSMMUG00000060358	0
ENSMMUG00000016387	3
ENSMMUG00000019674	0
ENSMMUG00000045160	39
ENSMMUG00000003405	0
ENSMMUG00000009205	7
ENSMMUG00000005480	9
ENSMMUG00000011013	0
ENSMMUG00000054955	0
ENSMMUG00000053908	0
ENSMMUG00000007100	0
ENSMMUG00000007745	9
ENSMMUG00000022319	15
ENSMMUG00000011015	0
ENSMMUG00000015054	36
ENSMMUG00000063711	2
ENSMMUG00000046904	0
ENSMMUG00000022518	4
ENSMMUG00000057009	0
ENSMMUG00000053278	0
ENSMMUG00000007743	12
ENSMMUG00000064498	0
ENSMMUG00000059696	1
ENSMMUG00000017280	1
ENSMMUG00000004489	0
ENSMMUG00000046625	10
ENSMMUG00000017287	11
ENSMMUG00000054280	0
ENSMMUG00000057357	0
ENSMMUG00000018632	0
ENSMMUG00000007831	51
ENSMMUG00000055352	0
ENSMMUG00000049850	0
ENSMMUG00000007741	45
ENSMMUG00000052569	0
ENSMMUG00000005482	30
ENSMMUG00000014133	0
ENSMMUG00000009028	6
ENSMMUG00000017278	51
ENSMMUG00000021764	0
ENSMMUG00000002037	0
ENSMMUG00000007103	2
ENSMMUG00000058539	0
ENSMMUG00000007738	16
ENSMMUG00000004249	0
ENSMMUG00000037426	0
ENSMMUG00000017275	20
ENSMMUG00000014131	15
ENSMMUG00000037980	37
ENSMMUG00000009204	6
ENSMMUG00000039484	0
ENSMMUG00000004250	0
ENSMMUG00000054897	0
ENSMMUG00000001745	17
ENSMMUG00000007107	1
ENSMMUG00000004523	12
ENSMMUG00000009026	6
ENSMMUG00000019672	155
ENSMMUG00000051642	0
ENSMMUG00000004253	0
ENSMMUG00000052086	0
ENSMMUG00000064122	0
ENSMMUG00000007713	0
ENSMMUG00000015932	16
ENSMMUG00000059427	0
ENSMMUG00000007008	6
ENSMMUG00000007732	5
ENSMMUG00000060261	0
ENSMMUG00000011743	38
ENSMMUG00000060712	0
ENSMMUG00000035821	0
ENSMMUG00000007731	6
ENSMMUG00000060585	0
ENSMMUG00000051212	0
ENSMMUG00000063368	0
ENSMMUG00000052424	12
ENSMMUG00000051423	0
ENSMMUG00000058532	686
ENSMMUG00000061386	0
ENSMMUG00000010688	0
ENSMMUG00000024840	0
ENSMMUG00000057680	0
ENSMMUG00000007945	0
ENSMMUG00000060889	0
ENSMMUG00000007728	4
ENSMMUG00000050656	0
ENSMMUG00000055687	2
ENSMMUG00000065321	0
ENSMMUG00000041104	0
ENSMMUG00000007751	9
ENSMMUG00000034816	0
ENSMMUG00000007725	0
ENSMMUG00000042162	0
ENSMMUG00000056328	0
ENSMMUG00000008759	0
ENSMMUG00000051622	0
ENSMMUG00000064993	0
ENSMMUG00000018308	6
ENSMMUG00000051519	4
ENSMMUG00000015928	16
ENSMMUG00000050992	0
ENSMMUG00000007723	21
ENSMMUG00000047594	0
ENSMMUG00000052507	5
ENSMMUG00000044642	0
ENSMMUG00000021723	0
ENSMMUG00000063993	0
ENSMMUG00000015925	31
ENSMMUG00000027585	0
ENSMMUG00000057179	0
ENSMMUG00000008758	1
ENSMMUG00000056794	0
ENSMMUG00000002250	0
ENSMMUG00000005492	0
ENSMMUG00000053392	261
ENSMMUG00000064149	0
ENSMMUG00000019115	4
ENSMMUG00000007717	11
ENSMMUG00000056968	0
ENSMMUG00000030915	0
ENSMMUG00000055406	0
ENSMMUG00000030914	51
ENSMMUG00000007752	0
ENSMMUG00000008771	39
ENSMMUG00000003525	0
ENSMMUG00000008065	15
ENSMMUG00000057794	27
ENSMMUG00000049684	0
ENSMMUG00000007753	8
ENSMMUG00000016884	0
ENSMMUG00000023636	38
ENSMMUG00000031293	0
ENSMMUG00000016883	0
ENSMMUG00000016882	6
ENSMMUG00000045580	0
ENSMMUG00000014001	28
ENSMMUG00000055541	0
ENSMMUG00000014455	6
ENSMMUG00000025233	0
ENSMMUG00000064636	0
ENSMMUG00000054416	0
ENSMMUG00000052166	0
ENSMMUG00000063316	0
ENSMMUG00000059645	0
ENSMMUG00000039750	0
ENSMMUG00000050090	0
ENSMMUG00000005639	0
ENSMMUG00000059160	73
ENSMMUG00000052406	0
ENSMMUG00000062186	0
ENSMMUG00000059353	0
ENSMMUG00000011526	24
ENSMMUG00000001256	0
ENSMMUG00000018571	5
ENSMMUG00000056711	16
ENSMMUG00000061705	0
ENSMMUG00000042636	0
ENSMMUG00000059969	0
ENSMMUG00000062863	0
ENSMMUG00000018152	15
ENSMMUG00000054795	0
ENSMMUG00000008655	13
ENSMMUG00000002543	18
ENSMMUG00000024934	0
ENSMMUG00000063597	0
ENSMMUG00000011502	5
ENSMMUG00000058331	0
ENSMMUG00000014003	0
ENSMMUG00000053388	0
ENSMMUG00000058029	0
ENSMMUG00000047347	5
ENSMMUG00000008654	64
ENSMMUG00000021142	20
ENSMMUG00000008653	0
ENSMMUG00000050603	37
ENSMMUG00000002617	4
ENSMMUG00000008652	13
ENSMMUG00000008651	14
ENSMMUG00000015876	1
ENSMMUG00000025109	0
ENSMMUG00000011506	9
ENSMMUG00000008649	0
ENSMMUG00000002919	10
ENSMMUG00000060452	1
ENSMMUG00000008490	2
ENSMMUG00000058888	0
ENSMMUG00000019012	32
ENSMMUG00000031214	7
ENSMMUG00000046655	57
ENSMMUG00000039412	0
ENSMMUG00000023922	0
ENSMMUG00000038138	71
ENSMMUG00000011511	37
ENSMMUG00000023300	32
ENSMMUG00000005776	0
ENSMMUG00000000511	13
ENSMMUG00000002922	0
ENSMMUG00000011741	0
ENSMMUG00000017529	22
ENSMMUG00000027059	0
ENSMMUG00000036455	0
ENSMMUG00000039301	6
ENSMMUG00000052593	0
ENSMMUG00000015731	0
ENSMMUG00000014772	0
ENSMMUG00000021446	45
ENSMMUG00000019014	18
ENSMMUG00000004533	47
ENSMMUG00000005775	30
ENSMMUG00000059965	0
ENSMMUG00000058862	0
ENSMMUG00000001293	9
ENSMMUG00000023297	5
ENSMMUG00000024920	0
ENSMMUG00000060529	0
ENSMMUG00000004622	1
ENSMMUG00000051792	0
ENSMMUG00000045105	19
ENSMMUG00000059908	0
ENSMMUG00000018304	1
ENSMMUG00000004696	76
ENSMMUG00000053898	0
ENSMMUG00000063960	12
ENSMMUG00000056343	0
ENSMMUG00000018316	0
ENSMMUG00000058391	0
ENSMMUG00000060181	0
ENSMMUG00000006692	20
ENSMMUG00000000797	2
ENSMMUG00000026782	0
ENSMMUG00000063439	0
ENSMMUG00000064713	0
ENSMMUG00000000513	11
ENSMMUG00000051683	0
ENSMMUG00000012317	26
ENSMMUG00000040599	0
ENSMMUG00000058804	4
ENSMMUG00000016225	0
ENSMMUG00000022133	151
ENSMMUG00000004625	5
ENSMMUG00000012316	0
ENSMMUG00000016227	0
ENSMMUG00000004626	0
ENSMMUG00000063234	0
ENSMMUG00000022031	15
ENSMMUG00000002611	0
ENSMMUG00000064873	8
ENSMMUG00000013257	11
ENSMMUG00000060267	0
ENSMMUG00000060246	0
ENSMMUG00000019016	25
ENSMMUG00000061959	13
ENSMMUG00000052460	0
ENSMMUG00000013256	53
ENSMMUG00000049880	0
ENSMMUG00000049915	12
ENSMMUG00000041230	0
ENSMMUG00000014415	7
ENSMMUG00000053491	0
ENSMMUG00000001294	5
ENSMMUG00000056149	0
ENSMMUG00000017565	19
ENSMMUG00000043297	0
ENSMMUG00000019017	267
ENSMMUG00000023942	0
ENSMMUG00000017292	0
ENSMMUG00000026596	0
ENSMMUG00000007798	4
ENSMMUG00000020354	113
ENSMMUG00000006689	0
ENSMMUG00000008878	2
ENSMMUG00000055800	0
ENSMMUG00000054956	0
ENSMMUG00000057647	0
ENSMMUG00000065052	0
ENSMMUG00000059138	3
ENSMMUG00000012585	0
ENSMMUG00000063842	0
ENSMMUG00000025983	0
ENSMMUG00000038288	17
ENSMMUG00000054131	0
ENSMMUG00000036475	0
ENSMMUG00000028370	0
ENSMMUG00000051131	0
ENSMMUG00000009019	174
ENSMMUG00000064232	0
ENSMMUG00000038363	34
ENSMMUG00000015522	11
ENSMMUG00000056815	0
ENSMMUG00000011977	17
ENSMMUG00000050028	9
ENSMMUG00000042046	0
ENSMMUG00000033208	0
ENSMMUG00000064005	0
ENSMMUG00000026265	0
ENSMMUG00000060437	0
ENSMMUG00000026130	0
ENSMMUG00000025398	0
ENSMMUG00000026536	0
ENSMMUG00000035788	0
ENSMMUG00000047808	0
ENSMMUG00000019837	73
ENSMMUG00000025719	0
ENSMMUG00000063403	0
ENSMMUG00000056839	0
ENSMMUG00000026160	0
ENSMMUG00000024499	0
ENSMMUG00000002456	14
ENSMMUG00000024487	0
ENSMMUG00000048435	0
ENSMMUG00000019839	11
ENSMMUG00000018779	24
ENSMMUG00000009022	18
ENSMMUG00000035564	0
ENSMMUG00000013475	59
ENSMMUG00000064726	0
ENSMMUG00000051468	0
ENSMMUG00000057640	0
ENSMMUG00000002241	6
ENSMMUG00000035403	0
ENSMMUG00000049467	0
ENSMMUG00000061604	1
ENSMMUG00000061174	2
ENSMMUG00000056720	0
ENSMMUG00000040374	0
ENSMMUG00000005280	9
ENSMMUG00000007675	4
ENSMMUG00000060401	0
ENSMMUG00000000343	0
ENSMMUG00000002917	0
ENSMMUG00000007418	66
ENSMMUG00000058196	0
ENSMMUG00000060360	0
ENSMMUG00000061596	0
ENSMMUG00000051474	0
ENSMMUG00000057627	0
ENSMMUG00000002453	69
ENSMMUG00000007676	0
ENSMMUG00000017741	0
ENSMMUG00000060188	2
ENSMMUG00000056235	6
ENSMMUG00000064641	0
ENSMMUG00000000527	1
ENSMMUG00000037173	0
ENSMMUG00000000506	0
ENSMMUG00000054754	0
ENSMMUG00000007416	6
ENSMMUG00000002452	0
ENSMMUG00000054171	0
ENSMMUG00000000188	27
ENSMMUG00000057944	0
ENSMMUG00000037754	0
ENSMMUG00000056037	0
ENSMMUG00000000185	0
ENSMMUG00000053694	0
ENSMMUG00000049305	0
ENSMMUG00000047219	0
ENSMMUG00000058201	0
ENSMMUG00000054033	0
ENSMMUG00000042169	0
ENSMMUG00000000874	7
ENSMMUG00000017568	7
ENSMMUG00000000187	4
ENSMMUG00000051612	0
ENSMMUG00000058858	0
ENSMMUG00000053769	0
ENSMMUG00000050389	0
ENSMMUG00000051632	0
ENSMMUG00000010782	4
ENSMMUG00000062793	0
ENSMMUG00000005445	0
ENSMMUG00000020491	7
ENSMMUG00000026375	0
ENSMMUG00000007406	17
ENSMMUG00000050618	0
ENSMMUG00000064611	0
ENSMMUG00000050952	0
ENSMMUG00000051614	8
ENSMMUG00000045402	0
ENSMMUG00000062081	0
ENSMMUG00000006665	0
ENSMMUG00000011449	0
ENSMMUG00000062352	0
ENSMMUG00000053720	0
ENSMMUG00000019419	0
ENSMMUG00000019186	7
ENSMMUG00000019421	6
ENSMMUG00000015425	0
ENSMMUG00000010783	2
ENSMMUG00000054869	0
ENSMMUG00000003244	5
ENSMMUG00000048604	1
ENSMMUG00000061868	0
ENSMMUG00000003138	0
ENSMMUG00000040519	2
ENSMMUG00000007822	0
ENSMMUG00000015106	0
ENSMMUG00000018698	8
ENSMMUG00000003139	37
ENSMMUG00000056825	3
ENSMMUG00000047498	0
ENSMMUG00000043558	0
ENSMMUG00000008025	0
ENSMMUG00000059619	0
ENSMMUG00000015247	1
ENSMMUG00000057411	0
ENSMMUG00000052571	2
ENSMMUG00000020105	0
ENSMMUG00000035318	0
ENSMMUG00000050651	14
ENSMMUG00000039948	0
ENSMMUG00000065306	0
ENSMMUG00000060046	0
ENSMMUG00000058037	0
ENSMMUG00000062751	0
ENSMMUG00000057666	0
ENSMMUG00000064241	0
ENSMMUG00000043778	0
ENSMMUG00000021438	0
ENSMMUG00000064111	0
ENSMMUG00000055992	0
ENSMMUG00000064193	0
ENSMMUG00000034898	0
ENSMMUG00000011976	5
ENSMMUG00000062372	0
ENSMMUG00000018781	19
ENSMMUG00000059415	0
ENSMMUG00000059728	3
ENSMMUG00000057837	0
ENSMMUG00000022401	9
ENSMMUG00000008472	0
ENSMMUG00000027057	0
ENSMMUG00000033242	0
ENSMMUG00000023094	1
ENSMMUG00000051171	0
ENSMMUG00000021439	0
ENSMMUG00000003682	24
ENSMMUG00000057431	0
ENSMMUG00000008474	7
ENSMMUG00000045321	0
ENSMMUG00000027434	0
ENSMMUG00000003140	0
ENSMMUG00000028064	0
ENSMMUG00000025749	0
ENSMMUG00000024646	0
ENSMMUG00000026405	0
ENSMMUG00000024245	0
ENSMMUG00000015249	0
ENSMMUG00000026121	0
ENSMMUG00000021659	12
ENSMMUG00000000110	14
ENSMMUG00000000368	0
ENSMMUG00000011646	0
ENSMMUG00000005019	0
ENSMMUG00000003142	6
ENSMMUG00000020430	0
ENSMMUG00000015255	2
ENSMMUG00000035738	0
ENSMMUG00000025590	0
ENSMMUG00000033201	0
ENSMMUG00000021661	0
ENSMMUG00000008476	1
ENSMMUG00000050788	18
ENSMMUG00000013601	8
ENSMMUG00000057633	0
ENSMMUG00000019736	2
ENSMMUG00000064903	0
ENSMMUG00000057156	0
ENSMMUG00000060095	0
ENSMMUG00000019268	13
ENSMMUG00000004791	0
ENSMMUG00000051272	0
ENSMMUG00000021664	0
ENSMMUG00000048660	0
ENSMMUG00000050981	0
ENSMMUG00000018778	26
ENSMMUG00000014368	10
ENSMMUG00000028420	0
ENSMMUG00000064251	0
ENSMMUG00000007402	11
ENSMMUG00000054421	0
ENSMMUG00000065148	0
ENSMMUG00000059839	0
ENSMMUG00000018776	74
ENSMMUG00000030964	18
ENSMMUG00000014169	94
ENSMMUG00000004688	0
ENSMMUG00000008480	0
ENSMMUG00000061333	0
ENSMMUG00000061053	0
ENSMMUG00000018775	1
ENSMMUG00000018773	2
ENSMMUG00000024329	0
ENSMMUG00000026943	0
ENSMMUG00000056054	8
ENSMMUG00000060300	4
ENSMMUG00000008481	0
ENSMMUG00000052288	0
ENSMMUG00000004012	80
ENSMMUG00000039671	3
ENSMMUG00000059461	0
ENSMMUG00000007381	3
ENSMMUG00000057600	0
ENSMMUG00000061444	0
ENSMMUG00000053780	0
ENSMMUG00000061599	0
ENSMMUG00000007382	25
ENSMMUG00000053897	0
ENSMMUG00000005353	3
ENSMMUG00000051635	4
ENSMMUG00000008486	4
ENSMMUG00000050514	0
ENSMMUG00000049355	6
ENSMMUG00000018772	33
ENSMMUG00000051075	0
ENSMMUG00000064128	0
ENSMMUG00000061775	0
ENSMMUG00000052168	0
ENSMMUG00000042509	8
ENSMMUG00000031183	26
ENSMMUG00000057934	0
ENSMMUG00000061315	0
ENSMMUG00000013095	38
ENSMMUG00000050362	0
ENSMMUG00000013267	68
ENSMMUG00000061600	0
ENSMMUG00000064510	0
ENSMMUG00000016548	0
ENSMMUG00000051161	0
ENSMMUG00000008488	1
ENSMMUG00000049599	0
ENSMMUG00000004500	0
ENSMMUG00000057483	0
ENSMMUG00000023479	31
ENSMMUG00000021576	5
ENSMMUG00000056249	17
ENSMMUG00000004014	38
ENSMMUG00000004503	13
ENSMMUG00000018768	6
ENSMMUG00000040247	0
ENSMMUG00000004024	4
ENSMMUG00000048281	0
ENSMMUG00000047889	0
ENSMMUG00000014363	21
ENSMMUG00000064709	0
ENSMMUG00000004112	0
ENSMMUG00000041012	0
ENSMMUG00000057020	0
ENSMMUG00000018767	0
ENSMMUG00000024336	0
ENSMMUG00000055675	0
ENSMMUG00000021578	0
ENSMMUG00000063559	0
ENSMMUG00000020820	0
ENSMMUG00000023477	39
ENSMMUG00000002605	14
ENSMMUG00000012315	6
ENSMMUG00000014328	2
ENSMMUG00000057360	0
ENSMMUG00000062043	0
ENSMMUG00000022403	9
ENSMMUG00000065277	0
ENSMMUG00000002658	0
ENSMMUG00000062838	0
ENSMMUG00000031168	0
ENSMMUG00000058889	0
ENSMMUG00000002660	5
ENSMMUG00000018168	0
ENSMMUG00000006375	0
ENSMMUG00000012320	14
ENSMMUG00000020818	0
ENSMMUG00000051795	72
ENSMMUG00000061391	0
ENSMMUG00000063365	0
ENSMMUG00000062781	0
ENSMMUG00000041388	34
ENSMMUG00000010321	1
ENSMMUG00000013265	11
ENSMMUG00000038358	0
ENSMMUG00000059392	0
ENSMMUG00000062265	7
ENSMMUG00000042036	18
ENSMMUG00000050497	0
ENSMMUG00000008965	0
ENSMMUG00000056145	0
ENSMMUG00000050318	0
ENSMMUG00000025058	0
ENSMMUG00000006568	0
ENSMMUG00000019693	0
ENSMMUG00000064306	0
ENSMMUG00000018174	3
ENSMMUG00000031129	25
ENSMMUG00000059077	0
ENSMMUG00000031163	0
ENSMMUG00000005761	43
ENSMMUG00000059789	0
ENSMMUG00000040202	0
ENSMMUG00000020817	0
ENSMMUG00000018464	22
ENSMMUG00000003976	14
ENSMMUG00000061647	8
ENSMMUG00000059843	6
ENSMMUG00000017294	10
ENSMMUG00000008053	9
ENSMMUG00000020368	0
ENSMMUG00000046328	0
ENSMMUG00000041101	20
ENSMMUG00000024976	0
ENSMMUG00000013949	13
ENSMMUG00000003973	62
ENSMMUG00000055575	0
ENSMMUG00000034966	0
ENSMMUG00000018178	0
ENSMMUG00000018117	63
ENSMMUG00000014334	0
ENSMMUG00000008048	0
ENSMMUG00000056754	0
ENSMMUG00000057176	0
ENSMMUG00000052983	0
ENSMMUG00000018465	0
ENSMMUG00000030906	0
ENSMMUG00000001730	118
ENSMMUG00000006183	0
ENSMMUG00000023772	0
ENSMMUG00000018188	0
ENSMMUG00000053379	0
ENSMMUG00000062435	0
ENSMMUG00000026956	0
ENSMMUG00000032661	0
ENSMMUG00000048799	0
ENSMMUG00000017398	0
ENSMMUG00000001387	19
ENSMMUG00000000844	37
ENSMMUG00000027119	0
ENSMMUG00000043523	5
ENSMMUG00000027105	0
ENSMMUG00000044962	39
ENSMMUG00000053754	0
ENSMMUG00000003972	86
ENSMMUG00000037228	0
ENSMMUG00000018944	3
ENSMMUG00000023773	4
ENSMMUG00000024018	0
ENSMMUG00000017399	0
ENSMMUG00000023376	0
ENSMMUG00000054645	4
ENSMMUG00000018945	1
ENSMMUG00000062802	0
ENSMMUG00000059644	2
ENSMMUG00000045019	3
ENSMMUG00000007639	4
ENSMMUG00000019734	0
ENSMMUG00000003971	1
ENSMMUG00000008827	13
ENSMMUG00000047793	4
ENSMMUG00000056264	0
ENSMMUG00000017402	3
ENSMMUG00000009394	26
ENSMMUG00000017355	14
ENSMMUG00000065186	0
ENSMMUG00000057529	0
ENSMMUG00000010009	1
ENSMMUG00000062196	0
ENSMMUG00000063557	0
ENSMMUG00000061815	0
ENSMMUG00000025977	0
ENSMMUG00000031126	3
ENSMMUG00000052796	0
ENSMMUG00000059840	0
ENSMMUG00000014792	0
ENSMMUG00000010119	2
ENSMMUG00000056219	0
ENSMMUG00000060396	0
ENSMMUG00000059876	0
ENSMMUG00000010120	0
ENSMMUG00000044683	0
ENSMMUG00000058923	0
ENSMMUG00000031160	22
ENSMMUG00000054773	4
ENSMMUG00000018112	3
ENSMMUG00000014796	10
ENSMMUG00000063047	0
ENSMMUG00000017471	0
ENSMMUG00000030597	0
ENSMMUG00000060615	0
ENSMMUG00000050672	17
ENSMMUG00000025384	0
ENSMMUG00000017470	1
ENSMMUG00000061237	0
ENSMMUG00000010010	0
ENSMMUG00000056834	0
ENSMMUG00000007079	0
ENSMMUG00000061571	0
ENSMMUG00000018110	12
ENSMMUG00000050662	0
ENSMMUG00000054432	0
ENSMMUG00000053585	0
ENSMMUG00000017472	5
ENSMMUG00000050736	0
ENSMMUG00000007080	0
ENSMMUG00000051149	0
ENSMMUG00000014801	4
ENSMMUG00000009055	0
ENSMMUG00000057940	0
ENSMMUG00000064029	0
ENSMMUG00000053386	0
ENSMMUG00000014812	0
ENSMMUG00000056316	1
ENSMMUG00000052952	0
ENSMMUG00000002369	0
ENSMMUG00000013094	28
ENSMMUG00000007085	277
ENSMMUG00000013093	30
ENSMMUG00000049990	3
ENSMMUG00000020643	0
ENSMMUG00000057523	10
ENSMMUG00000002368	15
ENSMMUG00000022606	134
ENSMMUG00000007086	1
ENSMMUG00000006595	2
ENSMMUG00000055265	0
ENSMMUG00000052205	0
ENSMMUG00000051785	2
ENSMMUG00000012270	0
ENSMMUG00000006598	53
ENSMMUG00000020644	0
ENSMMUG00000051372	0
ENSMMUG00000002549	2
ENSMMUG00000055672	0
ENSMMUG00000012269	6
ENSMMUG00000050129	0
ENSMMUG00000052870	4
ENSMMUG00000022301	1252
ENSMMUG00000044640	0
ENSMMUG00000060517	0
ENSMMUG00000036901	0
ENSMMUG00000021039	0
ENSMMUG00000012268	5
ENSMMUG00000061157	0
ENSMMUG00000017473	6
ENSMMUG00000014806	16
ENSMMUG00000059798	0
ENSMMUG00000031123	0
ENSMMUG00000054205	0
ENSMMUG00000051695	6
ENSMMUG00000052484	38
ENSMMUG00000044814	16
ENSMMUG00000017476	7
ENSMMUG00000049661	0
ENSMMUG00000048406	0
ENSMMUG00000059447	0
ENSMMUG00000010685	7
ENSMMUG00000007999	1
ENSMMUG00000013831	11
ENSMMUG00000050330	0
ENSMMUG00000017477	1
ENSMMUG00000030902	0
ENSMMUG00000060466	0
ENSMMUG00000052900	0
ENSMMUG00000059236	0
ENSMMUG00000062645	0
ENSMMUG00000058338	0
ENSMMUG00000010686	12
ENSMMUG00000062084	0
ENSMMUG00000004424	0
ENSMMUG00000004649	3
ENSMMUG00000055891	0
ENSMMUG00000056501	0
ENSMMUG00000003821	3
ENSMMUG00000021628	0
ENSMMUG00000054866	0
ENSMMUG00000064190	0
ENSMMUG00000058706	0
ENSMMUG00000053377	0
ENSMMUG00000062870	0
ENSMMUG00000061574	0
ENSMMUG00000009126	4
ENSMMUG00000050683	0
ENSMMUG00000035674	0
ENSMMUG00000060118	0
ENSMMUG00000004420	0
ENSMMUG00000061553	0
ENSMMUG00000034601	0
ENSMMUG00000022604	1746
ENSMMUG00000042218	8
ENSMMUG00000062874	0
ENSMMUG00000022598	0
ENSMMUG00000018651	10
ENSMMUG00000009053	0
ENSMMUG00000022595	0
ENSMMUG00000022594	0
ENSMMUG00000049943	0
ENSMMUG00000052985	0
ENSMMUG00000051766	0
ENSMMUG00000060635	0
ENSMMUG00000007610	11
ENSMMUG00000056546	0
ENSMMUG00000007603	7
ENSMMUG00000052307	0
ENSMMUG00000013397	40
ENSMMUG00000058655	0
ENSMMUG00000019647	156
ENSMMUG00000017803	73
ENSMMUG00000037770	0
ENSMMUG00000017802	0
ENSMMUG00000059735	0
ENSMMUG00000009316	0
ENSMMUG00000010390	23
ENSMMUG00000060596	31
ENSMMUG00000012948	17
ENSMMUG00000037977	37
ENSMMUG00000048072	4
ENSMMUG00000010719	2
ENSMMUG00000012944	24
ENSMMUG00000012942	2
ENSMMUG00000012941	36
ENSMMUG00000012940	2
ENSMMUG00000012939	0
ENSMMUG00000012953	97
ENSMMUG00000009318	5
ENSMMUG00000056349	0
ENSMMUG00000056751	53
ENSMMUG00000053702	0
ENSMMUG00000000482	3
ENSMMUG00000000478	88
ENSMMUG00000053930	10
ENSMMUG00000005982	12
ENSMMUG00000053314	0
ENSMMUG00000040777	0
ENSMMUG00000056344	0
ENSMMUG00000054040	0
ENSMMUG00000016942	2
ENSMMUG00000064922	0
ENSMMUG00000025469	0
ENSMMUG00000055682	0
ENSMMUG00000010853	0
ENSMMUG00000019119	12
ENSMMUG00000007041	0
ENSMMUG00000060151	0
ENSMMUG00000007133	0
ENSMMUG00000063818	14
ENSMMUG00000065325	0
ENSMMUG00000041731	20
ENSMMUG00000054562	0
ENSMMUG00000019329	7
ENSMMUG00000044847	0
ENSMMUG00000064700	0
ENSMMUG00000000336	0
ENSMMUG00000014613	10
ENSMMUG00000014614	0
ENSMMUG00000014615	0
ENSMMUG00000031024	41
ENSMMUG00000063447	0
ENSMMUG00000051526	0
ENSMMUG00000038694	0
ENSMMUG00000051852	0
ENSMMUG00000061837	0
ENSMMUG00000049731	0
ENSMMUG00000063473	0
ENSMMUG00000062148	0
ENSMMUG00000058832	0
ENSMMUG00000053778	0
ENSMMUG00000060453	22
ENSMMUG00000050813	0
ENSMMUG00000013290	0
ENSMMUG00000049053	0
ENSMMUG00000047971	0
ENSMMUG00000049227	10
ENSMMUG00000003412	57
ENSMMUG00000052972	0
ENSMMUG00000060228	0
ENSMMUG00000060197	0
ENSMMUG00000003399	13
ENSMMUG00000009961	41
ENSMMUG00000008183	88
ENSMMUG00000009956	20
ENSMMUG00000012442	24
ENSMMUG00000006088	74
ENSMMUG00000023796	0
ENSMMUG00000060992	0
ENSMMUG00000050421	0
ENSMMUG00000054389	0
ENSMMUG00000023795	1
ENSMMUG00000059799	0
ENSMMUG00000000422	132
ENSMMUG00000060195	0
ENSMMUG00000052330	0
ENSMMUG00000014944	54
ENSMMUG00000021760	515
ENSMMUG00000002517	2
ENSMMUG00000053976	0
ENSMMUG00000057599	0
ENSMMUG00000001827	0
ENSMMUG00000024552	0
ENSMMUG00000012167	6
ENSMMUG00000042866	0
ENSMMUG00000051925	0
ENSMMUG00000064229	0
ENSMMUG00000049412	0
ENSMMUG00000009775	0
ENSMMUG00000012163	2
ENSMMUG00000051781	0
ENSMMUG00000056533	0
ENSMMUG00000002518	0
ENSMMUG00000053926	0
ENSMMUG00000027129	0
ENSMMUG00000017151	25
ENSMMUG00000008196	96
ENSMMUG00000027104	0
ENSMMUG00000027054	0
ENSMMUG00000057126	0
ENSMMUG00000057812	0
ENSMMUG00000015805	10
ENSMMUG00000042905	0
ENSMMUG00000050789	0
ENSMMUG00000020164	0
ENSMMUG00000054140	0
ENSMMUG00000057137	0
ENSMMUG00000051068	0
ENSMMUG00000002515	15
ENSMMUG00000001526	9
ENSMMUG00000058221	0
ENSMMUG00000064625	0
ENSMMUG00000065127	0
ENSMMUG00000050967	0
ENSMMUG00000006052	0
ENSMMUG00000018233	0
ENSMMUG00000063088	0
ENSMMUG00000052728	0
ENSMMUG00000023495	4
ENSMMUG00000011767	64
ENSMMUG00000062710	0
ENSMMUG00000011787	19
ENSMMUG00000062932	0
ENSMMUG00000014558	24
ENSMMUG00000016343	1
ENSMMUG00000058851	0
ENSMMUG00000055228	0
ENSMMUG00000033366	0
ENSMMUG00000033398	0
ENSMMUG00000003401	6
ENSMMUG00000064515	0
ENSMMUG00000054209	0
ENSMMUG00000004338	0
ENSMMUG00000049422	0
ENSMMUG00000001524	19
ENSMMUG00000017199	0
ENSMMUG00000035945	0
ENSMMUG00000061670	0
ENSMMUG00000053274	0
ENSMMUG00000061225	0
ENSMMUG00000056887	0
ENSMMUG00000064801	0
ENSMMUG00000062815	0
ENSMMUG00000016508	0
ENSMMUG00000000494	0
ENSMMUG00000046806	0
ENSMMUG00000062367	0
ENSMMUG00000055407	0
ENSMMUG00000011415	3
ENSMMUG00000005463	21
ENSMMUG00000034570	0
ENSMMUG00000055307	0
ENSMMUG00000056523	0
ENSMMUG00000052368	0
ENSMMUG00000032030	0
ENSMMUG00000011765	12
ENSMMUG00000062843	7
ENSMMUG00000057331	10
ENSMMUG00000002672	0
ENSMMUG00000011414	5
ENSMMUG00000059066	0
ENSMMUG00000035516	0
ENSMMUG00000064869	0
ENSMMUG00000055145	0
ENSMMUG00000002669	3
ENSMMUG00000058646	0
ENSMMUG00000061449	0
ENSMMUG00000049485	0
ENSMMUG00000056934	0
ENSMMUG00000002396	0
ENSMMUG00000053713	0
ENSMMUG00000026950	0
ENSMMUG00000006080	0
ENSMMUG00000011759	33
ENSMMUG00000000143	10
ENSMMUG00000002665	5
ENSMMUG00000038652	0
ENSMMUG00000060450	0
ENSMMUG00000002634	14
ENSMMUG00000012161	49
ENSMMUG00000000141	6
ENSMMUG00000057332	0
ENSMMUG00000062068	0
ENSMMUG00000054544	0
ENSMMUG00000061253	0
ENSMMUG00000059888	0
ENSMMUG00000011410	3
ENSMMUG00000006076	75
ENSMMUG00000059419	0
ENSMMUG00000050175	2
ENSMMUG00000007614	1
ENSMMUG00000055997	1
ENSMMUG00000064247	0
ENSMMUG00000052476	25
ENSMMUG00000000136	0
ENSMMUG00000003411	0
ENSMMUG00000058376	0
ENSMMUG00000059741	0
ENSMMUG00000034706	0
ENSMMUG00000062136	0
ENSMMUG00000058899	0
ENSMMUG00000059031	0
ENSMMUG00000052388	0
ENSMMUG00000010661	0
ENSMMUG00000002236	0
ENSMMUG00000016712	0
ENSMMUG00000062912	9
ENSMMUG00000051832	0
ENSMMUG00000010662	35
ENSMMUG00000015024	6
ENSMMUG00000054687	0
ENSMMUG00000032864	0
ENSMMUG00000063084	0
ENSMMUG00000053490	0
ENSMMUG00000059207	0
ENSMMUG00000060611	0
ENSMMUG00000039396	0
ENSMMUG00000000871	0
ENSMMUG00000017214	12
ENSMMUG00000006079	8
ENSMMUG00000060761	0
ENSMMUG00000058409	0
ENSMMUG00000001304	0
ENSMMUG00000013997	24
ENSMMUG00000064752	5
ENSMMUG00000059411	2
ENSMMUG00000055381	0
ENSMMUG00000058597	0
ENSMMUG00000017053	7
ENSMMUG00000057849	0
ENSMMUG00000053643	0
ENSMMUG00000011757	17
ENSMMUG00000000135	1
ENSMMUG00000060049	0
ENSMMUG00000037295	0
ENSMMUG00000050773	0
ENSMMUG00000018396	1
ENSMMUG00000059648	0
ENSMMUG00000042680	0
ENSMMUG00000063191	0
ENSMMUG00000036207	0
ENSMMUG00000006073	1
ENSMMUG00000052868	0
ENSMMUG00000008466	0
ENSMMUG00000020608	71
ENSMMUG00000013763	1
ENSMMUG00000050918	0
ENSMMUG00000011582	27
ENSMMUG00000051237	0
ENSMMUG00000036733	0
ENSMMUG00000064482	0
ENSMMUG00000054034	0
ENSMMUG00000055055	0
ENSMMUG00000055149	0
ENSMMUG00000042689	0
ENSMMUG00000022971	0
ENSMMUG00000059255	0
ENSMMUG00000025996	0
ENSMMUG00000036681	0
ENSMMUG00000063140	0
ENSMMUG00000035863	0
ENSMMUG00000018395	8
ENSMMUG00000026024	0
ENSMMUG00000018394	0
ENSMMUG00000057568	0
ENSMMUG00000049448	0
ENSMMUG00000058123	0
ENSMMUG00000058188	0
ENSMMUG00000007223	0
ENSMMUG00000041328	0
ENSMMUG00000044658	6
ENSMMUG00000053068	0
ENSMMUG00000016826	28
ENSMMUG00000050098	0
ENSMMUG00000064034	0
ENSMMUG00000057520	1
ENSMMUG00000058311	0
ENSMMUG00000031740	0
ENSMMUG00000056353	0
ENSMMUG00000008295	0
ENSMMUG00000000802	3
ENSMMUG00000011755	1
ENSMMUG00000005997	1
ENSMMUG00000032026	0
ENSMMUG00000008299	20
ENSMMUG00000054979	0
ENSMMUG00000011369	6
ENSMMUG00000063066	0
ENSMMUG00000060277	0
ENSMMUG00000017609	11
ENSMMUG00000054192	0
ENSMMUG00000017799	8
ENSMMUG00000064784	0
ENSMMUG00000056862	0
ENSMMUG00000060597	1
ENSMMUG00000056693	0
ENSMMUG00000050657	0
ENSMMUG00000013517	0
ENSMMUG00000011704	0
ENSMMUG00000002362	16
ENSMMUG00000053791	0
ENSMMUG00000061665	0
ENSMMUG00000061652	0
ENSMMUG00000003197	10
ENSMMUG00000062925	0
ENSMMUG00000007992	0
ENSMMUG00000063376	0
ENSMMUG00000044550	0
ENSMMUG00000021848	33
ENSMMUG00000058686	0
ENSMMUG00000053129	0
ENSMMUG00000010438	13
ENSMMUG00000003668	25
ENSMMUG00000008298	10
ENSMMUG00000060949	0
ENSMMUG00000056551	0
ENSMMUG00000049668	0
ENSMMUG00000065258	0
ENSMMUG00000023448	3
ENSMMUG00000043899	3
ENSMMUG00000061442	0
ENSMMUG00000062277	0
ENSMMUG00000055769	0
ENSMMUG00000057534	1
ENSMMUG00000019561	5
ENSMMUG00000061290	0
ENSMMUG00000052774	0
ENSMMUG00000047511	59
ENSMMUG00000063134	0
ENSMMUG00000065229	0
ENSMMUG00000064995	0
ENSMMUG00000015093	2
ENSMMUG00000056784	0
ENSMMUG00000035729	0
ENSMMUG00000052522	0
ENSMMUG00000010145	0
ENSMMUG00000051494	0
ENSMMUG00000064875	0
ENSMMUG00000052942	0
ENSMMUG00000016295	3
ENSMMUG00000031916	14
ENSMMUG00000019179	21
ENSMMUG00000052211	0
ENSMMUG00000007990	0
ENSMMUG00000020463	0
ENSMMUG00000008414	0
ENSMMUG00000018523	3
ENSMMUG00000054211	0
ENSMMUG00000057499	0
ENSMMUG00000033550	0
ENSMMUG00000049479	0
ENSMMUG00000043913	1
ENSMMUG00000034753	0
ENSMMUG00000010870	16
ENSMMUG00000039355	5
ENSMMUG00000005217	33
ENSMMUG00000054214	0
ENSMMUG00000028007	0
ENSMMUG00000005215	8
ENSMMUG00000064761	0
ENSMMUG00000006952	2
ENSMMUG00000054648	0
ENSMMUG00000017210	4
ENSMMUG00000012532	17
ENSMMUG00000009832	0
ENSMMUG00000041713	0
ENSMMUG00000020549	2
ENSMMUG00000031977	0
ENSMMUG00000010143	1
ENSMMUG00000062607	0
ENSMMUG00000062122	8
ENSMMUG00000008018	4
ENSMMUG00000015205	0
ENSMMUG00000051739	0
ENSMMUG00000026411	0
ENSMMUG00000020633	0
ENSMMUG00000056856	0
ENSMMUG00000026971	2
ENSMMUG00000026885	0
ENSMMUG00000016675	0
ENSMMUG00000027131	0
ENSMMUG00000008629	16
ENSMMUG00000017207	5
ENSMMUG00000051799	11
ENSMMUG00000038373	10
ENSMMUG00000060357	0
ENSMMUG00000022536	0
ENSMMUG00000054125	0
ENSMMUG00000008015	0
ENSMMUG00000016670	12
ENSMMUG00000064623	0
ENSMMUG00000040914	0
ENSMMUG00000031973	0
ENSMMUG00000061550	0
ENSMMUG00000017203	0
ENSMMUG00000022535	57
ENSMMUG00000001748	0
ENSMMUG00000057073	0
ENSMMUG00000055829	0
ENSMMUG00000011866	3
ENSMMUG00000009333	11
ENSMMUG00000017202	0
ENSMMUG00000015279	65
ENSMMUG00000054382	0
ENSMMUG00000063128	0
ENSMMUG00000064845	0
ENSMMUG00000053734	0
ENSMMUG00000010981	0
ENSMMUG00000035514	0
ENSMMUG00000064277	0
ENSMMUG00000064576	0
ENSMMUG00000001141	12
ENSMMUG00000049318	0
ENSMMUG00000009831	2
ENSMMUG00000015798	1
ENSMMUG00000026931	0
ENSMMUG00000020631	14
ENSMMUG00000020190	144
ENSMMUG00000008561	0
ENSMMUG00000000937	1
ENSMMUG00000002853	4
ENSMMUG00000009327	63
ENSMMUG00000041923	10
ENSMMUG00000008559	0
ENSMMUG00000057916	0
ENSMMUG00000048737	160
ENSMMUG00000049493	2
ENSMMUG00000023797	0
ENSMMUG00000050242	0
ENSMMUG00000023838	0
ENSMMUG00000031944	0
ENSMMUG00000012242	1
ENSMMUG00000047234	13
ENSMMUG00000044363	0
ENSMMUG00000061896	53
ENSMMUG00000059218	0
ENSMMUG00000012745	0
ENSMMUG00000044048	0
ENSMMUG00000023257	3
ENSMMUG00000062789	0
ENSMMUG00000020188	124
ENSMMUG00000058945	0
ENSMMUG00000022895	43
ENSMMUG00000061473	0
ENSMMUG00000013634	0
ENSMMUG00000050424	0
ENSMMUG00000008557	1
ENSMMUG00000016731	0
ENSMMUG00000034229	0
ENSMMUG00000020009	0
ENSMMUG00000006927	8
ENSMMUG00000015654	0
ENSMMUG00000016315	179
ENSMMUG00000051059	0
ENSMMUG00000057024	0
ENSMMUG00000059682	0
ENSMMUG00000055563	0
ENSMMUG00000052606	0
ENSMMUG00000014844	2
ENSMMUG00000024748	0
ENSMMUG00000044083	0
ENSMMUG00000002584	0
ENSMMUG00000014924	0
ENSMMUG00000060533	0
ENSMMUG00000000935	30
ENSMMUG00000012282	0
ENSMMUG00000004980	0
ENSMMUG00000003006	5
ENSMMUG00000042069	0
ENSMMUG00000063081	1
ENSMMUG00000000934	10
ENSMMUG00000012281	4
ENSMMUG00000061012	0
ENSMMUG00000065241	0
ENSMMUG00000052058	0
ENSMMUG00000065115	0
ENSMMUG00000016531	8
ENSMMUG00000019862	138
ENSMMUG00000063055	2
ENSMMUG00000022348	35
ENSMMUG00000014111	0
ENSMMUG00000025031	0
ENSMMUG00000048888	53
ENSMMUG00000012279	18
ENSMMUG00000057105	6
ENSMMUG00000043892	3
ENSMMUG00000022346	84
ENSMMUG00000051553	0
ENSMMUG00000014110	0
ENSMMUG00000051626	8
ENSMMUG00000064363	0
ENSMMUG00000005260	26
ENSMMUG00000012278	20
ENSMMUG00000055058	0
ENSMMUG00000009812	0
ENSMMUG00000063083	0
ENSMMUG00000005259	0
ENSMMUG00000006906	24
ENSMMUG00000049490	9
ENSMMUG00000007181	9
ENSMMUG00000058412	0
ENSMMUG00000051880	0
ENSMMUG00000061871	0
ENSMMUG00000009642	0
ENSMMUG00000047417	0
ENSMMUG00000011183	0
ENSMMUG00000060033	55
ENSMMUG00000022344	363
ENSMMUG00000004628	4
ENSMMUG00000056743	0
ENSMMUG00000035927	0
ENSMMUG00000007065	0
ENSMMUG00000055255	0
ENSMMUG00000058883	0
ENSMMUG00000064057	2
ENSMMUG00000051318	0
ENSMMUG00000041896	0
ENSMMUG00000011185	0
ENSMMUG00000025675	0
ENSMMUG00000002224	15
ENSMMUG00000055236	7
ENSMMUG00000052373	3
ENSMMUG00000064601	0
ENSMMUG00000012275	22
ENSMMUG00000007354	184
ENSMMUG00000060003	0
ENSMMUG00000033102	0
ENSMMUG00000055792	0
ENSMMUG00000026876	0
ENSMMUG00000064892	0
ENSMMUG00000022339	16
ENSMMUG00000062461	0
ENSMMUG00000047960	16
ENSMMUG00000016976	2
ENSMMUG00000044537	8
ENSMMUG00000031965	13
ENSMMUG00000054736	0
ENSMMUG00000012266	0
ENSMMUG00000003671	0
ENSMMUG00000057031	0
ENSMMUG00000022341	47
ENSMMUG00000007187	0
ENSMMUG00000016189	2
ENSMMUG00000005851	0
ENSMMUG00000049804	0
ENSMMUG00000026493	0
ENSMMUG00000005850	0
ENSMMUG00000024747	0
ENSMMUG00000025111	0
ENSMMUG00000024743	0
ENSMMUG00000006348	25
ENSMMUG00000065261	0
ENSMMUG00000054293	0
ENSMMUG00000065260	6
ENSMMUG00000059011	0
ENSMMUG00000052667	0
ENSMMUG00000005848	0
ENSMMUG00000036752	0
ENSMMUG00000057965	0
ENSMMUG00000061099	0
ENSMMUG00000059467	0
ENSMMUG00000058034	0
ENSMMUG00000005844	3
ENSMMUG00000054958	0
ENSMMUG00000013466	0
ENSMMUG00000033778	0
ENSMMUG00000052199	0
ENSMMUG00000014159	16
ENSMMUG00000013057	1
ENSMMUG00000052889	0
ENSMMUG00000055400	0
ENSMMUG00000052909	0
ENSMMUG00000064217	0
ENSMMUG00000008128	0
ENSMMUG00000024720	0
ENSMMUG00000057509	0
ENSMMUG00000060888	0
ENSMMUG00000008670	8
ENSMMUG00000059422	0
ENSMMUG00000052074	0
ENSMMUG00000036489	0
ENSMMUG00000015100	0
ENSMMUG00000037181	0
ENSMMUG00000047381	27
ENSMMUG00000064669	0
ENSMMUG00000011197	6
ENSMMUG00000052842	1
ENSMMUG00000004629	7
ENSMMUG00000051914	0
ENSMMUG00000027146	0
ENSMMUG00000006345	0
ENSMMUG00000050399	0
ENSMMUG00000054901	0
ENSMMUG00000000173	9
ENSMMUG00000040429	0
ENSMMUG00000020774	13
ENSMMUG00000054631	0
ENSMMUG00000028336	0
ENSMMUG00000012428	0
ENSMMUG00000065176	0
ENSMMUG00000015274	34
ENSMMUG00000012426	0
ENSMMUG00000022919	2
ENSMMUG00000020786	0
ENSMMUG00000020782	1
ENSMMUG00000056734	0
ENSMMUG00000014697	9
ENSMMUG00000031830	0
ENSMMUG00000050838	0
ENSMMUG00000020780	11
ENSMMUG00000004630	7
ENSMMUG00000004634	3
ENSMMUG00000058344	0
ENSMMUG00000020777	0
ENSMMUG00000061517	0
ENSMMUG00000000670	6
ENSMMUG00000004638	0
ENSMMUG00000055603	0
ENSMMUG00000054833	0
ENSMMUG00000056929	7
ENSMMUG00000008665	8
ENSMMUG00000008662	19
ENSMMUG00000004642	4
ENSMMUG00000063006	0
ENSMMUG00000019388	6
ENSMMUG00000020773	38
ENSMMUG00000001272	0
ENSMMUG00000051800	0
ENSMMUG00000005902	0
ENSMMUG00000058086	0
ENSMMUG00000050562	0
ENSMMUG00000020771	0
ENSMMUG00000016193	4
ENSMMUG00000001061	40
ENSMMUG00000033226	0
ENSMMUG00000060086	0
ENSMMUG00000001267	17
ENSMMUG00000063412	0
ENSMMUG00000061204	0
ENSMMUG00000062880	0
ENSMMUG00000010325	0
ENSMMUG00000039762	6
ENSMMUG00000062262	0
ENSMMUG00000051675	0
ENSMMUG00000036220	0
ENSMMUG00000017886	17
ENSMMUG00000051569	0
ENSMMUG00000020795	1
ENSMMUG00000052156	0
ENSMMUG00000005989	6
ENSMMUG00000018726	7
ENSMMUG00000005948	0
ENSMMUG00000058252	0
ENSMMUG00000035423	0
ENSMMUG00000002361	24
ENSMMUG00000037425	0
ENSMMUG00000031826	1
ENSMMUG00000000172	1
ENSMMUG00000017892	11
ENSMMUG00000009918	19
ENSMMUG00000052701	0
ENSMMUG00000063434	0
ENSMMUG00000064061	0
ENSMMUG00000057055	0
ENSMMUG00000059471	10
ENSMMUG00000017894	25
ENSMMUG00000012472	1
ENSMMUG00000054207	23
ENSMMUG00000064393	0
ENSMMUG00000056652	0
ENSMMUG00000002079	10
ENSMMUG00000012571	0
ENSMMUG00000053320	0
ENSMMUG00000063545	0
ENSMMUG00000045930	55
ENSMMUG00000005987	14
ENSMMUG00000049844	0
ENSMMUG00000051891	0
ENSMMUG00000024723	0
ENSMMUG00000057495	0
ENSMMUG00000052051	0
ENSMMUG00000055326	0
ENSMMUG00000059899	0
ENSMMUG00000034312	0
ENSMMUG00000060631	0
ENSMMUG00000059686	0
ENSMMUG00000042423	0
ENSMMUG00000059096	0
ENSMMUG00000058149	0
ENSMMUG00000000495	0
ENSMMUG00000000568	0
ENSMMUG00000003718	7
ENSMMUG00000017458	7
ENSMMUG00000027986	0
ENSMMUG00000000496	0
ENSMMUG00000020379	0
ENSMMUG00000059224	0
ENSMMUG00000032020	0
ENSMMUG00000055821	0
ENSMMUG00000059827	0
ENSMMUG00000048969	0
ENSMMUG00000064488	0
ENSMMUG00000010966	1
ENSMMUG00000059132	5
ENSMMUG00000021134	7
ENSMMUG00000000357	3
ENSMMUG00000001250	14
ENSMMUG00000062658	0
ENSMMUG00000013102	2
ENSMMUG00000061575	0
ENSMMUG00000063250	0
ENSMMUG00000061297	0
ENSMMUG00000053882	0
ENSMMUG00000053204	0
ENSMMUG00000063174	0
ENSMMUG00000057183	0
ENSMMUG00000025012	0
ENSMMUG00000007421	0
ENSMMUG00000044236	0
ENSMMUG00000010038	0
ENSMMUG00000007170	3
ENSMMUG00000003780	20
ENSMMUG00000026874	31
ENSMMUG00000012597	4
ENSMMUG00000018612	0
ENSMMUG00000014398	13
ENSMMUG00000007168	4
ENSMMUG00000052218	0
ENSMMUG00000057202	0
ENSMMUG00000060225	0
ENSMMUG00000061218	21
ENSMMUG00000014148	12
ENSMMUG00000056009	0
ENSMMUG00000023182	0
ENSMMUG00000013881	41
ENSMMUG00000053595	0
ENSMMUG00000054138	0
ENSMMUG00000011654	0
ENSMMUG00000056939	0
ENSMMUG00000008230	3
ENSMMUG00000035888	0
ENSMMUG00000057184	0
ENSMMUG00000054424	3
ENSMMUG00000027775	0
ENSMMUG00000036785	0
ENSMMUG00000061595	0
ENSMMUG00000065070	0
ENSMMUG00000057540	0
ENSMMUG00000053200	7
ENSMMUG00000001134	4
ENSMMUG00000058083	0
ENSMMUG00000019639	0
ENSMMUG00000057039	0
ENSMMUG00000056528	0
ENSMMUG00000001137	11
ENSMMUG00000051709	0
ENSMMUG00000056154	1
ENSMMUG00000033248	0
ENSMMUG00000058722	0
ENSMMUG00000017515	0
ENSMMUG00000000389	32
ENSMMUG00000006896	17
ENSMMUG00000064539	0
ENSMMUG00000059950	0
ENSMMUG00000061635	0
ENSMMUG00000060154	0
ENSMMUG00000019570	0
ENSMMUG00000049717	0
ENSMMUG00000039674	0
ENSMMUG00000056026	0
ENSMMUG00000055129	0
ENSMMUG00000063639	0
ENSMMUG00000003782	0
ENSMMUG00000055182	0
ENSMMUG00000038944	0
ENSMMUG00000050277	4
ENSMMUG00000048927	0
ENSMMUG00000061814	0
ENSMMUG00000014147	17
ENSMMUG00000056670	0
ENSMMUG00000063104	0
ENSMMUG00000058731	0
ENSMMUG00000048011	0
ENSMMUG00000060752	0
ENSMMUG00000027133	0
ENSMMUG00000053078	9
ENSMMUG00000064243	0
ENSMMUG00000013711	0
ENSMMUG00000051298	0
ENSMMUG00000053303	0
ENSMMUG00000015985	6
ENSMMUG00000049529	0
ENSMMUG00000058219	0
ENSMMUG00000060428	0
ENSMMUG00000063809	0
ENSMMUG00000014146	4
ENSMMUG00000064816	0
ENSMMUG00000057089	0
ENSMMUG00000026475	0
ENSMMUG00000012886	10
ENSMMUG00000055493	0
ENSMMUG00000054514	0
ENSMMUG00000005401	6
ENSMMUG00000043575	0
ENSMMUG00000010959	3
ENSMMUG00000004865	0
ENSMMUG00000015181	0
ENSMMUG00000064740	0
ENSMMUG00000061060	0
ENSMMUG00000022967	47
ENSMMUG00000058900	0
ENSMMUG00000054049	0
ENSMMUG00000064137	0
ENSMMUG00000052729	0
ENSMMUG00000059900	0
ENSMMUG00000060364	0
ENSMMUG00000051555	0
ENSMMUG00000058565	0
ENSMMUG00000051258	0
ENSMMUG00000031876	7
ENSMMUG00000050566	0
ENSMMUG00000034544	0
ENSMMUG00000056018	0
ENSMMUG00000064274	0
ENSMMUG00000017514	0
ENSMMUG00000058435	0
ENSMMUG00000016605	24
ENSMMUG00000056407	0
ENSMMUG00000021158	4
ENSMMUG00000064984	0
ENSMMUG00000052934	0
ENSMMUG00000051771	0
ENSMMUG00000005988	0
ENSMMUG00000058193	0
ENSMMUG00000000695	4
ENSMMUG00000012882	41
ENSMMUG00000061719	0
ENSMMUG00000019067	0
ENSMMUG00000009916	0
ENSMMUG00000017022	26
ENSMMUG00000011455	32
ENSMMUG00000000464	0
ENSMMUG00000045042	0
ENSMMUG00000011401	5
ENSMMUG00000019070	3
ENSMMUG00000052493	0
ENSMMUG00000013717	22
ENSMMUG00000009915	13
ENSMMUG00000017180	12
ENSMMUG00000011453	0
ENSMMUG00000062855	0
ENSMMUG00000024742	0
ENSMMUG00000058590	32
ENSMMUG00000054870	0
ENSMMUG00000031847	0
ENSMMUG00000055142	1
ENSMMUG00000059107	0
ENSMMUG00000056358	0
ENSMMUG00000027124	0
ENSMMUG00000004590	6
ENSMMUG00000060448	0
ENSMMUG00000031755	0
ENSMMUG00000000690	5
ENSMMUG00000005024	21
ENSMMUG00000049344	0
ENSMMUG00000062194	15
ENSMMUG00000064263	0
ENSMMUG00000031598	0
ENSMMUG00000057717	0
ENSMMUG00000062901	0
ENSMMUG00000014477	8
ENSMMUG00000027716	0
ENSMMUG00000041862	0
ENSMMUG00000002470	108
ENSMMUG00000051547	0
ENSMMUG00000058445	11
ENSMMUG00000003314	0
ENSMMUG00000006135	4
ENSMMUG00000059344	0
ENSMMUG00000009493	120
ENSMMUG00000004588	0
ENSMMUG00000059974	0
ENSMMUG00000026258	0
ENSMMUG00000049495	0
ENSMMUG00000056475	0
ENSMMUG00000050581	0
ENSMMUG00000055545	0
ENSMMUG00000053648	1
ENSMMUG00000053374	0
ENSMMUG00000002176	17
ENSMMUG00000003132	1
ENSMMUG00000057803	0
ENSMMUG00000006833	0
ENSMMUG00000004639	38
ENSMMUG00000040351	0
ENSMMUG00000057206	0
ENSMMUG00000036533	0
ENSMMUG00000051435	0
ENSMMUG00000063942	0
ENSMMUG00000001545	15
ENSMMUG00000010399	9
ENSMMUG00000064066	20
ENSMMUG00000052935	0
ENSMMUG00000019357	9
ENSMMUG00000057503	0
ENSMMUG00000044327	0
ENSMMUG00000061780	0
ENSMMUG00000018468	29
ENSMMUG00000021097	0
ENSMMUG00000010400	0
ENSMMUG00000035316	0
ENSMMUG00000061660	0
ENSMMUG00000057205	0
ENSMMUG00000063374	0
ENSMMUG00000006132	15
ENSMMUG00000043096	25
ENSMMUG00000015844	0
ENSMMUG00000041459	0
ENSMMUG00000008281	15
ENSMMUG00000003106	27
ENSMMUG00000006923	0
ENSMMUG00000047916	0
ENSMMUG00000010401	17
ENSMMUG00000008343	15
ENSMMUG00000043216	0
ENSMMUG00000046294	0
ENSMMUG00000062056	0
ENSMMUG00000035176	0
ENSMMUG00000013712	56
ENSMMUG00000051015	0
ENSMMUG00000018226	0
ENSMMUG00000050923	0
ENSMMUG00000002175	0
ENSMMUG00000021344	0
ENSMMUG00000003105	0
ENSMMUG00000022023	14
ENSMMUG00000057770	7
ENSMMUG00000054523	0
ENSMMUG00000064006	22
ENSMMUG00000010214	0
ENSMMUG00000010213	8
ENSMMUG00000050790	0
ENSMMUG00000008058	0
ENSMMUG00000032017	0
ENSMMUG00000064013	0
ENSMMUG00000013024	23
ENSMMUG00000018306	2
ENSMMUG00000023801	0
ENSMMUG00000013020	1198
ENSMMUG00000056127	0
ENSMMUG00000022613	0
ENSMMUG00000034405	0
ENSMMUG00000018870	7
ENSMMUG00000043379	0
ENSMMUG00000018258	18
ENSMMUG00000003098	19
ENSMMUG00000008346	23
ENSMMUG00000056663	0
ENSMMUG00000062926	0
ENSMMUG00000058353	0
ENSMMUG00000054329	0
ENSMMUG00000052754	0
ENSMMUG00000001727	2
ENSMMUG00000057352	0
ENSMMUG00000026826	0
ENSMMUG00000005469	6
ENSMMUG00000034776	0
ENSMMUG00000021833	10
ENSMMUG00000018871	84
ENSMMUG00000028164	0
ENSMMUG00000050477	0
ENSMMUG00000060565	0
ENSMMUG00000060065	0
ENSMMUG00000052969	0
ENSMMUG00000021526	3
ENSMMUG00000043396	0
ENSMMUG00000063048	1
ENSMMUG00000005595	17
ENSMMUG00000050568	0
ENSMMUG00000004685	2
ENSMMUG00000054105	0
ENSMMUG00000009020	10
ENSMMUG00000003089	0
ENSMMUG00000060499	0
ENSMMUG00000061292	0
ENSMMUG00000051754	0
ENSMMUG00000012668	6
ENSMMUG00000014375	1
ENSMMUG00000024620	0
ENSMMUG00000006479	34
ENSMMUG00000023307	0
ENSMMUG00000019355	6
ENSMMUG00000019354	0
ENSMMUG00000063608	0
ENSMMUG00000003086	4
ENSMMUG00000050498	0
ENSMMUG00000017991	0
ENSMMUG00000060373	0
ENSMMUG00000051938	0
ENSMMUG00000038217	0
ENSMMUG00000028169	0
ENSMMUG00000016342	0
ENSMMUG00000053383	0
ENSMMUG00000009187	0
ENSMMUG00000064163	0
ENSMMUG00000062401	0
ENSMMUG00000028305	0
ENSMMUG00000057351	0
ENSMMUG00000031865	0
ENSMMUG00000058844	0
ENSMMUG00000003084	4
ENSMMUG00000014374	5
ENSMMUG00000003083	0
ENSMMUG00000003081	9
ENSMMUG00000006197	1
ENSMMUG00000063728	3
ENSMMUG00000059719	0
ENSMMUG00000031631	0
ENSMMUG00000039628	0
ENSMMUG00000023304	18
ENSMMUG00000057759	2
ENSMMUG00000019613	46
ENSMMUG00000031861	0
ENSMMUG00000052825	0
ENSMMUG00000054483	0
ENSMMUG00000015917	4
ENSMMUG00000060380	0
ENSMMUG00000016337	4
ENSMMUG00000012235	0
ENSMMUG00000001043	10
ENSMMUG00000051368	0
ENSMMUG00000020124	0
ENSMMUG00000012749	7
ENSMMUG00000016336	0
ENSMMUG00000018686	46
ENSMMUG00000001409	0
ENSMMUG00000016334	13
ENSMMUG00000004885	0
ENSMMUG00000020149	25
ENSMMUG00000060702	64
ENSMMUG00000019068	2
ENSMMUG00000004882	0
ENSMMUG00000060737	0
ENSMMUG00000057739	0
ENSMMUG00000002248	50
ENSMMUG00000045749	5
ENSMMUG00000062190	10
ENSMMUG00000041988	14
ENSMMUG00000020148	38
ENSMMUG00000000276	6
ENSMMUG00000061078	0
ENSMMUG00000056898	4
ENSMMUG00000024369	0
ENSMMUG00000027013	0
ENSMMUG00000041498	7
ENSMMUG00000027113	0
ENSMMUG00000038634	0
ENSMMUG00000018875	0
ENSMMUG00000006895	0
ENSMMUG00000050752	10
ENSMMUG00000054453	5
ENSMMUG00000051984	265
ENSMMUG00000051097	0
ENSMMUG00000008325	0
ENSMMUG00000058925	0
ENSMMUG00000018506	3
ENSMMUG00000061428	2
ENSMMUG00000016827	95
ENSMMUG00000020146	0
ENSMMUG00000064293	0
ENSMMUG00000021769	0
ENSMMUG00000009976	42
ENSMMUG00000059708	0
ENSMMUG00000008685	0
ENSMMUG00000010623	14
ENSMMUG00000038377	0
ENSMMUG00000063106	0
ENSMMUG00000019754	22
ENSMMUG00000064987	45
ENSMMUG00000036771	0
ENSMMUG00000009975	18
ENSMMUG00000063094	0
ENSMMUG00000053862	0
ENSMMUG00000063718	47
ENSMMUG00000035190	0
ENSMMUG00000032040	0
ENSMMUG00000058009	0
ENSMMUG00000006156	11
ENSMMUG00000051114	0
ENSMMUG00000023117	1
ENSMMUG00000002088	6
ENSMMUG00000052698	0
ENSMMUG00000062665	0
ENSMMUG00000002213	7
ENSMMUG00000054306	2
ENSMMUG00000020651	2
ENSMMUG00000021497	10
ENSMMUG00000063108	3
ENSMMUG00000038816	0
ENSMMUG00000016432	4
ENSMMUG00000027065	0
ENSMMUG00000054627	0
ENSMMUG00000001648	0
ENSMMUG00000063254	0
ENSMMUG00000001646	0
ENSMMUG00000007740	5
ENSMMUG00000059909	0
ENSMMUG00000057546	0
ENSMMUG00000056937	24
ENSMMUG00000002357	21
ENSMMUG00000059406	57
ENSMMUG00000015885	4
ENSMMUG00000051647	45
ENSMMUG00000045559	43
ENSMMUG00000023255	44
ENSMMUG00000063998	0
ENSMMUG00000016331	48
ENSMMUG00000016429	0
ENSMMUG00000007724	16
ENSMMUG00000009973	49
ENSMMUG00000016426	0
ENSMMUG00000016423	97
ENSMMUG00000060783	0
ENSMMUG00000016328	47
ENSMMUG00000050554	0
ENSMMUG00000045740	25
ENSMMUG00000016424	26
ENSMMUG00000063574	0
ENSMMUG00000021496	13
ENSMMUG00000060647	0
ENSMMUG00000061563	0
ENSMMUG00000060052	0
ENSMMUG00000050667	0
ENSMMUG00000053668	0
ENSMMUG00000054143	0
ENSMMUG00000060034	0
ENSMMUG00000016421	11
ENSMMUG00000019611	20
ENSMMUG00000051154	0
ENSMMUG00000007965	0
ENSMMUG00000031856	186
ENSMMUG00000002686	18
ENSMMUG00000019610	4
ENSMMUG00000051808	0
ENSMMUG00000019609	158
ENSMMUG00000061650	0
ENSMMUG00000057749	0
ENSMMUG00000056068	0
ENSMMUG00000064745	0
ENSMMUG00000054819	0
ENSMMUG00000058869	0
ENSMMUG00000058049	0
ENSMMUG00000057446	0
ENSMMUG00000008801	2
ENSMMUG00000039736	4
ENSMMUG00000054359	0
ENSMMUG00000053277	0
ENSMMUG00000019607	42
ENSMMUG00000047263	0
ENSMMUG00000058237	0
ENSMMUG00000049581	1
ENSMMUG00000049527	0
ENSMMUG00000009112	0
ENSMMUG00000018880	2
ENSMMUG00000056035	0
ENSMMUG00000055942	0
ENSMMUG00000024554	0
ENSMMUG00000018881	0
ENSMMUG00000013105	5
ENSMMUG00000053032	0
ENSMMUG00000021494	0
ENSMMUG00000048683	0
ENSMMUG00000059485	0
ENSMMUG00000019196	5
ENSMMUG00000001898	0
ENSMMUG00000021493	0
ENSMMUG00000052659	0
ENSMMUG00000019199	3
ENSMMUG00000057727	0
ENSMMUG00000052161	244
ENSMMUG00000032106	0
ENSMMUG00000019761	0
ENSMMUG00000017915	0
ENSMMUG00000019605	7
ENSMMUG00000059431	0
ENSMMUG00000063087	0
ENSMMUG00000063917	0
ENSMMUG00000055875	18
ENSMMUG00000050563	0
ENSMMUG00000056721	0
ENSMMUG00000017917	0
ENSMMUG00000012503	0
ENSMMUG00000065273	0
ENSMMUG00000013107	7
ENSMMUG00000060840	13
ENSMMUG00000054692	0
ENSMMUG00000040026	0
ENSMMUG00000056886	8
ENSMMUG00000061663	5
ENSMMUG00000013099	1
ENSMMUG00000001900	3
ENSMMUG00000013003	0
ENSMMUG00000052338	23
ENSMMUG00000013303	5
ENSMMUG00000060915	0
ENSMMUG00000058481	0
ENSMMUG00000056423	0
ENSMMUG00000052771	0
ENSMMUG00000020548	0
ENSMMUG00000059460	0
ENSMMUG00000064523	0
ENSMMUG00000035436	0
ENSMMUG00000017506	4
ENSMMUG00000025278	0
ENSMMUG00000008951	0
ENSMMUG00000045898	0
ENSMMUG00000056025	0
ENSMMUG00000012667	72
ENSMMUG00000059474	0
ENSMMUG00000049623	0
ENSMMUG00000003356	3
ENSMMUG00000016321	2364
ENSMMUG00000059959	0
ENSMMUG00000051259	0
ENSMMUG00000061106	0
ENSMMUG00000049748	0
ENSMMUG00000014403	0
ENSMMUG00000011868	0
ENSMMUG00000056840	0
ENSMMUG00000062475	0
ENSMMUG00000012147	33
ENSMMUG00000061519	0
ENSMMUG00000061841	0
ENSMMUG00000037634	0
ENSMMUG00000051806	0
ENSMMUG00000023365	25
ENSMMUG00000050822	0
ENSMMUG00000048375	0
ENSMMUG00000016323	1
ENSMMUG00000006148	0
ENSMMUG00000016327	2
ENSMMUG00000041842	0
ENSMMUG00000062141	0
ENSMMUG00000038988	18
ENSMMUG00000063329	4
ENSMMUG00000063459	0
ENSMMUG00000037955	0
ENSMMUG00000016318	146
ENSMMUG00000063753	0
ENSMMUG00000016316	24
ENSMMUG00000049863	0
ENSMMUG00000016314	0
ENSMMUG00000016313	71
ENSMMUG00000052671	0
ENSMMUG00000016308	17
ENSMMUG00000041301	0
ENSMMUG00000012892	0
ENSMMUG00000059279	0
ENSMMUG00000064427	0
ENSMMUG00000053787	0
ENSMMUG00000053381	0
ENSMMUG00000041316	2
ENSMMUG00000059098	0
ENSMMUG00000050309	0
ENSMMUG00000049051	54
ENSMMUG00000011862	2
ENSMMUG00000059889	0
ENSMMUG00000050607	0
ENSMMUG00000050655	0
ENSMMUG00000021724	6
ENSMMUG00000059191	50
ENSMMUG00000019604	0
ENSMMUG00000019602	5
ENSMMUG00000063975	0
ENSMMUG00000032154	3
ENSMMUG00000014322	0
ENSMMUG00000004943	0
ENSMMUG00000004942	35
ENSMMUG00000032151	0
ENSMMUG00000060507	3
ENSMMUG00000060673	0
ENSMMUG00000032150	0
ENSMMUG00000050131	0
ENSMMUG00000023185	0
ENSMMUG00000018107	0
ENSMMUG00000064667	0
ENSMMUG00000063727	0
ENSMMUG00000052722	0
ENSMMUG00000046202	1
ENSMMUG00000047768	28
ENSMMUG00000001677	6
ENSMMUG00000021278	0
ENSMMUG00000047902	49
ENSMMUG00000036751	0
ENSMMUG00000042881	4
ENSMMUG00000001669	9
ENSMMUG00000002267	0
ENSMMUG00000001667	0
ENSMMUG00000063598	0
ENSMMUG00000001661	0
ENSMMUG00000061789	0
ENSMMUG00000036223	0
ENSMMUG00000012713	0
ENSMMUG00000064112	0
ENSMMUG00000012499	38
ENSMMUG00000022750	199
ENSMMUG00000065171	0
ENSMMUG00000008036	23
ENSMMUG00000049402	0
ENSMMUG00000052295	0
ENSMMUG00000057182	0
ENSMMUG00000047506	0
ENSMMUG00000012498	0
ENSMMUG00000056519	0
ENSMMUG00000059085	0
ENSMMUG00000005056	1
ENSMMUG00000017860	26
ENSMMUG00000040671	0
ENSMMUG00000008249	10
ENSMMUG00000021434	27
ENSMMUG00000057660	0
ENSMMUG00000021431	18
ENSMMUG00000021432	3
ENSMMUG00000052688	9
ENSMMUG00000021428	0
ENSMMUG00000032142	0
ENSMMUG00000063163	0
ENSMMUG00000053919	0
ENSMMUG00000011528	32
ENSMMUG00000001522	8
ENSMMUG00000011527	7
ENSMMUG00000062601	0
ENSMMUG00000005051	24
ENSMMUG00000047733	14
ENSMMUG00000005048	9
ENSMMUG00000005047	21
ENSMMUG00000005046	0
ENSMMUG00000039440	0
ENSMMUG00000061477	0
ENSMMUG00000055721	0
ENSMMUG00000049177	0
ENSMMUG00000005042	66
ENSMMUG00000005040	14
ENSMMUG00000048231	3
ENSMMUG00000004200	5
ENSMMUG00000057327	0
ENSMMUG00000004815	0
ENSMMUG00000001834	0
ENSMMUG00000018754	0
ENSMMUG00000018753	0
ENSMMUG00000032915	0
ENSMMUG00000023939	0
ENSMMUG00000049689	0
ENSMMUG00000062313	0
ENSMMUG00000024655	0
ENSMMUG00000020990	1
ENSMMUG00000003799	9
ENSMMUG00000026981	16
ENSMMUG00000054872	0
ENSMMUG00000032649	0
ENSMMUG00000003797	8
ENSMMUG00000058799	42
ENSMMUG00000003793	4
ENSMMUG00000059501	11
ENSMMUG00000050493	1
ENSMMUG00000056226	0
ENSMMUG00000011816	34
ENSMMUG00000006057	21
ENSMMUG00000009965	0
ENSMMUG00000049483	0
ENSMMUG00000056082	3
ENSMMUG00000061509	0
ENSMMUG00000063503	0
ENSMMUG00000055560	0
ENSMMUG00000052183	0
ENSMMUG00000050896	0
ENSMMUG00000062512	0
ENSMMUG00000037908	0
ENSMMUG00000062012	0
ENSMMUG00000050947	0
ENSMMUG00000061283	0
ENSMMUG00000052644	0
ENSMMUG00000056141	0
ENSMMUG00000011572	2
ENSMMUG00000005685	0
ENSMMUG00000011578	0
ENSMMUG00000055963	0
ENSMMUG00000007003	13
ENSMMUG00000021721	1
ENSMMUG00000020441	7
ENSMMUG00000010834	6
ENSMMUG00000053570	0
ENSMMUG00000001582	48
ENSMMUG00000010505	9
ENSMMUG00000026512	0
ENSMMUG00000008434	0
ENSMMUG00000056655	1
ENSMMUG00000064651	0
ENSMMUG00000054298	0
ENSMMUG00000049386	0
ENSMMUG00000017019	38
ENSMMUG00000056221	0
ENSMMUG00000053264	0
ENSMMUG00000020440	13
ENSMMUG00000050380	0
ENSMMUG00000001579	2
ENSMMUG00000024391	0
ENSMMUG00000047763	0
ENSMMUG00000064336	0
ENSMMUG00000057135	0
ENSMMUG00000010510	78
ENSMMUG00000030655	0
ENSMMUG00000010279	0
ENSMMUG00000025990	0
ENSMMUG00000059360	0
ENSMMUG00000053871	0
ENSMMUG00000000498	1
ENSMMUG00000001575	0
ENSMMUG00000025830	0
ENSMMUG00000056639	0
ENSMMUG00000062328	0
ENSMMUG00000002057	0
ENSMMUG00000010507	89
ENSMMUG00000059355	0
ENSMMUG00000033295	0
ENSMMUG00000048338	0
ENSMMUG00000030941	0
ENSMMUG00000048268	0
ENSMMUG00000053949	0
ENSMMUG00000043251	0
ENSMMUG00000060617	0
ENSMMUG00000002054	7
ENSMMUG00000041542	0
ENSMMUG00000027970	0
ENSMMUG00000051790	0
ENSMMUG00000059845	0
ENSMMUG00000010506	0
ENSMMUG00000050306	0
ENSMMUG00000055892	0
ENSMMUG00000047067	12
ENSMMUG00000053347	0
ENSMMUG00000051243	0
ENSMMUG00000001535	4
ENSMMUG00000050073	0
ENSMMUG00000058213	0
ENSMMUG00000062106	0
ENSMMUG00000010272	0
ENSMMUG00000059865	0
ENSMMUG00000014862	0
ENSMMUG00000042977	0
ENSMMUG00000044302	0
ENSMMUG00000061876	0
ENSMMUG00000007001	10
ENSMMUG00000052121	0
ENSMMUG00000006503	4
ENSMMUG00000053813	0
ENSMMUG00000054547	0
ENSMMUG00000059850	0
ENSMMUG00000010269	18
ENSMMUG00000001530	0
ENSMMUG00000057263	0
ENSMMUG00000057988	0
ENSMMUG00000008055	4
ENSMMUG00000051783	0
ENSMMUG00000057871	0
ENSMMUG00000055814	0
ENSMMUG00000050630	0
ENSMMUG00000051042	0
ENSMMUG00000041136	0
ENSMMUG00000050256	0
ENSMMUG00000050673	0
ENSMMUG00000055631	0
ENSMMUG00000062269	0
ENSMMUG00000061443	0
ENSMMUG00000058505	0
ENSMMUG00000058212	0
ENSMMUG00000050377	0
ENSMMUG00000058323	0
ENSMMUG00000057405	0
ENSMMUG00000060299	0
ENSMMUG00000059200	0
ENSMMUG00000059268	0
ENSMMUG00000064369	0
ENSMMUG00000048628	0
ENSMMUG00000065023	0
ENSMMUG00000042406	0
ENSMMUG00000006504	12
ENSMMUG00000051530	0
ENSMMUG00000028251	0
ENSMMUG00000003532	2
ENSMMUG00000044883	0
ENSMMUG00000051753	0
ENSMMUG00000046636	0
ENSMMUG00000064711	6
ENSMMUG00000049015	0
ENSMMUG00000006965	19
ENSMMUG00000044063	0
ENSMMUG00000001570	0
ENSMMUG00000044880	0
ENSMMUG00000064802	0
ENSMMUG00000024435	0
ENSMMUG00000062403	0
ENSMMUG00000054663	0
ENSMMUG00000061857	0
ENSMMUG00000061531	0
ENSMMUG00000061894	0
ENSMMUG00000008319	0
ENSMMUG00000056023	2
ENSMMUG00000061358	0
ENSMMUG00000054391	0
ENSMMUG00000059070	12
ENSMMUG00000055582	0
ENSMMUG00000059267	0
ENSMMUG00000062952	0
ENSMMUG00000012921	9
ENSMMUG00000003524	0
ENSMMUG00000009256	15
ENSMMUG00000037622	3
ENSMMUG00000006312	0
ENSMMUG00000034867	0
ENSMMUG00000042521	0
ENSMMUG00000051831	0
ENSMMUG00000003523	10
ENSMMUG00000052520	0
ENSMMUG00000011303	6
ENSMMUG00000060247	13
ENSMMUG00000051195	0
ENSMMUG00000014083	0
ENSMMUG00000042492	0
ENSMMUG00000061799	0
ENSMMUG00000051476	0
ENSMMUG00000063135	0
ENSMMUG00000056569	0
ENSMMUG00000065326	0
ENSMMUG00000053864	0
ENSMMUG00000059095	0
ENSMMUG00000024807	0
ENSMMUG00000054005	0
ENSMMUG00000049993	0
ENSMMUG00000055402	0
ENSMMUG00000009254	3
ENSMMUG00000050769	0
ENSMMUG00000054470	0
ENSMMUG00000060147	0
ENSMMUG00000057774	0
ENSMMUG00000008772	136
ENSMMUG00000064201	0
ENSMMUG00000026434	0
ENSMMUG00000010257	15
ENSMMUG00000049692	0
ENSMMUG00000018045	6
ENSMMUG00000060593	0
ENSMMUG00000016538	0
ENSMMUG00000049442	0
ENSMMUG00000060918	0
ENSMMUG00000064577	0
ENSMMUG00000015778	13
ENSMMUG00000018038	0
ENSMMUG00000055384	0
ENSMMUG00000057611	0
ENSMMUG00000002026	7
ENSMMUG00000018036	5
ENSMMUG00000036580	0
ENSMMUG00000060226	0
ENSMMUG00000064599	0
ENSMMUG00000013124	18
ENSMMUG00000053980	0
ENSMMUG00000064848	0
ENSMMUG00000017198	0
ENSMMUG00000064216	0
ENSMMUG00000018033	22
ENSMMUG00000008141	0
ENSMMUG00000049876	0
ENSMMUG00000012058	20
ENSMMUG00000014248	0
ENSMMUG00000027748	0
ENSMMUG00000050839	0
ENSMMUG00000059933	0
ENSMMUG00000054893	0
ENSMMUG00000020930	0
ENSMMUG00000036007	0
ENSMMUG00000056872	0
ENSMMUG00000049791	0
ENSMMUG00000057194	0
ENSMMUG00000064756	0
ENSMMUG00000008056	12
ENSMMUG00000060012	0
ENSMMUG00000002393	0
ENSMMUG00000002025	14
ENSMMUG00000002390	59
ENSMMUG00000042446	0
ENSMMUG00000052730	0
ENSMMUG00000020932	4
ENSMMUG00000052379	0
ENSMMUG00000021037	0
ENSMMUG00000002388	5
ENSMMUG00000012056	0
ENSMMUG00000015824	6
ENSMMUG00000016050	0
ENSMMUG00000055200	0
ENSMMUG00000002024	0
ENSMMUG00000008770	43
ENSMMUG00000001390	27
ENSMMUG00000053511	0
ENSMMUG00000016046	13
ENSMMUG00000021036	30
ENSMMUG00000032689	0
ENSMMUG00000064261	0
ENSMMUG00000025304	0
ENSMMUG00000059774	0
ENSMMUG00000001693	7
ENSMMUG00000015888	5
ENSMMUG00000060943	24
ENSMMUG00000049769	0
ENSMMUG00000056218	2
ENSMMUG00000056785	0
ENSMMUG00000056765	0
ENSMMUG00000028554	0
ENSMMUG00000027092	0
ENSMMUG00000064788	0
ENSMMUG00000032847	0
ENSMMUG00000053600	0
ENSMMUG00000045826	4
ENSMMUG00000006163	4
ENSMMUG00000016872	46
ENSMMUG00000024485	0
ENSMMUG00000016044	19
ENSMMUG00000015820	2
ENSMMUG00000001697	0
ENSMMUG00000033951	0
ENSMMUG00000015815	27
ENSMMUG00000053609	0
ENSMMUG00000040529	0
ENSMMUG00000003237	0
ENSMMUG00000060312	0
ENSMMUG00000060643	0
ENSMMUG00000065058	0
ENSMMUG00000058011	0
ENSMMUG00000064148	0
ENSMMUG00000062147	0
ENSMMUG00000063262	0
ENSMMUG00000050709	0
ENSMMUG00000044292	0
ENSMMUG00000054279	0
ENSMMUG00000052839	0
ENSMMUG00000053603	0
ENSMMUG00000001802	0
ENSMMUG00000054999	0
ENSMMUG00000019733	34
ENSMMUG00000058257	0
ENSMMUG00000056848	0
ENSMMUG00000052047	0
ENSMMUG00000050861	0
ENSMMUG00000061762	0
ENSMMUG00000064291	0
ENSMMUG00000020385	0
ENSMMUG00000064691	0
ENSMMUG00000006311	4
ENSMMUG00000051884	0
ENSMMUG00000033561	0
ENSMMUG00000063158	0
ENSMMUG00000061484	0
ENSMMUG00000058650	0
ENSMMUG00000026780	0
ENSMMUG00000052433	0
ENSMMUG00000019732	47
ENSMMUG00000064541	0
ENSMMUG00000059982	0
ENSMMUG00000057367	0
ENSMMUG00000019731	0
ENSMMUG00000002589	0
ENSMMUG00000019559	3
ENSMMUG00000006310	8
ENSMMUG00000003696	0
ENSMMUG00000003979	19
ENSMMUG00000061985	0
ENSMMUG00000036696	0
ENSMMUG00000058991	0
ENSMMUG00000045908	7
ENSMMUG00000057033	7
ENSMMUG00000059934	0
ENSMMUG00000005864	0
ENSMMUG00000059995	0
ENSMMUG00000022261	5
ENSMMUG00000015969	18
ENSMMUG00000015934	0
ENSMMUG00000055529	0
ENSMMUG00000037628	0
ENSMMUG00000052363	0
ENSMMUG00000040310	16
ENSMMUG00000009408	8
ENSMMUG00000064240	0
ENSMMUG00000053655	0
ENSMMUG00000051630	0
ENSMMUG00000050777	6
ENSMMUG00000025217	0
ENSMMUG00000030822	0
ENSMMUG00000053515	0
ENSMMUG00000047424	8
ENSMMUG00000044655	0
ENSMMUG00000015968	51
ENSMMUG00000051405	0
ENSMMUG00000056208	14
ENSMMUG00000024581	0
ENSMMUG00000056267	0
ENSMMUG00000057300	0
ENSMMUG00000010863	0
ENSMMUG00000014297	0
ENSMMUG00000063583	0
ENSMMUG00000049950	0
ENSMMUG00000037557	0
ENSMMUG00000022844	2
ENSMMUG00000032802	0
ENSMMUG00000059734	0
ENSMMUG00000055404	0
ENSMMUG00000058315	0
ENSMMUG00000007000	17
ENSMMUG00000059607	0
ENSMMUG00000014296	0
ENSMMUG00000017818	0
ENSMMUG00000016668	11
ENSMMUG00000055881	0
ENSMMUG00000037420	0
ENSMMUG00000064714	0
ENSMMUG00000055466	0
ENSMMUG00000065170	0
ENSMMUG00000058497	0
ENSMMUG00000051072	0
ENSMMUG00000038367	0
ENSMMUG00000017820	21
ENSMMUG00000065272	0
ENSMMUG00000014292	0
ENSMMUG00000035808	0
ENSMMUG00000033261	0
ENSMMUG00000061676	0
ENSMMUG00000034145	0
ENSMMUG00000064821	0
ENSMMUG00000062747	0
ENSMMUG00000060446	0
ENSMMUG00000052411	0
ENSMMUG00000019841	2
ENSMMUG00000042860	0
ENSMMUG00000024719	0
ENSMMUG00000036243	0
ENSMMUG00000052757	0
ENSMMUG00000003003	0
ENSMMUG00000014287	2
ENSMMUG00000009156	18
ENSMMUG00000062189	0
ENSMMUG00000051721	6
ENSMMUG00000054788	0
ENSMMUG00000050980	27
ENSMMUG00000037372	0
ENSMMUG00000062914	0
ENSMMUG00000009407	0
ENSMMUG00000062509	1
ENSMMUG00000063098	15
ENSMMUG00000009406	0
ENSMMUG00000058122	0
ENSMMUG00000004383	17
ENSMMUG00000030785	0
ENSMMUG00000009405	6
ENSMMUG00000056704	0
ENSMMUG00000004446	8
ENSMMUG00000060535	0
ENSMMUG00000053449	0
ENSMMUG00000023273	0
ENSMMUG00000004381	70
ENSMMUG00000001283	21
ENSMMUG00000027420	0
ENSMMUG00000064305	0
ENSMMUG00000008081	14
ENSMMUG00000004450	14
ENSMMUG00000021019	25
ENSMMUG00000001282	14
ENSMMUG00000004632	0
ENSMMUG00000004380	31
ENSMMUG00000061037	0
ENSMMUG00000008080	0
ENSMMUG00000052726	0
ENSMMUG00000012340	1
ENSMMUG00000034176	0
ENSMMUG00000012337	0
ENSMMUG00000062474	0
ENSMMUG00000027972	0
ENSMMUG00000008077	0
ENSMMUG00000064872	0
ENSMMUG00000044757	0
ENSMMUG00000037350	0
ENSMMUG00000009966	3
ENSMMUG00000006487	85
ENSMMUG00000011870	5
ENSMMUG00000039613	0
ENSMMUG00000014475	1
ENSMMUG00000060240	0
ENSMMUG00000009874	43
ENSMMUG00000057986	0
ENSMMUG00000020952	5
ENSMMUG00000002675	20
ENSMMUG00000046608	0
ENSMMUG00000062490	0
ENSMMUG00000019471	3
ENSMMUG00000064999	0
ENSMMUG00000041460	0
ENSMMUG00000014181	0
ENSMMUG00000008074	4
ENSMMUG00000019468	7
ENSMMUG00000030824	3
ENSMMUG00000002673	19
ENSMMUG00000013973	20
ENSMMUG00000004378	0
ENSMMUG00000059135	0
ENSMMUG00000052700	0
ENSMMUG00000039805	17
ENSMMUG00000021537	1
ENSMMUG00000021024	0
ENSMMUG00000036274	0
ENSMMUG00000055162	0
ENSMMUG00000051207	0
ENSMMUG00000052100	0
ENSMMUG00000022879	4
ENSMMUG00000028093	0
ENSMMUG00000019416	57
ENSMMUG00000053941	0
ENSMMUG00000064592	0
ENSMMUG00000030805	0
ENSMMUG00000019574	0
ENSMMUG00000054065	0
ENSMMUG00000019293	1
ENSMMUG00000052118	0
ENSMMUG00000054890	0
ENSMMUG00000055073	0
ENSMMUG00000016030	17
ENSMMUG00000048536	0
ENSMMUG00000060346	0
ENSMMUG00000013972	0
ENSMMUG00000053536	0
ENSMMUG00000056888	27
ENSMMUG00000058702	0
ENSMMUG00000017175	5
ENSMMUG00000025525	0
ENSMMUG00000062814	0
ENSMMUG00000002819	6
ENSMMUG00000019417	41
ENSMMUG00000001377	31
ENSMMUG00000062892	0
ENSMMUG00000057232	0
ENSMMUG00000020134	11
ENSMMUG00000063300	0
ENSMMUG00000053521	0
ENSMMUG00000056178	0
ENSMMUG00000050668	0
ENSMMUG00000059399	0
ENSMMUG00000063238	0
ENSMMUG00000050038	0
ENSMMUG00000059243	0
ENSMMUG00000056426	0
ENSMMUG00000053945	0
ENSMMUG00000056949	0
ENSMMUG00000060595	0
ENSMMUG00000055689	0
ENSMMUG00000050489	0
ENSMMUG00000054735	0
ENSMMUG00000063029	0
ENSMMUG00000017177	5
ENSMMUG00000061048	0
ENSMMUG00000042982	0
ENSMMUG00000064192	0
ENSMMUG00000059978	0
ENSMMUG00000051814	0
ENSMMUG00000059744	0
ENSMMUG00000017196	0
ENSMMUG00000059494	0
ENSMMUG00000006941	0
ENSMMUG00000051909	0
ENSMMUG00000058482	0
ENSMMUG00000036183	0
ENSMMUG00000064073	0
ENSMMUG00000001147	15
ENSMMUG00000019075	0
ENSMMUG00000024027	0
ENSMMUG00000018512	5
ENSMMUG00000041359	0
ENSMMUG00000036855	0
ENSMMUG00000058351	0
ENSMMUG00000062437	0
ENSMMUG00000030833	25
ENSMMUG00000065216	0
ENSMMUG00000051481	0
ENSMMUG00000032750	0
ENSMMUG00000016587	4
ENSMMUG00000010368	0
ENSMMUG00000057257	16
ENSMMUG00000008076	0
ENSMMUG00000052447	0
ENSMMUG00000025150	0
ENSMMUG00000048513	0
ENSMMUG00000061319	0
ENSMMUG00000015563	23
ENSMMUG00000007692	0
ENSMMUG00000047722	0
ENSMMUG00000062718	0
ENSMMUG00000000642	24
ENSMMUG00000023758	0
ENSMMUG00000030838	0
ENSMMUG00000011346	0
ENSMMUG00000017356	0
ENSMMUG00000059410	0
ENSMMUG00000057547	0
ENSMMUG00000030702	0
ENSMMUG00000012448	101
ENSMMUG00000052226	0
ENSMMUG00000048322	18
ENSMMUG00000056300	0
ENSMMUG00000063035	0
ENSMMUG00000063533	0
ENSMMUG00000023437	2
ENSMMUG00000036948	0
ENSMMUG00000021299	36
ENSMMUG00000049930	0
ENSMMUG00000051843	0
ENSMMUG00000055137	0
ENSMMUG00000059953	0
ENSMMUG00000047631	0
ENSMMUG00000063033	0
ENSMMUG00000001846	0
ENSMMUG00000013565	14
ENSMMUG00000064279	0
ENSMMUG00000059197	0
ENSMMUG00000063492	64
ENSMMUG00000063432	0
ENSMMUG00000050978	0
ENSMMUG00000022853	0
ENSMMUG00000060714	7
ENSMMUG00000053587	0
ENSMMUG00000051263	0
ENSMMUG00000017179	1
ENSMMUG00000001845	11
ENSMMUG00000063850	0
ENSMMUG00000054781	46
ENSMMUG00000049312	0
ENSMMUG00000056142	0
ENSMMUG00000012445	7
ENSMMUG00000008098	1
ENSMMUG00000056842	0
ENSMMUG00000011845	12
ENSMMUG00000052608	0
ENSMMUG00000026717	0
ENSMMUG00000024800	0
ENSMMUG00000050208	0
ENSMMUG00000003355	0
ENSMMUG00000056636	0
ENSMMUG00000061252	0
ENSMMUG00000021296	3
ENSMMUG00000052968	0
ENSMMUG00000055135	0
ENSMMUG00000041984	0
ENSMMUG00000051301	0
ENSMMUG00000002301	10
ENSMMUG00000010811	49
ENSMMUG00000016461	0
ENSMMUG00000002300	26
ENSMMUG00000055950	0
ENSMMUG00000037072	0
ENSMMUG00000050446	5
ENSMMUG00000059805	43
ENSMMUG00000051204	0
ENSMMUG00000022996	19
ENSMMUG00000053803	0
ENSMMUG00000058036	0
ENSMMUG00000049589	0
ENSMMUG00000057256	0
ENSMMUG00000024296	0
ENSMMUG00000058044	0
ENSMMUG00000062968	52
ENSMMUG00000064735	0
ENSMMUG00000062513	0
ENSMMUG00000005149	8
ENSMMUG00000023181	17
ENSMMUG00000011487	15
ENSMMUG00000023434	9
ENSMMUG00000034371	0
ENSMMUG00000063947	0
ENSMMUG00000065125	0
ENSMMUG00000057034	0
ENSMMUG00000061063	0
ENSMMUG00000002075	5
ENSMMUG00000020677	0
ENSMMUG00000064046	0
ENSMMUG00000007590	24
ENSMMUG00000009485	21
ENSMMUG00000002140	54
ENSMMUG00000049358	0
ENSMMUG00000063038	0
ENSMMUG00000009603	1
ENSMMUG00000013541	597
ENSMMUG00000050077	0
ENSMMUG00000020744	1
ENSMMUG00000046512	19
ENSMMUG00000052718	0
ENSMMUG00000050379	0
ENSMMUG00000009600	4
ENSMMUG00000002139	3
ENSMMUG00000030922	14
ENSMMUG00000035503	0
ENSMMUG00000033225	0
ENSMMUG00000034673	0
ENSMMUG00000050164	0
ENSMMUG00000022843	2
ENSMMUG00000012141	21
ENSMMUG00000002138	27
ENSMMUG00000056135	0
ENSMMUG00000048308	0
ENSMMUG00000053236	0
ENSMMUG00000057456	11
ENSMMUG00000063897	74
ENSMMUG00000007591	3
ENSMMUG00000002136	215
ENSMMUG00000055670	0
ENSMMUG00000007596	8
ENSMMUG00000025197	0
ENSMMUG00000061230	0
ENSMMUG00000056008	11
ENSMMUG00000055395	0
ENSMMUG00000007176	83
ENSMMUG00000054310	0
ENSMMUG00000059237	0
ENSMMUG00000033660	0
ENSMMUG00000045714	0
ENSMMUG00000016278	6
ENSMMUG00000016277	6
ENSMMUG00000055965	0
ENSMMUG00000052553	0
ENSMMUG00000051562	0
ENSMMUG00000002131	9
ENSMMUG00000022842	14
ENSMMUG00000050877	8
ENSMMUG00000054867	101
ENSMMUG00000009732	27
ENSMMUG00000057207	0
ENSMMUG00000009599	29
ENSMMUG00000055143	0
ENSMMUG00000002129	0
ENSMMUG00000034465	0
ENSMMUG00000052169	0
ENSMMUG00000053577	0
ENSMMUG00000000974	0
ENSMMUG00000043505	0
ENSMMUG00000002127	15
ENSMMUG00000051578	0
ENSMMUG00000060020	10
ENSMMUG00000059342	0
ENSMMUG00000053574	0
ENSMMUG00000025698	0
ENSMMUG00000053121	0
ENSMMUG00000060564	0
ENSMMUG00000057958	0
ENSMMUG00000058990	0
ENSMMUG00000061008	0
ENSMMUG00000051706	0
ENSMMUG00000054845	0
ENSMMUG00000053472	0
ENSMMUG00000020838	31
ENSMMUG00000002125	0
ENSMMUG00000021545	0
ENSMMUG00000002123	4
ENSMMUG00000049956	0
ENSMMUG00000000561	0
ENSMMUG00000061266	0
ENSMMUG00000035941	0
ENSMMUG00000061375	0
ENSMMUG00000011428	91
ENSMMUG00000009310	0
ENSMMUG00000003476	0
ENSMMUG00000012390	0
ENSMMUG00000062324	0
ENSMMUG00000030881	0
ENSMMUG00000002725	0
ENSMMUG00000001936	0
ENSMMUG00000061711	0
ENSMMUG00000003474	0
ENSMMUG00000059099	0
ENSMMUG00000049688	0
ENSMMUG00000052385	21
ENSMMUG00000002726	34
ENSMMUG00000022923	42
ENSMMUG00000059300	0
ENSMMUG00000002728	30
ENSMMUG00000017466	9
ENSMMUG00000039871	26
ENSMMUG00000049283	0
ENSMMUG00000052243	0
ENSMMUG00000064710	0
ENSMMUG00000058455	0
ENSMMUG00000002727	0
ENSMMUG00000049887	0
ENSMMUG00000020074	3
ENSMMUG00000002721	4
ENSMMUG00000001414	16
ENSMMUG00000003473	0
ENSMMUG00000009662	0
ENSMMUG00000053901	1
ENSMMUG00000052558	0
ENSMMUG00000062644	0
ENSMMUG00000061616	43
ENSMMUG00000056004	56
ENSMMUG00000003310	4
ENSMMUG00000002155	0
ENSMMUG00000039535	0
ENSMMUG00000051834	0
ENSMMUG00000019423	10
ENSMMUG00000008855	0
ENSMMUG00000002152	2
ENSMMUG00000053671	0
ENSMMUG00000050687	0
ENSMMUG00000064522	16
ENSMMUG00000002154	55
ENSMMUG00000009660	0
ENSMMUG00000059622	0
ENSMMUG00000036655	3
ENSMMUG00000036115	0
ENSMMUG00000040943	0
ENSMMUG00000054164	0
ENSMMUG00000019116	0
ENSMMUG00000060932	13
ENSMMUG00000006617	0
ENSMMUG00000008104	50
ENSMMUG00000002719	1
ENSMMUG00000059401	7
ENSMMUG00000056696	0
ENSMMUG00000060169	0
ENSMMUG00000052010	0
ENSMMUG00000053875	0
ENSMMUG00000006615	2
ENSMMUG00000061533	0
ENSMMUG00000050543	0
ENSMMUG00000039924	0
ENSMMUG00000015613	0
ENSMMUG00000056102	0
ENSMMUG00000053241	0
ENSMMUG00000050139	0
ENSMMUG00000055983	0
ENSMMUG00000059059	0
ENSMMUG00000054166	0
ENSMMUG00000049722	0
ENSMMUG00000007959	0
ENSMMUG00000052249	0
ENSMMUG00000063946	0
ENSMMUG00000051848	0
ENSMMUG00000004215	5
ENSMMUG00000056096	0
ENSMMUG00000010265	18
ENSMMUG00000060824	0
ENSMMUG00000016442	0
ENSMMUG00000042598	0
ENSMMUG00000015610	48
ENSMMUG00000059746	0
ENSMMUG00000060624	0
ENSMMUG00000059372	0
ENSMMUG00000056854	0
ENSMMUG00000001126	1
ENSMMUG00000038615	0
ENSMMUG00000062480	0
ENSMMUG00000038858	0
ENSMMUG00000049984	0
ENSMMUG00000051270	0
ENSMMUG00000016438	1
ENSMMUG00000058461	0
ENSMMUG00000062508	0
ENSMMUG00000048757	0
ENSMMUG00000058632	0
ENSMMUG00000017098	0
ENSMMUG00000054575	0
ENSMMUG00000057233	0
ENSMMUG00000062819	0
ENSMMUG00000045185	0
ENSMMUG00000046839	0
ENSMMUG00000042395	10
ENSMMUG00000022802	0
ENSMMUG00000050783	0
ENSMMUG00000052377	0
ENSMMUG00000000908	1
ENSMMUG00000026083	0
ENSMMUG00000017097	5
ENSMMUG00000056755	0
ENSMMUG00000010259	11
ENSMMUG00000064954	0
ENSMMUG00000050686	0
ENSMMUG00000039303	0
ENSMMUG00000026671	0
ENSMMUG00000012859	0
ENSMMUG00000063458	0
ENSMMUG00000017096	0
ENSMMUG00000048973	19
ENSMMUG00000021672	147
ENSMMUG00000059407	1
ENSMMUG00000061619	0
ENSMMUG00000046169	0
ENSMMUG00000017653	0
ENSMMUG00000063884	0
ENSMMUG00000063603	0
ENSMMUG00000005389	30
ENSMMUG00000061351	0
ENSMMUG00000025625	0
ENSMMUG00000005391	3
ENSMMUG00000052753	0
ENSMMUG00000012863	0
ENSMMUG00000049971	0
ENSMMUG00000005392	0
ENSMMUG00000040220	0
ENSMMUG00000061991	0
ENSMMUG00000023328	0
ENSMMUG00000016434	0
ENSMMUG00000038319	0
ENSMMUG00000023326	75
ENSMMUG00000015508	1
ENSMMUG00000000293	0
ENSMMUG00000049958	0
ENSMMUG00000039823	0
ENSMMUG00000056069	0
ENSMMUG00000016433	1
ENSMMUG00000062442	0
ENSMMUG00000053155	0
ENSMMUG00000056633	0
ENSMMUG00000011841	2
ENSMMUG00000035490	0
ENSMMUG00000049250	0
ENSMMUG00000021185	9
ENSMMUG00000051659	0
ENSMMUG00000043078	21
ENSMMUG00000011842	0
ENSMMUG00000060920	0
ENSMMUG00000016451	0
ENSMMUG00000010634	0
ENSMMUG00000058312	0
ENSMMUG00000018421	2
ENSMMUG00000049314	0
ENSMMUG00000055426	0
ENSMMUG00000050697	0
ENSMMUG00000004325	0
ENSMMUG00000055639	0
ENSMMUG00000043458	0
ENSMMUG00000004324	0
ENSMMUG00000037522	13
ENSMMUG00000000291	0
ENSMMUG00000056454	0
ENSMMUG00000038295	291
ENSMMUG00000051034	0
ENSMMUG00000056330	0
ENSMMUG00000064749	2
ENSMMUG00000008105	0
ENSMMUG00000021187	0
ENSMMUG00000052820	0
ENSMMUG00000050997	0
ENSMMUG00000023260	49
ENSMMUG00000009011	0
ENSMMUG00000054957	0
ENSMMUG00000062818	0
ENSMMUG00000052951	0
ENSMMUG00000055043	0
ENSMMUG00000018423	0
ENSMMUG00000063612	0
ENSMMUG00000022268	4
ENSMMUG00000013901	0
ENSMMUG00000040046	0
ENSMMUG00000010226	0
ENSMMUG00000052544	0
ENSMMUG00000010640	9
ENSMMUG00000062779	0
ENSMMUG00000014425	5
ENSMMUG00000022903	12
ENSMMUG00000049292	0
ENSMMUG00000053389	3
ENSMMUG00000047993	0
ENSMMUG00000024526	0
ENSMMUG00000057143	19
ENSMMUG00000044993	0
ENSMMUG00000040148	0
ENSMMUG00000059896	4
ENSMMUG00000020563	0
ENSMMUG00000057797	0
ENSMMUG00000039038	0
ENSMMUG00000012872	42
ENSMMUG00000010224	16
ENSMMUG00000060739	0
ENSMMUG00000020562	10
ENSMMUG00000064410	116
ENSMMUG00000053749	0
ENSMMUG00000060743	0
ENSMMUG00000052048	0
ENSMMUG00000020250	0
ENSMMUG00000061134	0
ENSMMUG00000057328	0
ENSMMUG00000044809	16
ENSMMUG00000020249	0
ENSMMUG00000050409	0
ENSMMUG00000053724	0
ENSMMUG00000012115	6
ENSMMUG00000049985	0
ENSMMUG00000065268	0
ENSMMUG00000054863	0
ENSMMUG00000000181	0
ENSMMUG00000056920	0
ENSMMUG00000023261	126
ENSMMUG00000052499	0
ENSMMUG00000000857	36
ENSMMUG00000008352	0
ENSMMUG00000003490	0
ENSMMUG00000056508	340
ENSMMUG00000030867	23
ENSMMUG00000028207	0
ENSMMUG00000050479	0
ENSMMUG00000023225	13
ENSMMUG00000042567	0
ENSMMUG00000051882	0
ENSMMUG00000062537	0
ENSMMUG00000054805	0
ENSMMUG00000055846	0
ENSMMUG00000014939	12
ENSMMUG00000064478	0
ENSMMUG00000063171	0
ENSMMUG00000057805	0
ENSMMUG00000055092	0
ENSMMUG00000053056	0
ENSMMUG00000059188	3
ENSMMUG00000050515	0
ENSMMUG00000014464	234
ENSMMUG00000050114	0
ENSMMUG00000054734	0
ENSMMUG00000007175	33
ENSMMUG00000023752	9
ENSMMUG00000016678	29
ENSMMUG00000056641	0
ENSMMUG00000053683	0
ENSMMUG00000061450	0
ENSMMUG00000051657	3
ENSMMUG00000014824	0
ENSMMUG00000014461	8
ENSMMUG00000015605	0
ENSMMUG00000061109	11
ENSMMUG00000039286	0
ENSMMUG00000007868	32
ENSMMUG00000051714	5
ENSMMUG00000014458	0
ENSMMUG00000049539	53
ENSMMUG00000025136	0
ENSMMUG00000062212	0
ENSMMUG00000064164	0
ENSMMUG00000054578	0
ENSMMUG00000058336	56
ENSMMUG00000010639	7
ENSMMUG00000053184	0
ENSMMUG00000059210	4
ENSMMUG00000019748	0
ENSMMUG00000019747	4
ENSMMUG00000020575	3
ENSMMUG00000060482	0
ENSMMUG00000055665	0
ENSMMUG00000062663	0
ENSMMUG00000036324	0
ENSMMUG00000057043	0
ENSMMUG00000051099	0
ENSMMUG00000062091	0
ENSMMUG00000023269	3
ENSMMUG00000022907	7
ENSMMUG00000055232	0
ENSMMUG00000051273	0
ENSMMUG00000055649	0
ENSMMUG00000019745	24
ENSMMUG00000065301	0
ENSMMUG00000058028	4
ENSMMUG00000009739	4
ENSMMUG00000061344	0
ENSMMUG00000054488	0
ENSMMUG00000022909	2
ENSMMUG00000062396	0
ENSMMUG00000025366	0
ENSMMUG00000060096	0
ENSMMUG00000052180	0
ENSMMUG00000019744	4
ENSMMUG00000063336	0
ENSMMUG00000053580	0
ENSMMUG00000019742	12
ENSMMUG00000058620	0
ENSMMUG00000049793	0
ENSMMUG00000002521	12
ENSMMUG00000013797	1
ENSMMUG00000000006	0
ENSMMUG00000015208	9
ENSMMUG00000028158	0
ENSMMUG00000038179	0
ENSMMUG00000017655	5
ENSMMUG00000055957	10
ENSMMUG00000065010	0
ENSMMUG00000064124	0
ENSMMUG00000030744	51
ENSMMUG00000005102	0
ENSMMUG00000037409	0
ENSMMUG00000050762	5
ENSMMUG00000043786	7
ENSMMUG00000061480	0
ENSMMUG00000055074	2
ENSMMUG00000020551	10
ENSMMUG00000060435	0
ENSMMUG00000033092	0
ENSMMUG00000005101	4
ENSMMUG00000022785	11
ENSMMUG00000011477	78
ENSMMUG00000058307	0
ENSMMUG00000033135	2
ENSMMUG00000032735	0
ENSMMUG00000006330	10
ENSMMUG00000060562	0
ENSMMUG00000020573	11
ENSMMUG00000061737	0
ENSMMUG00000045126	0
ENSMMUG00000005096	8
ENSMMUG00000017830	0
ENSMMUG00000064867	0
ENSMMUG00000001278	0
ENSMMUG00000059332	0
ENSMMUG00000008397	3
ENSMMUG00000059454	0
ENSMMUG00000012864	6
ENSMMUG00000017683	3
ENSMMUG00000048540	0
ENSMMUG00000052762	0
ENSMMUG00000008396	0
ENSMMUG00000010864	18
ENSMMUG00000038088	4
ENSMMUG00000052504	0
ENSMMUG00000002096	14
ENSMMUG00000063281	0
ENSMMUG00000058857	0
ENSMMUG00000053867	0
ENSMMUG00000023943	0
ENSMMUG00000036611	0
ENSMMUG00000021067	0
ENSMMUG00000010320	83
ENSMMUG00000035634	0
ENSMMUG00000002093	14
ENSMMUG00000035968	0
ENSMMUG00000000572	0
ENSMMUG00000060844	9
ENSMMUG00000054115	0
ENSMMUG00000062411	0
ENSMMUG00000021066	5
ENSMMUG00000064168	0
ENSMMUG00000049720	0
ENSMMUG00000008097	2
ENSMMUG00000055276	0
ENSMMUG00000020739	3
ENSMMUG00000013963	17
ENSMMUG00000010066	3
ENSMMUG00000061050	0
ENSMMUG00000041555	0
ENSMMUG00000018017	0
ENSMMUG00000021990	3
ENSMMUG00000056414	0
ENSMMUG00000020737	3
ENSMMUG00000048261	21
ENSMMUG00000014244	13
ENSMMUG00000018947	0
ENSMMUG00000036621	0
ENSMMUG00000055845	0
ENSMMUG00000045434	0
ENSMMUG00000010671	1
ENSMMUG00000018946	4
ENSMMUG00000052591	0
ENSMMUG00000009174	0
ENSMMUG00000041264	0
ENSMMUG00000041775	0
ENSMMUG00000016533	0
ENSMMUG00000061943	0
ENSMMUG00000002090	0
ENSMMUG00000030864	0
ENSMMUG00000002231	0
ENSMMUG00000011025	13
ENSMMUG00000062725	0
ENSMMUG00000049123	0
ENSMMUG00000061424	1
ENSMMUG00000009238	2
ENSMMUG00000059700	0
ENSMMUG00000020855	5
ENSMMUG00000014242	0
ENSMMUG00000015055	0
ENSMMUG00000020854	0
ENSMMUG00000009244	0
ENSMMUG00000015052	0
ENSMMUG00000020852	0
ENSMMUG00000010592	0
ENSMMUG00000005687	7
ENSMMUG00000009246	0
ENSMMUG00000026483	0
ENSMMUG00000005095	0
ENSMMUG00000053475	0
ENSMMUG00000061304	0
ENSMMUG00000062828	0
ENSMMUG00000027897	0
ENSMMUG00000004164	0
ENSMMUG00000060534	0
ENSMMUG00000005091	22
ENSMMUG00000063951	0
ENSMMUG00000052940	5
ENSMMUG00000053593	0
ENSMMUG00000063699	0
ENSMMUG00000010591	0
ENSMMUG00000061496	0
ENSMMUG00000010462	17
ENSMMUG00000061838	0
ENSMMUG00000062556	2
ENSMMUG00000058007	0
ENSMMUG00000045520	4
ENSMMUG00000008248	1
ENSMMUG00000004165	12
ENSMMUG00000044163	3
ENSMMUG00000050582	0
ENSMMUG00000002338	10
ENSMMUG00000038170	0
ENSMMUG00000015515	0
ENSMMUG00000049996	63
ENSMMUG00000064078	0
ENSMMUG00000060882	0
ENSMMUG00000011482	41
ENSMMUG00000016430	0
ENSMMUG00000043149	12
ENSMMUG00000052056	0
ENSMMUG00000059856	0
ENSMMUG00000008293	17
ENSMMUG00000007552	3
ENSMMUG00000004169	6
ENSMMUG00000021436	62
ENSMMUG00000056411	0
ENSMMUG00000008288	23
ENSMMUG00000053501	0
ENSMMUG00000053295	0
ENSMMUG00000060845	0
ENSMMUG00000009468	36
ENSMMUG00000050800	0
ENSMMUG00000061696	0
ENSMMUG00000061565	0
ENSMMUG00000009195	53
ENSMMUG00000058615	2
ENSMMUG00000051327	0
ENSMMUG00000008463	30
ENSMMUG00000056736	0
ENSMMUG00000060909	0
ENSMMUG00000060217	0
ENSMMUG00000058387	0
ENSMMUG00000049907	0
ENSMMUG00000046992	13
ENSMMUG00000061866	0
ENSMMUG00000024632	0
ENSMMUG00000008287	11
ENSMMUG00000046264	6
ENSMMUG00000064102	0
ENSMMUG00000062978	0
ENSMMUG00000063142	0
ENSMMUG00000058102	0
ENSMMUG00000025294	0
ENSMMUG00000057336	0
ENSMMUG00000054701	0
ENSMMUG00000027343	0
ENSMMUG00000061223	0
ENSMMUG00000019682	1
ENSMMUG00000017461	3
ENSMMUG00000013945	90
ENSMMUG00000013944	0
ENSMMUG00000058803	0
ENSMMUG00000022836	0
ENSMMUG00000017460	2
ENSMMUG00000015789	5
ENSMMUG00000053053	0
ENSMMUG00000062885	0
ENSMMUG00000017209	0
ENSMMUG00000007779	0
ENSMMUG00000004574	27
ENSMMUG00000058736	0
ENSMMUG00000054398	0
ENSMMUG00000062156	2
ENSMMUG00000052788	3
ENSMMUG00000055089	0
ENSMMUG00000064951	0
ENSMMUG00000053097	0
ENSMMUG00000050887	0
ENSMMUG00000017455	2
ENSMMUG00000049443	0
ENSMMUG00000015787	0
ENSMMUG00000038972	0
ENSMMUG00000062884	2
ENSMMUG00000050540	0
ENSMMUG00000058025	10
ENSMMUG00000011216	3
ENSMMUG00000050951	0
ENSMMUG00000021645	7
ENSMMUG00000019770	0
ENSMMUG00000016594	0
ENSMMUG00000019773	0
ENSMMUG00000052787	0
ENSMMUG00000030707	0
ENSMMUG00000061716	0
ENSMMUG00000040135	3
ENSMMUG00000063257	0
ENSMMUG00000053483	0
ENSMMUG00000059240	0
ENSMMUG00000057729	0
ENSMMUG00000055130	0
ENSMMUG00000060285	0
ENSMMUG00000053834	0
ENSMMUG00000056832	1
ENSMMUG00000005922	0
ENSMMUG00000055750	0
ENSMMUG00000063225	0
ENSMMUG00000052525	0
ENSMMUG00000050285	0
ENSMMUG00000009372	12
ENSMMUG00000036907	0
ENSMMUG00000046534	0
ENSMMUG00000055716	0
ENSMMUG00000062948	0
ENSMMUG00000000988	0
ENSMMUG00000044784	5
ENSMMUG00000053594	0
ENSMMUG00000060801	0
ENSMMUG00000055987	0
ENSMMUG00000060872	8
ENSMMUG00000009871	0
ENSMMUG00000064457	0
ENSMMUG00000061691	0
ENSMMUG00000061530	0
ENSMMUG00000057045	0
ENSMMUG00000013014	0
ENSMMUG00000009873	90
ENSMMUG00000009367	58
ENSMMUG00000002263	12
ENSMMUG00000055164	0
ENSMMUG00000062272	0
ENSMMUG00000032941	0
ENSMMUG00000033205	0
ENSMMUG00000016094	14
ENSMMUG00000021754	0
ENSMMUG00000030876	0
ENSMMUG00000050917	0
ENSMMUG00000021691	5
ENSMMUG00000014481	21
ENSMMUG00000003908	10
ENSMMUG00000058006	0
ENSMMUG00000055125	0
ENSMMUG00000036390	0
ENSMMUG00000038198	0
ENSMMUG00000053251	0
ENSMMUG00000065211	20
ENSMMUG00000002699	0
ENSMMUG00000055240	17
ENSMMUG00000050398	0
ENSMMUG00000060794	0
ENSMMUG00000002697	17
ENSMMUG00000055917	0
ENSMMUG00000049542	57
ENSMMUG00000019661	24
ENSMMUG00000008327	9
ENSMMUG00000031089	3
ENSMMUG00000053110	0
ENSMMUG00000006987	4
ENSMMUG00000019118	20
ENSMMUG00000018823	0
ENSMMUG00000052236	3
ENSMMUG00000012757	0
ENSMMUG00000021560	4
ENSMMUG00000008331	37
ENSMMUG00000015001	62
ENSMMUG00000014107	1
ENSMMUG00000014106	75
ENSMMUG00000022167	22
ENSMMUG00000031017	17
ENSMMUG00000008106	0
ENSMMUG00000046411	0
ENSMMUG00000014101	22
ENSMMUG00000059251	0
ENSMMUG00000017371	0
ENSMMUG00000062385	5
ENSMMUG00000020411	36
ENSMMUG00000050905	0
ENSMMUG00000063992	0
ENSMMUG00000039143	12
ENSMMUG00000008135	39
ENSMMUG00000022169	0
ENSMMUG00000019785	20
ENSMMUG00000020384	23
ENSMMUG00000055105	0
ENSMMUG00000057885	0
ENSMMUG00000056777	0
ENSMMUG00000063457	0
ENSMMUG00000052000	27
ENSMMUG00000005341	4
ENSMMUG00000034348	0
ENSMMUG00000060322	0
ENSMMUG00000059688	0
ENSMMUG00000062185	0
ENSMMUG00000050471	0
ENSMMUG00000020478	114
ENSMMUG00000022395	4
ENSMMUG00000015254	5
ENSMMUG00000037662	36
ENSMMUG00000053113	0
ENSMMUG00000021345	68
ENSMMUG00000015258	0
ENSMMUG00000014100	113
ENSMMUG00000004675	26
ENSMMUG00000048560	153
ENSMMUG00000050955	0
ENSMMUG00000049585	0
ENSMMUG00000059047	0
ENSMMUG00000061092	0
ENSMMUG00000006005	0
ENSMMUG00000005991	33
ENSMMUG00000051905	0
ENSMMUG00000014098	28
ENSMMUG00000056629	0
ENSMMUG00000061353	7
ENSMMUG00000000070	3
ENSMMUG00000042847	0
ENSMMUG00000051960	0
ENSMMUG00000003854	9
ENSMMUG00000064923	0
ENSMMUG00000049385	0
ENSMMUG00000056113	0
ENSMMUG00000038849	0
ENSMMUG00000014087	8
ENSMMUG00000000072	13
ENSMMUG00000052588	0
ENSMMUG00000017166	0
ENSMMUG00000000073	0
ENSMMUG00000053109	0
ENSMMUG00000011023	0
ENSMMUG00000062881	0
ENSMMUG00000009120	0
ENSMMUG00000003853	39
ENSMMUG00000000074	8
ENSMMUG00000004880	4
ENSMMUG00000005898	25
ENSMMUG00000031231	0
ENSMMUG00000004879	0
ENSMMUG00000009119	0
ENSMMUG00000004878	0
ENSMMUG00000063758	18
ENSMMUG00000059689	0
ENSMMUG00000020482	71
ENSMMUG00000062215	1
ENSMMUG00000002868	16
ENSMMUG00000046647	0
ENSMMUG00000054598	0
ENSMMUG00000052669	0
ENSMMUG00000000079	0
ENSMMUG00000009115	0
ENSMMUG00000054858	0
ENSMMUG00000057293	0
ENSMMUG00000060930	0
ENSMMUG00000003007	1
ENSMMUG00000045296	23
ENSMMUG00000009364	0
ENSMMUG00000055780	109
ENSMMUG00000053863	0
ENSMMUG00000020483	4
ENSMMUG00000059324	0
ENSMMUG00000028090	0
ENSMMUG00000004496	14
ENSMMUG00000037571	0
ENSMMUG00000064394	0
ENSMMUG00000063364	0
ENSMMUG00000063307	0
ENSMMUG00000020476	26
ENSMMUG00000003005	0
ENSMMUG00000052578	0
ENSMMUG00000058033	46
ENSMMUG00000052785	0
ENSMMUG00000064627	0
ENSMMUG00000012103	3
ENSMMUG00000063154	167
ENSMMUG00000018855	0
ENSMMUG00000058324	6
ENSMMUG00000060881	0
ENSMMUG00000062410	0
ENSMMUG00000059339	0
ENSMMUG00000011278	1
ENSMMUG00000056022	0
ENSMMUG00000051609	0
ENSMMUG00000052112	0
ENSMMUG00000062755	4
ENSMMUG00000061040	0
ENSMMUG00000004074	0
ENSMMUG00000049130	0
ENSMMUG00000056662	0
ENSMMUG00000063914	0
ENSMMUG00000012101	3
ENSMMUG00000062922	0
ENSMMUG00000023263	17
ENSMMUG00000048761	0
ENSMMUG00000032769	0
ENSMMUG00000018299	3
ENSMMUG00000011273	15
ENSMMUG00000052038	0
ENSMMUG00000064785	0
ENSMMUG00000063187	0
ENSMMUG00000050707	1
ENSMMUG00000010029	165
ENSMMUG00000018853	0
ENSMMUG00000044029	0
ENSMMUG00000045603	0
ENSMMUG00000017171	19
ENSMMUG00000000252	0
ENSMMUG00000005417	0
ENSMMUG00000064466	0
ENSMMUG00000064348	0
ENSMMUG00000018833	12
ENSMMUG00000057129	0
ENSMMUG00000011064	0
ENSMMUG00000008796	0
ENSMMUG00000023833	1
ENSMMUG00000063487	0
ENSMMUG00000000553	49
ENSMMUG00000033033	0
ENSMMUG00000033056	0
ENSMMUG00000019805	6
ENSMMUG00000063735	1
ENSMMUG00000002739	0
ENSMMUG00000019804	4
ENSMMUG00000000151	11
ENSMMUG00000022914	0
ENSMMUG00000041418	0
ENSMMUG00000007845	30
ENSMMUG00000026462	0
ENSMMUG00000024397	0
ENSMMUG00000037281	0
ENSMMUG00000031391	29
ENSMMUG00000019803	2
ENSMMUG00000056760	0
ENSMMUG00000053802	28
ENSMMUG00000050014	0
ENSMMUG00000055651	0
ENSMMUG00000062236	0
ENSMMUG00000050216	0
ENSMMUG00000005592	0
ENSMMUG00000063837	0
ENSMMUG00000000560	1
ENSMMUG00000016802	0
ENSMMUG00000059320	0
ENSMMUG00000001016	0
ENSMMUG00000005588	15
ENSMMUG00000000149	2
ENSMMUG00000041787	0
ENSMMUG00000017530	0
ENSMMUG00000059345	0
ENSMMUG00000061039	0
ENSMMUG00000055848	0
ENSMMUG00000011547	0
ENSMMUG00000022586	8
ENSMMUG00000050214	0
ENSMMUG00000054199	0
ENSMMUG00000048656	0
ENSMMUG00000017562	42
ENSMMUG00000039346	7
ENSMMUG00000040386	0
ENSMMUG00000063493	0
ENSMMUG00000058352	0
ENSMMUG00000052635	0
ENSMMUG00000032710	0
ENSMMUG00000022588	3
ENSMMUG00000058949	0
ENSMMUG00000055403	0
ENSMMUG00000012350	14
ENSMMUG00000056660	0
ENSMMUG00000058833	0
ENSMMUG00000063757	0
ENSMMUG00000061979	0
ENSMMUG00000022589	2
ENSMMUG00000016274	7
ENSMMUG00000020101	16
ENSMMUG00000042762	0
ENSMMUG00000053207	0
ENSMMUG00000017531	0
ENSMMUG00000012349	17
ENSMMUG00000061623	0
ENSMMUG00000014986	0
ENSMMUG00000056486	0
ENSMMUG00000064665	0
ENSMMUG00000057227	0
ENSMMUG00000055081	0
ENSMMUG00000064486	1
ENSMMUG00000051394	0
ENSMMUG00000019946	0
ENSMMUG00000062378	0
ENSMMUG00000015923	0
ENSMMUG00000012351	1
ENSMMUG00000043908	0
ENSMMUG00000058479	0
ENSMMUG00000038080	0
ENSMMUG00000055181	0
ENSMMUG00000046141	0
ENSMMUG00000050229	0
ENSMMUG00000051897	0
ENSMMUG00000050241	0
ENSMMUG00000020100	80
ENSMMUG00000003275	0
ENSMMUG00000052265	0
ENSMMUG00000057498	14
ENSMMUG00000008160	0
ENSMMUG00000064009	0
ENSMMUG00000053183	0
ENSMMUG00000059395	0
ENSMMUG00000005806	0
ENSMMUG00000064454	0
ENSMMUG00000055259	0
ENSMMUG00000052343	0
ENSMMUG00000003276	0
ENSMMUG00000033530	0
ENSMMUG00000020099	26
ENSMMUG00000003121	56
ENSMMUG00000046054	0
ENSMMUG00000055820	0
ENSMMUG00000008778	0
ENSMMUG00000019374	0
ENSMMUG00000008775	2
ENSMMUG00000004017	0
ENSMMUG00000064921	0
ENSMMUG00000005116	0
ENSMMUG00000063549	0
ENSMMUG00000020098	25
ENSMMUG00000004015	2
ENSMMUG00000060260	0
ENSMMUG00000001012	2
ENSMMUG00000058930	0
ENSMMUG00000031026	0
ENSMMUG00000062743	0
ENSMMUG00000039452	22
ENSMMUG00000042504	1
ENSMMUG00000057174	0
ENSMMUG00000012754	40
ENSMMUG00000013404	14
ENSMMUG00000050004	0
ENSMMUG00000001764	86
ENSMMUG00000012751	5
ENSMMUG00000051820	0
ENSMMUG00000048395	8
ENSMMUG00000060017	0
ENSMMUG00000031300	20
ENSMMUG00000007215	25
ENSMMUG00000004869	0
ENSMMUG00000064097	0
ENSMMUG00000001763	78
ENSMMUG00000004868	4
ENSMMUG00000053198	0
ENSMMUG00000020489	0
ENSMMUG00000007284	55
ENSMMUG00000033642	0
ENSMMUG00000020486	0
ENSMMUG00000036036	0
ENSMMUG00000006101	103
ENSMMUG00000041635	0
ENSMMUG00000058583	8
ENSMMUG00000042819	5
ENSMMUG00000020233	20
ENSMMUG00000017089	8
ENSMMUG00000001058	66
ENSMMUG00000030970	3
ENSMMUG00000026849	0
ENSMMUG00000005547	30
ENSMMUG00000009088	8
ENSMMUG00000017153	23
ENSMMUG00000014494	0
ENSMMUG00000062822	0
ENSMMUG00000055008	0
ENSMMUG00000054068	31
ENSMMUG00000005553	0
ENSMMUG00000049221	0
ENSMMUG00000042122	0
ENSMMUG00000058986	0
ENSMMUG00000004313	5
ENSMMUG00000014534	3
ENSMMUG00000007277	43
ENSMMUG00000009082	80
ENSMMUG00000017147	14
ENSMMUG00000019636	18
ENSMMUG00000005545	0
ENSMMUG00000021083	3
ENSMMUG00000052529	0
ENSMMUG00000048630	0
ENSMMUG00000000364	1
ENSMMUG00000056942	49
ENSMMUG00000061986	0
ENSMMUG00000058839	0
ENSMMUG00000004713	0
ENSMMUG00000017680	6
ENSMMUG00000055231	0
ENSMMUG00000033280	0
ENSMMUG00000031171	0
ENSMMUG00000050013	0
ENSMMUG00000056865	0
ENSMMUG00000061206	0
ENSMMUG00000046067	0
ENSMMUG00000012467	0
ENSMMUG00000057972	0
ENSMMUG00000017144	8
ENSMMUG00000060967	10
ENSMMUG00000065246	0
ENSMMUG00000001537	229
ENSMMUG00000023451	0
ENSMMUG00000022236	39
ENSMMUG00000052444	0
ENSMMUG00000061118	0
ENSMMUG00000023452	0
ENSMMUG00000049788	0
ENSMMUG00000017140	45
ENSMMUG00000020016	25
ENSMMUG00000061365	0
ENSMMUG00000045829	0
ENSMMUG00000004304	179
ENSMMUG00000050383	0
ENSMMUG00000023450	6
ENSMMUG00000062460	0
ENSMMUG00000051991	0
ENSMMUG00000017134	7
ENSMMUG00000063873	0
ENSMMUG00000052305	1
ENSMMUG00000050749	0
ENSMMUG00000065218	0
ENSMMUG00000021137	17
ENSMMUG00000001675	36
ENSMMUG00000059890	0
ENSMMUG00000004303	10
ENSMMUG00000040434	0
ENSMMUG00000023446	10
ENSMMUG00000014010	52
ENSMMUG00000047481	29
ENSMMUG00000064911	0
ENSMMUG00000024576	0
ENSMMUG00000009192	0
ENSMMUG00000056504	0
ENSMMUG00000040628	0
ENSMMUG00000064854	3
ENSMMUG00000042402	0
ENSMMUG00000060253	0
ENSMMUG00000060434	3
ENSMMUG00000057193	0
ENSMMUG00000010122	10
ENSMMUG00000040034	25
ENSMMUG00000055897	0
ENSMMUG00000057016	0
ENSMMUG00000021904	0
ENSMMUG00000057687	0
ENSMMUG00000061754	3
ENSMMUG00000064170	0
ENSMMUG00000063220	0
ENSMMUG00000010311	20
ENSMMUG00000027428	0
ENSMMUG00000062102	0
ENSMMUG00000050897	0
ENSMMUG00000060133	0
ENSMMUG00000013749	0
ENSMMUG00000002302	47
ENSMMUG00000058776	0
ENSMMUG00000051791	0
ENSMMUG00000023443	13
ENSMMUG00000009658	3
ENSMMUG00000002701	16
ENSMMUG00000045556	2
ENSMMUG00000009075	19
ENSMMUG00000023442	3
ENSMMUG00000064554	0
ENSMMUG00000043169	0
ENSMMUG00000013740	1
ENSMMUG00000045506	44
ENSMMUG00000005119	11
ENSMMUG00000023552	13
ENSMMUG00000023441	0
ENSMMUG00000054384	0
ENSMMUG00000048463	0
ENSMMUG00000047203	1
ENSMMUG00000001050	37
ENSMMUG00000016052	0
ENSMMUG00000005034	582
ENSMMUG00000061659	0
ENSMMUG00000005451	0
ENSMMUG00000062795	0
ENSMMUG00000046249	0
ENSMMUG00000011863	0
ENSMMUG00000023621	3
ENSMMUG00000049955	0
ENSMMUG00000031106	44
ENSMMUG00000044346	0
ENSMMUG00000058871	15
ENSMMUG00000021380	28
ENSMMUG00000023623	102
ENSMMUG00000009650	44
ENSMMUG00000012314	0
ENSMMUG00000050078	0
ENSMMUG00000064842	0
ENSMMUG00000056722	6
ENSMMUG00000002839	15
ENSMMUG00000008696	7
ENSMMUG00000059179	0
ENSMMUG00000036707	0
ENSMMUG00000050937	0
ENSMMUG00000049175	0
ENSMMUG00000043649	8
ENSMMUG00000059818	0
ENSMMUG00000013728	2
ENSMMUG00000029871	0
ENSMMUG00000062250	0
ENSMMUG00000021376	13
ENSMMUG00000052567	12
ENSMMUG00000022215	0
ENSMMUG00000014084	50
ENSMMUG00000061760	0
ENSMMUG00000063561	0
ENSMMUG00000055916	0
ENSMMUG00000052032	0
ENSMMUG00000051254	0
ENSMMUG00000026734	0
ENSMMUG00000013722	0
ENSMMUG00000002916	0
ENSMMUG00000021374	63
ENSMMUG00000018354	45
ENSMMUG00000002202	0
ENSMMUG00000052283	0
ENSMMUG00000052081	0
ENSMMUG00000063269	0
ENSMMUG00000026269	0
ENSMMUG00000058919	26
ENSMMUG00000003334	189
ENSMMUG00000056093	4
ENSMMUG00000033176	0
ENSMMUG00000012606	8
ENSMMUG00000034323	0
ENSMMUG00000033035	0
ENSMMUG00000052391	10
ENSMMUG00000006442	2
ENSMMUG00000038376	0
ENSMMUG00000022345	0
ENSMMUG00000026172	0
ENSMMUG00000021692	10
ENSMMUG00000050080	0
ENSMMUG00000064391	0
ENSMMUG00000021373	29
ENSMMUG00000001809	21
ENSMMUG00000002124	16
ENSMMUG00000012607	2
ENSMMUG00000023790	8
ENSMMUG00000032685	0
ENSMMUG00000065331	0
ENSMMUG00000006464	0
ENSMMUG00000047437	0
ENSMMUG00000021372	0
ENSMMUG00000051598	0
ENSMMUG00000012354	0
ENSMMUG00000013968	3
ENSMMUG00000034916	0
ENSMMUG00000064271	0
ENSMMUG00000013969	24
ENSMMUG00000050324	0
ENSMMUG00000002715	21
ENSMMUG00000064511	0
ENSMMUG00000052101	0
ENSMMUG00000052708	0
ENSMMUG00000065232	0
ENSMMUG00000021370	0
ENSMMUG00000062485	0
ENSMMUG00000020325	0
ENSMMUG00000054622	0
ENSMMUG00000012623	72
ENSMMUG00000051546	0
ENSMMUG00000048521	5
ENSMMUG00000058170	0
ENSMMUG00000028471	0
ENSMMUG00000063590	0
ENSMMUG00000021369	0
ENSMMUG00000000740	0
ENSMMUG00000010603	32
ENSMMUG00000025944	0
ENSMMUG00000040706	0
ENSMMUG00000063518	0
ENSMMUG00000000025	2
ENSMMUG00000000757	28
ENSMMUG00000061501	0
ENSMMUG00000059766	0
ENSMMUG00000036877	0
ENSMMUG00000006519	5
ENSMMUG00000045256	70
ENSMMUG00000065129	45
ENSMMUG00000027985	0
ENSMMUG00000005432	29
ENSMMUG00000063295	0
ENSMMUG00000063997	0
ENSMMUG00000053856	0
ENSMMUG00000054371	0
ENSMMUG00000015939	5
ENSMMUG00000050253	0
ENSMMUG00000064059	0
ENSMMUG00000010839	0
ENSMMUG00000012228	13
ENSMMUG00000057497	0
ENSMMUG00000000089	0
ENSMMUG00000013206	26
ENSMMUG00000055046	0
ENSMMUG00000028447	0
ENSMMUG00000031048	0
ENSMMUG00000020690	1
ENSMMUG00000058148	0
ENSMMUG00000013209	17
ENSMMUG00000053792	0
ENSMMUG00000059228	0
ENSMMUG00000062967	0
ENSMMUG00000045219	157
ENSMMUG00000052561	0
ENSMMUG00000049698	0
ENSMMUG00000057059	0
ENSMMUG00000052310	0
ENSMMUG00000053991	0
ENSMMUG00000013211	2
ENSMMUG00000037665	9
ENSMMUG00000038882	0
ENSMMUG00000007878	10
ENSMMUG00000004403	16
ENSMMUG00000061931	0
ENSMMUG00000050010	0
ENSMMUG00000036563	0
ENSMMUG00000050439	0
ENSMMUG00000031416	25
ENSMMUG00000049395	0
ENSMMUG00000005431	12
ENSMMUG00000013212	2
ENSMMUG00000059637	0
ENSMMUG00000061430	0
ENSMMUG00000044401	0
ENSMMUG00000063724	0
ENSMMUG00000007883	0
ENSMMUG00000018116	21
ENSMMUG00000020988	0
ENSMMUG00000017384	30
ENSMMUG00000060337	0
ENSMMUG00000052749	2
ENSMMUG00000013214	0
ENSMMUG00000064108	0
ENSMMUG00000013216	0
ENSMMUG00000060124	0
ENSMMUG00000012127	0
ENSMMUG00000013217	0
ENSMMUG00000020691	6
ENSMMUG00000063099	0
ENSMMUG00000050957	0
ENSMMUG00000052281	0
ENSMMUG00000036189	0
ENSMMUG00000005006	15
ENSMMUG00000056554	0
ENSMMUG00000017385	1
ENSMMUG00000016448	57
ENSMMUG00000062738	0
ENSMMUG00000017560	0
ENSMMUG00000005011	7
ENSMMUG00000063049	0
ENSMMUG00000062321	0
ENSMMUG00000063866	0
ENSMMUG00000050091	0
ENSMMUG00000019925	25
ENSMMUG00000002761	2
ENSMMUG00000003402	0
ENSMMUG00000020933	0
ENSMMUG00000002759	3
ENSMMUG00000018114	0
ENSMMUG00000052966	0
ENSMMUG00000059897	2
ENSMMUG00000017584	0
ENSMMUG00000031166	0
ENSMMUG00000002758	10
ENSMMUG00000008195	2
ENSMMUG00000024451	0
ENSMMUG00000000683	1
ENSMMUG00000062702	44
ENSMMUG00000051422	0
ENSMMUG00000064939	0
ENSMMUG00000050993	6
ENSMMUG00000061699	0
ENSMMUG00000049520	0
ENSMMUG00000003404	0
ENSMMUG00000026864	0
ENSMMUG00000027206	0
ENSMMUG00000016848	0
ENSMMUG00000056945	0
ENSMMUG00000048424	17
ENSMMUG00000008200	4
ENSMMUG00000016851	0
ENSMMUG00000016854	0
ENSMMUG00000060325	82
ENSMMUG00000060486	0
ENSMMUG00000046848	3
ENSMMUG00000056860	4
ENSMMUG00000063632	0
ENSMMUG00000016856	12
ENSMMUG00000005985	3
ENSMMUG00000003409	27
ENSMMUG00000058382	356
ENSMMUG00000003408	0
ENSMMUG00000008201	0
ENSMMUG00000016859	0
ENSMMUG00000003410	3
ENSMMUG00000003272	39
ENSMMUG00000042478	0
ENSMMUG00000002751	0
ENSMMUG00000051133	0
ENSMMUG00000039638	0
ENSMMUG00000013574	77
ENSMMUG00000050774	0
ENSMMUG00000050748	0
ENSMMUG00000003809	0
ENSMMUG00000014140	11
ENSMMUG00000003806	0
ENSMMUG00000005576	6
ENSMMUG00000054508	0
ENSMMUG00000058052	0
ENSMMUG00000008229	7
ENSMMUG00000062895	0
ENSMMUG00000057269	0
ENSMMUG00000027202	0
ENSMMUG00000057403	0
ENSMMUG00000062371	0
ENSMMUG00000019310	37
ENSMMUG00000003803	0
ENSMMUG00000060335	0
ENSMMUG00000020801	18
ENSMMUG00000063720	0
ENSMMUG00000059606	0
ENSMMUG00000053555	2
ENSMMUG00000055357	4
ENSMMUG00000062547	59
ENSMMUG00000018248	0
ENSMMUG00000005579	34
ENSMMUG00000021025	788
ENSMMUG00000023622	9
ENSMMUG00000000966	6
ENSMMUG00000033538	0
ENSMMUG00000021022	9
ENSMMUG00000050053	3
ENSMMUG00000005713	0
ENSMMUG00000019944	17
ENSMMUG00000059609	0
ENSMMUG00000052867	0
ENSMMUG00000021023	0
ENSMMUG00000037896	0
ENSMMUG00000060407	43
ENSMMUG00000050650	0
ENSMMUG00000060828	0
ENSMMUG00000042904	0
ENSMMUG00000023515	26
ENSMMUG00000009227	5
ENSMMUG00000065090	0
ENSMMUG00000002089	1
ENSMMUG00000047795	0
ENSMMUG00000015551	210
ENSMMUG00000024849	0
ENSMMUG00000012510	21
ENSMMUG00000015204	0
ENSMMUG00000038287	0
ENSMMUG00000000125	0
ENSMMUG00000009229	0
ENSMMUG00000051682	0
ENSMMUG00000002091	64
ENSMMUG00000009231	0
ENSMMUG00000051201	0
ENSMMUG00000039351	0
ENSMMUG00000045871	0
ENSMMUG00000042855	4
ENSMMUG00000001776	1
ENSMMUG00000009957	0
ENSMMUG00000058326	0
ENSMMUG00000060698	0
ENSMMUG00000063760	15
ENSMMUG00000059092	0
ENSMMUG00000015911	53
ENSMMUG00000014641	0
ENSMMUG00000003933	0
ENSMMUG00000045312	0
ENSMMUG00000009960	58
ENSMMUG00000063629	0
ENSMMUG00000020092	0
ENSMMUG00000050726	0
ENSMMUG00000058253	0
ENSMMUG00000044861	0
ENSMMUG00000050596	173
ENSMMUG00000049845	39
ENSMMUG00000060153	0
ENSMMUG00000046980	0
ENSMMUG00000020799	16
ENSMMUG00000054220	0
ENSMMUG00000015528	0
ENSMMUG00000053432	0
ENSMMUG00000021476	45
ENSMMUG00000004535	0
ENSMMUG00000039259	0
ENSMMUG00000054655	0
ENSMMUG00000063687	0
ENSMMUG00000052914	0
ENSMMUG00000058581	0
ENSMMUG00000059402	0
ENSMMUG00000053176	0
ENSMMUG00000016489	0
ENSMMUG00000001833	6
ENSMMUG00000058916	1
ENSMMUG00000016490	0
ENSMMUG00000021477	17
ENSMMUG00000056901	0
ENSMMUG00000048539	0
ENSMMUG00000049290	0
ENSMMUG00000022393	0
ENSMMUG00000060741	0
ENSMMUG00000014376	0
ENSMMUG00000051343	0
ENSMMUG00000009963	34
ENSMMUG00000055975	0
ENSMMUG00000031121	0
ENSMMUG00000022388	0
ENSMMUG00000063007	0
ENSMMUG00000062004	0
ENSMMUG00000060621	0
ENSMMUG00000049964	0
ENSMMUG00000000968	136
ENSMMUG00000015556	20
ENSMMUG00000013697	56
ENSMMUG00000014380	10
ENSMMUG00000063695	0
ENSMMUG00000053291	0
ENSMMUG00000022387	16
ENSMMUG00000010657	0
ENSMMUG00000006731	6
ENSMMUG00000014309	0
ENSMMUG00000008017	0
ENSMMUG00000047452	0
ENSMMUG00000011397	0
ENSMMUG00000022386	0
ENSMMUG00000056950	0
ENSMMUG00000053310	0
ENSMMUG00000051057	0
ENSMMUG00000010006	16
ENSMMUG00000041913	0
ENSMMUG00000053965	0
ENSMMUG00000000969	0
ENSMMUG00000063240	0
ENSMMUG00000057788	0
ENSMMUG00000059302	0
ENSMMUG00000050571	0
ENSMMUG00000016813	8
ENSMMUG00000002529	0
ENSMMUG00000016814	6
ENSMMUG00000013702	44
ENSMMUG00000015912	0
ENSMMUG00000054794	0
ENSMMUG00000016815	0
ENSMMUG00000064679	0
ENSMMUG00000015558	82
ENSMMUG00000057461	0
ENSMMUG00000010410	0
ENSMMUG00000010363	32
ENSMMUG00000027027	0
ENSMMUG00000033345	0
ENSMMUG00000000970	0
ENSMMUG00000052739	0
ENSMMUG00000055986	0
ENSMMUG00000056048	0
ENSMMUG00000061925	0
ENSMMUG00000010266	171
ENSMMUG00000039205	0
ENSMMUG00000060270	0
ENSMMUG00000063526	0
ENSMMUG00000051222	0
ENSMMUG00000041551	0
ENSMMUG00000056513	0
ENSMMUG00000055136	0
ENSMMUG00000040017	0
ENSMMUG00000031124	1
ENSMMUG00000019409	0
ENSMMUG00000051511	0
ENSMMUG00000050116	0
ENSMMUG00000055191	0
ENSMMUG00000053084	0
ENSMMUG00000022223	0
ENSMMUG00000022222	11
ENSMMUG00000047978	0
ENSMMUG00000050871	0
ENSMMUG00000047492	0
ENSMMUG00000015390	76
ENSMMUG00000053049	0
ENSMMUG00000015916	0
ENSMMUG00000062959	0
ENSMMUG00000056728	0
ENSMMUG00000018878	0
ENSMMUG00000059007	0
ENSMMUG00000015918	0
ENSMMUG00000011409	0
ENSMMUG00000015391	76
ENSMMUG00000058917	0
ENSMMUG00000011405	11
ENSMMUG00000063260	0
ENSMMUG00000058704	6
ENSMMUG00000061137	0
ENSMMUG00000012164	0
ENSMMUG00000012602	0
ENSMMUG00000031295	0
ENSMMUG00000044024	0
ENSMMUG00000053623	1
ENSMMUG00000018876	0
ENSMMUG00000016549	0
ENSMMUG00000000971	0
ENSMMUG00000043739	0
ENSMMUG00000059018	7
ENSMMUG00000007560	1
ENSMMUG00000012536	4
ENSMMUG00000050326	0
ENSMMUG00000055922	0
ENSMMUG00000058268	0
ENSMMUG00000062427	0
ENSMMUG00000046815	0
ENSMMUG00000023536	0
ENSMMUG00000020745	0
ENSMMUG00000031084	0
ENSMMUG00000002315	0
ENSMMUG00000020131	1
ENSMMUG00000023535	0
ENSMMUG00000059557	0
ENSMMUG00000047015	0
ENSMMUG00000055899	0
ENSMMUG00000058035	0
ENSMMUG00000016553	0
ENSMMUG00000022526	491
ENSMMUG00000063563	0
ENSMMUG00000056493	0
ENSMMUG00000009815	10
ENSMMUG00000050052	0
ENSMMUG00000051752	0
ENSMMUG00000053067	0
ENSMMUG00000048418	9
ENSMMUG00000016131	0
ENSMMUG00000054191	0
ENSMMUG00000006065	6
ENSMMUG00000052222	0
ENSMMUG00000061570	0
ENSMMUG00000050161	0
ENSMMUG00000050750	0
ENSMMUG00000063022	0
ENSMMUG00000061433	0
ENSMMUG00000060588	0
ENSMMUG00000050378	0
ENSMMUG00000022977	0
ENSMMUG00000016292	0
ENSMMUG00000006069	0
ENSMMUG00000052050	0
ENSMMUG00000002060	2
ENSMMUG00000023195	0
ENSMMUG00000006070	159
ENSMMUG00000061190	0
ENSMMUG00000044552	28
ENSMMUG00000014487	0
ENSMMUG00000051112	2
ENSMMUG00000036210	0
ENSMMUG00000019174	29
ENSMMUG00000016294	0
ENSMMUG00000002316	1
ENSMMUG00000017224	17
ENSMMUG00000049410	0
ENSMMUG00000039256	12
ENSMMUG00000017230	0
ENSMMUG00000061404	0
ENSMMUG00000055725	16
ENSMMUG00000018923	6
ENSMMUG00000058868	8
ENSMMUG00000064039	0
ENSMMUG00000055776	0
ENSMMUG00000052191	0
ENSMMUG00000057303	1
ENSMMUG00000038141	0
ENSMMUG00000039327	0
ENSMMUG00000054899	0
ENSMMUG00000019469	8
ENSMMUG00000018924	82
ENSMMUG00000008123	0
ENSMMUG00000000167	15
ENSMMUG00000031238	6
ENSMMUG00000018925	50
ENSMMUG00000050443	0
ENSMMUG00000050928	0
ENSMMUG00000062049	0
ENSMMUG00000040622	0
ENSMMUG00000055189	0
ENSMMUG00000052443	0
ENSMMUG00000058810	0
ENSMMUG00000052027	0
ENSMMUG00000020172	7
ENSMMUG00000058717	0
ENSMMUG00000006668	0
ENSMMUG00000016555	2
ENSMMUG00000031049	25
ENSMMUG00000021328	140
ENSMMUG00000005527	30
ENSMMUG00000062911	0
ENSMMUG00000020173	0
ENSMMUG00000018371	16
ENSMMUG00000000117	6
ENSMMUG00000063765	0
ENSMMUG00000061199	0
ENSMMUG00000012524	11
ENSMMUG00000007563	0
ENSMMUG00000006852	0
ENSMMUG00000058811	0
ENSMMUG00000013261	4
ENSMMUG00000006853	0
ENSMMUG00000018798	3
ENSMMUG00000013888	65
ENSMMUG00000013259	0
ENSMMUG00000050030	14
ENSMMUG00000045470	41
ENSMMUG00000054324	0
ENSMMUG00000052464	0
ENSMMUG00000051997	0
ENSMMUG00000032816	0
ENSMMUG00000059968	0
ENSMMUG00000064215	0
ENSMMUG00000003683	5
ENSMMUG00000023887	0
ENSMMUG00000013258	0
ENSMMUG00000053095	0
ENSMMUG00000000169	75
ENSMMUG00000000066	0
ENSMMUG00000063114	0
ENSMMUG00000063871	0
ENSMMUG00000054724	0
ENSMMUG00000049841	0
ENSMMUG00000017350	20
ENSMMUG00000064542	0
ENSMMUG00000052657	0
ENSMMUG00000061331	0
ENSMMUG00000018071	16
ENSMMUG00000024365	0
ENSMMUG00000059220	0
ENSMMUG00000061656	0
ENSMMUG00000032819	0
ENSMMUG00000054155	0
ENSMMUG00000064622	0
ENSMMUG00000018531	15
ENSMMUG00000026454	0
ENSMMUG00000045100	0
ENSMMUG00000039465	0
ENSMMUG00000051736	0
ENSMMUG00000013889	0
ENSMMUG00000020005	0
ENSMMUG00000056456	0
ENSMMUG00000044345	0
ENSMMUG00000004479	0
ENSMMUG00000025348	0
ENSMMUG00000063146	0
ENSMMUG00000061938	92
ENSMMUG00000031309	0
ENSMMUG00000010054	10
ENSMMUG00000017416	10
ENSMMUG00000002745	0
ENSMMUG00000062763	0
ENSMMUG00000020004	4
ENSMMUG00000000171	22
ENSMMUG00000010050	35
ENSMMUG00000003376	0
ENSMMUG00000060944	0
ENSMMUG00000049517	0
ENSMMUG00000061621	0
ENSMMUG00000051565	0
ENSMMUG00000061435	0
ENSMMUG00000007341	0
ENSMMUG00000051480	0
ENSMMUG00000003378	3
ENSMMUG00000062847	32
ENSMMUG00000061642	0
ENSMMUG00000032938	0
ENSMMUG00000065112	0
ENSMMUG00000015064	2
ENSMMUG00000033133	0
ENSMMUG00000019949	155
ENSMMUG00000031051	0
ENSMMUG00000018799	0
ENSMMUG00000061929	0
ENSMMUG00000052724	0
ENSMMUG00000018996	0
ENSMMUG00000050212	0
ENSMMUG00000052559	1
ENSMMUG00000051209	0
ENSMMUG00000053259	0
ENSMMUG00000020711	33
ENSMMUG00000043701	0
ENSMMUG00000018994	10
ENSMMUG00000020912	7
ENSMMUG00000024372	0
ENSMMUG00000052957	0
ENSMMUG00000063469	0
ENSMMUG00000020712	87
ENSMMUG00000016353	1
ENSMMUG00000035641	0
ENSMMUG00000057990	0
ENSMMUG00000039275	0
ENSMMUG00000050943	0
ENSMMUG00000011854	7
ENSMMUG00000057929	3
ENSMMUG00000007819	0
ENSMMUG00000003385	7
ENSMMUG00000039294	0
ENSMMUG00000004703	0
ENSMMUG00000042668	0
ENSMMUG00000042458	29
ENSMMUG00000021054	3
ENSMMUG00000061641	46
ENSMMUG00000019956	0
ENSMMUG00000023541	0
ENSMMUG00000027011	0
ENSMMUG00000062308	4
ENSMMUG00000051560	0
ENSMMUG00000017150	37
ENSMMUG00000007709	11
ENSMMUG00000004305	10
ENSMMUG00000000118	6
ENSMMUG00000054965	0
ENSMMUG00000009984	0
ENSMMUG00000049349	0
ENSMMUG00000037559	3
ENSMMUG00000053622	0
ENSMMUG00000007221	35
ENSMMUG00000052922	0
ENSMMUG00000005623	0
ENSMMUG00000018474	22
ENSMMUG00000051988	0
ENSMMUG00000049331	0
ENSMMUG00000005624	44
ENSMMUG00000007317	0
ENSMMUG00000057292	9
ENSMMUG00000004232	0
ENSMMUG00000013383	75
ENSMMUG00000009097	0
ENSMMUG00000016923	0
ENSMMUG00000008979	3
ENSMMUG00000051763	0
ENSMMUG00000018922	13
ENSMMUG00000007708	5
ENSMMUG00000016924	0
ENSMMUG00000012657	0
ENSMMUG00000009098	29
ENSMMUG00000024318	0
ENSMMUG00000063982	0
ENSMMUG00000052335	0
ENSMMUG00000023543	12
ENSMMUG00000058520	0
ENSMMUG00000065262	0
ENSMMUG00000023548	0
ENSMMUG00000010114	34
ENSMMUG00000015446	11
ENSMMUG00000023550	0
ENSMMUG00000000918	21
ENSMMUG00000064963	0
ENSMMUG00000023551	1
ENSMMUG00000012897	21
ENSMMUG00000021492	47
ENSMMUG00000009101	29
ENSMMUG00000053762	4
ENSMMUG00000008084	104
ENSMMUG00000004148	15
ENSMMUG00000016927	25
ENSMMUG00000035295	0
ENSMMUG00000009106	39
ENSMMUG00000018921	30
ENSMMUG00000060811	0
ENSMMUG00000065008	0
ENSMMUG00000060022	0
ENSMMUG00000010769	3
ENSMMUG00000018093	50
ENSMMUG00000055263	0
ENSMMUG00000051910	2
ENSMMUG00000051129	0
ENSMMUG00000022079	31
ENSMMUG00000058128	10
ENSMMUG00000049477	0
ENSMMUG00000054656	0
ENSMMUG00000049392	0
ENSMMUG00000002321	0
ENSMMUG00000062541	0
ENSMMUG00000062225	0
ENSMMUG00000056774	0
ENSMMUG00000042381	0
ENSMMUG00000018473	0
ENSMMUG00000016698	0
ENSMMUG00000022077	8
ENSMMUG00000012011	7
ENSMMUG00000015710	11
ENSMMUG00000064947	0
ENSMMUG00000037684	0
ENSMMUG00000002020	0
ENSMMUG00000062664	0
ENSMMUG00000050690	0
ENSMMUG00000064449	0
ENSMMUG00000054559	0
ENSMMUG00000059376	0
ENSMMUG00000012880	0
ENSMMUG00000063926	0
ENSMMUG00000022070	17
ENSMMUG00000062936	0
ENSMMUG00000064070	9
ENSMMUG00000003870	0
ENSMMUG00000048074	0
ENSMMUG00000005252	0
ENSMMUG00000061976	0
ENSMMUG00000056534	0
ENSMMUG00000004552	1
ENSMMUG00000037340	0
ENSMMUG00000018095	28
ENSMMUG00000036518	0
ENSMMUG00000051582	0
ENSMMUG00000052102	0
ENSMMUG00000033633	0
ENSMMUG00000038796	0
ENSMMUG00000015993	0
ENSMMUG00000007117	23
ENSMMUG00000022076	4
ENSMMUG00000049580	0
ENSMMUG00000012878	3
ENSMMUG00000060666	0
ENSMMUG00000023053	7
ENSMMUG00000015994	96
ENSMMUG00000018846	1
ENSMMUG00000005769	0
ENSMMUG00000053799	14
ENSMMUG00000003764	19
ENSMMUG00000061326	0
ENSMMUG00000058842	0
ENSMMUG00000006483	0
ENSMMUG00000004556	0
ENSMMUG00000056046	0
ENSMMUG00000041982	0
ENSMMUG00000056010	0
ENSMMUG00000022283	7
ENSMMUG00000061171	0
ENSMMUG00000059824	0
ENSMMUG00000022590	0
ENSMMUG00000053407	0
ENSMMUG00000053222	0
ENSMMUG00000016306	19
ENSMMUG00000011112	35
ENSMMUG00000015996	24
ENSMMUG00000020992	23
ENSMMUG00000012113	28
ENSMMUG00000050197	0
ENSMMUG00000051352	0
ENSMMUG00000018165	5
ENSMMUG00000064689	0
ENSMMUG00000058503	0
ENSMMUG00000013035	4
ENSMMUG00000012912	5
ENSMMUG00000058436	0
ENSMMUG00000056186	2
ENSMMUG00000064904	0
ENSMMUG00000023919	0
ENSMMUG00000020950	0
ENSMMUG00000052012	0
ENSMMUG00000061398	0
ENSMMUG00000018159	0
ENSMMUG00000006061	6
ENSMMUG00000055391	0
ENSMMUG00000018358	11
ENSMMUG00000052241	0
ENSMMUG00000064099	0
ENSMMUG00000005905	22
ENSMMUG00000031128	0
ENSMMUG00000056236	0
ENSMMUG00000058970	0
ENSMMUG00000060035	0
ENSMMUG00000062129	0
ENSMMUG00000063826	0
ENSMMUG00000024508	0
ENSMMUG00000059329	0
ENSMMUG00000050280	0
ENSMMUG00000027232	0
ENSMMUG00000057302	0
ENSMMUG00000052326	0
ENSMMUG00000049576	0
ENSMMUG00000044161	0
ENSMMUG00000065138	0
ENSMMUG00000007121	0
ENSMMUG00000051667	0
ENSMMUG00000031253	21
ENSMMUG00000063409	0
ENSMMUG00000062074	0
ENSMMUG00000058093	0
ENSMMUG00000064422	0
ENSMMUG00000004711	15
ENSMMUG00000045825	0
ENSMMUG00000057323	0
ENSMMUG00000004146	1
ENSMMUG00000060906	0
ENSMMUG00000043345	0
ENSMMUG00000004709	44
ENSMMUG00000063562	0
ENSMMUG00000050715	0
ENSMMUG00000006059	3
ENSMMUG00000026013	0
ENSMMUG00000020949	23
ENSMMUG00000020082	0
ENSMMUG00000004143	0
ENSMMUG00000012020	25
ENSMMUG00000063752	3
ENSMMUG00000055449	23
ENSMMUG00000006058	50
ENSMMUG00000004139	0
ENSMMUG00000010715	33
ENSMMUG00000031223	0
ENSMMUG00000004740	13
ENSMMUG00000043406	0
ENSMMUG00000060961	0
ENSMMUG00000000270	0
ENSMMUG00000054691	0
ENSMMUG00000063041	0
ENSMMUG00000062246	0
ENSMMUG00000057131	15
ENSMMUG00000017467	1
ENSMMUG00000047879	3
ENSMMUG00000057931	0
ENSMMUG00000060385	0
ENSMMUG00000008728	4
ENSMMUG00000006732	19
ENSMMUG00000063404	0
ENSMMUG00000021670	0
ENSMMUG00000062825	25
ENSMMUG00000062279	0
ENSMMUG00000049433	0
ENSMMUG00000049339	0
ENSMMUG00000050235	0
ENSMMUG00000063887	0
ENSMMUG00000047391	6
ENSMMUG00000005904	6
ENSMMUG00000002229	38
ENSMMUG00000061217	3
ENSMMUG00000056701	0
ENSMMUG00000056387	0
ENSMMUG00000052104	0
ENSMMUG00000036012	0
ENSMMUG00000012029	24
ENSMMUG00000006728	5
ENSMMUG00000022721	7
ENSMMUG00000059405	0
ENSMMUG00000031224	22
ENSMMUG00000017931	12
ENSMMUG00000044359	0
ENSMMUG00000052044	0
ENSMMUG00000060416	0
ENSMMUG00000050353	0
ENSMMUG00000034538	0
ENSMMUG00000014860	0
ENSMMUG00000046102	0
ENSMMUG00000014453	7
ENSMMUG00000052312	0
ENSMMUG00000053880	0
ENSMMUG00000004251	4
ENSMMUG00000004461	10
ENSMMUG00000060071	0
ENSMMUG00000034623	0
ENSMMUG00000060219	0
ENSMMUG00000038165	0
ENSMMUG00000049658	0
ENSMMUG00000049809	0
ENSMMUG00000023140	1
ENSMMUG00000017300	0
ENSMMUG00000017932	31
ENSMMUG00000062719	0
ENSMMUG00000060981	0
ENSMMUG00000026836	0
ENSMMUG00000049694	0
ENSMMUG00000050901	0
ENSMMUG00000007090	0
ENSMMUG00000032883	0
ENSMMUG00000012601	28
ENSMMUG00000065069	0
ENSMMUG00000063747	0
ENSMMUG00000061113	0
ENSMMUG00000020458	23
ENSMMUG00000057576	0
ENSMMUG00000063470	0
ENSMMUG00000010198	23
ENSMMUG00000001813	0
ENSMMUG00000003633	0
ENSMMUG00000061755	0
ENSMMUG00000063936	0
ENSMMUG00000020859	1
ENSMMUG00000053508	0
ENSMMUG00000056122	0
ENSMMUG00000024114	0
ENSMMUG00000006726	3
ENSMMUG00000020858	1
ENSMMUG00000010194	9
ENSMMUG00000054042	0
ENSMMUG00000025523	0
ENSMMUG00000065032	0
ENSMMUG00000062228	0
ENSMMUG00000009953	9
ENSMMUG00000047046	59
ENSMMUG00000061481	9
ENSMMUG00000006720	33
ENSMMUG00000053772	0
ENSMMUG00000036571	0
ENSMMUG00000053412	0
ENSMMUG00000063520	29
ENSMMUG00000057191	0
ENSMMUG00000062730	0
ENSMMUG00000011479	3
ENSMMUG00000057208	0
ENSMMUG00000050305	0
ENSMMUG00000049928	5
ENSMMUG00000010028	7
ENSMMUG00000054746	0
ENSMMUG00000037294	0
ENSMMUG00000002397	16
ENSMMUG00000060780	0
ENSMMUG00000055085	0
ENSMMUG00000051087	2
ENSMMUG00000019474	1
ENSMMUG00000060164	0
ENSMMUG00000038447	0
ENSMMUG00000011476	8
ENSMMUG00000055945	0
ENSMMUG00000051047	0
ENSMMUG00000058172	0
ENSMMUG00000009716	12
ENSMMUG00000057808	0
ENSMMUG00000055696	0
ENSMMUG00000043281	8
ENSMMUG00000059374	0
ENSMMUG00000059370	0
ENSMMUG00000049778	0
ENSMMUG00000009201	0
ENSMMUG00000052446	0
ENSMMUG00000012600	0
ENSMMUG00000002982	0
ENSMMUG00000050288	0
ENSMMUG00000015072	6
ENSMMUG00000049922	12
ENSMMUG00000054533	0
ENSMMUG00000017940	37
ENSMMUG00000063464	1
ENSMMUG00000012599	0
ENSMMUG00000054400	0
ENSMMUG00000050510	0
ENSMMUG00000064658	0
ENSMMUG00000052210	0
ENSMMUG00000039757	0
ENSMMUG00000051923	0
ENSMMUG00000027696	0
ENSMMUG00000056918	0
ENSMMUG00000020993	2
ENSMMUG00000024799	0
ENSMMUG00000000227	42
ENSMMUG00000010678	0
ENSMMUG00000033312	0
ENSMMUG00000052616	0
ENSMMUG00000058422	0
ENSMMUG00000053793	1
ENSMMUG00000056044	0
ENSMMUG00000038935	9
ENSMMUG00000063622	9
ENSMMUG00000017286	0
ENSMMUG00000002656	57
ENSMMUG00000021047	0
ENSMMUG00000001108	0
ENSMMUG00000032814	0
ENSMMUG00000023951	0
ENSMMUG00000051977	4
ENSMMUG00000054172	0
ENSMMUG00000053255	0
ENSMMUG00000005890	0
ENSMMUG00000060859	0
ENSMMUG00000016037	0
ENSMMUG00000005878	49
ENSMMUG00000060399	0
ENSMMUG00000051507	0
ENSMMUG00000009199	51
ENSMMUG00000050962	0
ENSMMUG00000013787	66
ENSMMUG00000063383	0
ENSMMUG00000013626	0
ENSMMUG00000000807	1
ENSMMUG00000013786	4
ENSMMUG00000008136	0
ENSMMUG00000057718	0
ENSMMUG00000043578	0
ENSMMUG00000002654	0
ENSMMUG00000058768	0
ENSMMUG00000000229	69
ENSMMUG00000021727	30
ENSMMUG00000017962	148
ENSMMUG00000057216	0
ENSMMUG00000059122	0
ENSMMUG00000014632	0
ENSMMUG00000016262	1
ENSMMUG00000014626	0
ENSMMUG00000013060	9
ENSMMUG00000052911	3
ENSMMUG00000061726	0
ENSMMUG00000013061	20
ENSMMUG00000010032	18
ENSMMUG00000060623	0
ENSMMUG00000058538	0
ENSMMUG00000040184	0
ENSMMUG00000035944	0
ENSMMUG00000013062	0
ENSMMUG00000060518	0
ENSMMUG00000023875	0
ENSMMUG00000057320	0
ENSMMUG00000053545	0
ENSMMUG00000000005	17
ENSMMUG00000006742	14
ENSMMUG00000060132	0
ENSMMUG00000062891	0
ENSMMUG00000016258	1
ENSMMUG00000024668	0
ENSMMUG00000052572	0
ENSMMUG00000052959	0
ENSMMUG00000031011	0
ENSMMUG00000058095	0
ENSMMUG00000006738	1
ENSMMUG00000060825	0
ENSMMUG00000024468	0
ENSMMUG00000062071	0
ENSMMUG00000015139	0
ENSMMUG00000057487	0
ENSMMUG00000052227	0
ENSMMUG00000063516	0
ENSMMUG00000026551	0
ENSMMUG00000028485	0
ENSMMUG00000063306	0
ENSMMUG00000020597	0
ENSMMUG00000055424	0
ENSMMUG00000033257	0
ENSMMUG00000055802	49
ENSMMUG00000027003	0
ENSMMUG00000057898	26
ENSMMUG00000061969	21
ENSMMUG00000018206	0
ENSMMUG00000063227	11
ENSMMUG00000062332	7
ENSMMUG00000053429	0
ENSMMUG00000000180	0
ENSMMUG00000018208	23
ENSMMUG00000007925	0
ENSMMUG00000061222	11
ENSMMUG00000018210	0
ENSMMUG00000008955	16
ENSMMUG00000010403	7
ENSMMUG00000000396	0
ENSMMUG00000064409	0
ENSMMUG00000064392	0
ENSMMUG00000003360	6
ENSMMUG00000055052	0
ENSMMUG00000062247	0
ENSMMUG00000059118	0
ENSMMUG00000052011	0
ENSMMUG00000015101	0
ENSMMUG00000002424	71
ENSMMUG00000003357	15
ENSMMUG00000037750	0
ENSMMUG00000061105	0
ENSMMUG00000058141	0
ENSMMUG00000023007	0
ENSMMUG00000064123	0
ENSMMUG00000005757	0
ENSMMUG00000057979	0
ENSMMUG00000031274	0
ENSMMUG00000049757	0
ENSMMUG00000049391	0
ENSMMUG00000061058	0
ENSMMUG00000064546	3
ENSMMUG00000015852	0
ENSMMUG00000023004	0
ENSMMUG00000005204	34
ENSMMUG00000058754	0
ENSMMUG00000007335	16
ENSMMUG00000039561	0
ENSMMUG00000019635	21
ENSMMUG00000011531	0
ENSMMUG00000063305	0
ENSMMUG00000063600	0
ENSMMUG00000052215	0
ENSMMUG00000056552	0
ENSMMUG00000031012	0
ENSMMUG00000018137	0
ENSMMUG00000044283	0
ENSMMUG00000045479	0
ENSMMUG00000020746	5
ENSMMUG00000061376	0
ENSMMUG00000033825	0
ENSMMUG00000007290	0
ENSMMUG00000063001	0
ENSMMUG00000042546	17
ENSMMUG00000057469	0
ENSMMUG00000001856	45
ENSMMUG00000031325	0
ENSMMUG00000058807	0
ENSMMUG00000027337	0
ENSMMUG00000064200	0
ENSMMUG00000002810	0
ENSMMUG00000023003	0
ENSMMUG00000002182	22
ENSMMUG00000057572	0
ENSMMUG00000050219	7
ENSMMUG00000005980	11
ENSMMUG00000040744	0
ENSMMUG00000001853	3
ENSMMUG00000022865	27
ENSMMUG00000002838	21
ENSMMUG00000005200	39
ENSMMUG00000021900	0
ENSMMUG00000062477	0
ENSMMUG00000002181	31
ENSMMUG00000063772	0
ENSMMUG00000009331	0
ENSMMUG00000004131	13
ENSMMUG00000021332	21
ENSMMUG00000001454	103
ENSMMUG00000020994	1
ENSMMUG00000002288	0
ENSMMUG00000064862	0
ENSMMUG00000021331	0
ENSMMUG00000054772	1
ENSMMUG00000046729	0
ENSMMUG00000004132	12
ENSMMUG00000043974	18
ENSMMUG00000001459	59
ENSMMUG00000062535	0
ENSMMUG00000047396	0
ENSMMUG00000064910	0
ENSMMUG00000054345	0
ENSMMUG00000065330	18
ENSMMUG00000001580	0
ENSMMUG00000044782	0
ENSMMUG00000009414	0
ENSMMUG00000020999	0
ENSMMUG00000002554	114
ENSMMUG00000005221	28
ENSMMUG00000010673	0
ENSMMUG00000052590	5
ENSMMUG00000038635	0
ENSMMUG00000055500	0
ENSMMUG00000058699	0
ENSMMUG00000000264	36
ENSMMUG00000059964	0
ENSMMUG00000005219	36
ENSMMUG00000031000	0
ENSMMUG00000058874	0
ENSMMUG00000065099	9
ENSMMUG00000000263	38
ENSMMUG00000065248	2
ENSMMUG00000031035	11
ENSMMUG00000049665	0
ENSMMUG00000062504	0
ENSMMUG00000051681	6
ENSMMUG00000064395	0
ENSMMUG00000061591	8
ENSMMUG00000014166	58
ENSMMUG00000019099	11
ENSMMUG00000000262	0
ENSMMUG00000061626	5
ENSMMUG00000053133	0
ENSMMUG00000013911	14
ENSMMUG00000049966	0
ENSMMUG00000051873	0
ENSMMUG00000051567	0
ENSMMUG00000014203	0
ENSMMUG00000014165	23
ENSMMUG00000064275	0
ENSMMUG00000007344	17
ENSMMUG00000008516	42
ENSMMUG00000058064	12
ENSMMUG00000014164	14
ENSMMUG00000023456	20
ENSMMUG00000020959	0
ENSMMUG00000061539	15
ENSMMUG00000015448	6
ENSMMUG00000020960	24
ENSMMUG00000020669	0
ENSMMUG00000000893	44
ENSMMUG00000056067	0
ENSMMUG00000018337	0
ENSMMUG00000064670	0
ENSMMUG00000051040	0
ENSMMUG00000036393	0
ENSMMUG00000010951	9
ENSMMUG00000053030	37
ENSMMUG00000031284	50
ENSMMUG00000020671	0
ENSMMUG00000049732	0
ENSMMUG00000060989	0
ENSMMUG00000036412	0
ENSMMUG00000010633	32
ENSMMUG00000060994	0
ENSMMUG00000026009	0
ENSMMUG00000023859	0
ENSMMUG00000009306	51
ENSMMUG00000009307	0
ENSMMUG00000020676	0
ENSMMUG00000034599	0
ENSMMUG00000040029	0
ENSMMUG00000034258	0
ENSMMUG00000058288	0
ENSMMUG00000047625	12
ENSMMUG00000004067	8
ENSMMUG00000059440	0
ENSMMUG00000042013	0
ENSMMUG00000008928	0
ENSMMUG00000008925	0
ENSMMUG00000062078	0
ENSMMUG00000065106	0
ENSMMUG00000008470	0
ENSMMUG00000012719	17
ENSMMUG00000050166	0
ENSMMUG00000062907	0
ENSMMUG00000047340	0
ENSMMUG00000060877	9
ENSMMUG00000016523	0
ENSMMUG00000021790	66
ENSMMUG00000055387	0
ENSMMUG00000050396	2
ENSMMUG00000038243	0
ENSMMUG00000051386	0
ENSMMUG00000016530	0
ENSMMUG00000060162	0
ENSMMUG00000053191	0
ENSMMUG00000009528	0
ENSMMUG00000049501	0
ENSMMUG00000011360	3
ENSMMUG00000054875	3
ENSMMUG00000018720	0
ENSMMUG00000007379	0
ENSMMUG00000053708	0
ENSMMUG00000016401	1
ENSMMUG00000016404	0
ENSMMUG00000059854	0
ENSMMUG00000032676	0
ENSMMUG00000013037	0
ENSMMUG00000002657	0
ENSMMUG00000053785	0
ENSMMUG00000062117	0
ENSMMUG00000040339	0
ENSMMUG00000046683	0
ENSMMUG00000049045	0
ENSMMUG00000024685	0
ENSMMUG00000056301	0
ENSMMUG00000053637	0
ENSMMUG00000050020	0
ENSMMUG00000058303	0
ENSMMUG00000051841	0
ENSMMUG00000015212	0
ENSMMUG00000064744	0
ENSMMUG00000000049	0
ENSMMUG00000022272	6
ENSMMUG00000005131	3
ENSMMUG00000037651	0
ENSMMUG00000062133	0
ENSMMUG00000058893	0
ENSMMUG00000059837	0
ENSMMUG00000039230	0
ENSMMUG00000052128	0
ENSMMUG00000024531	0
ENSMMUG00000062938	0
ENSMMUG00000050669	0
ENSMMUG00000030683	0
ENSMMUG00000011697	0
ENSMMUG00000055185	0
ENSMMUG00000054625	0
ENSMMUG00000059977	0
ENSMMUG00000054718	0
ENSMMUG00000007529	14
ENSMMUG00000051533	6
ENSMMUG00000053914	0
ENSMMUG00000060320	0
ENSMMUG00000049796	0
ENSMMUG00000059152	0
ENSMMUG00000062636	1
ENSMMUG00000018292	1
ENSMMUG00000009018	23
ENSMMUG00000053209	0
ENSMMUG00000054524	0
ENSMMUG00000035727	0
ENSMMUG00000060857	0
ENSMMUG00000058711	0
ENSMMUG00000050001	0
ENSMMUG00000062358	0
ENSMMUG00000059834	0
ENSMMUG00000059992	0
ENSMMUG00000050190	0
ENSMMUG00000036363	0
ENSMMUG00000059546	0
ENSMMUG00000057061	0
ENSMMUG00000016317	0
ENSMMUG00000059045	0
ENSMMUG00000063107	0
ENSMMUG00000057225	0
ENSMMUG00000007070	0
ENSMMUG00000062657	0
ENSMMUG00000048609	0
ENSMMUG00000013625	2
ENSMMUG00000050428	0
ENSMMUG00000052735	0
ENSMMUG00000016475	33
ENSMMUG00000050594	0
ENSMMUG00000063119	0
ENSMMUG00000049677	0
ENSMMUG00000054529	0
ENSMMUG00000063061	0
ENSMMUG00000048566	25
ENSMMUG00000064141	0
ENSMMUG00000064468	0
ENSMMUG00000049825	0
ENSMMUG00000055685	0
ENSMMUG00000053440	0
ENSMMUG00000025358	0
ENSMMUG00000058055	0
ENSMMUG00000007373	3
ENSMMUG00000011308	0
ENSMMUG00000062188	0
ENSMMUG00000051313	6
ENSMMUG00000052196	0
ENSMMUG00000044916	0
ENSMMUG00000003753	57
ENSMMUG00000056464	2
ENSMMUG00000057792	0
ENSMMUG00000058684	0
ENSMMUG00000002854	0
ENSMMUG00000064076	0
ENSMMUG00000058054	0
ENSMMUG00000053201	0
ENSMMUG00000064538	0
ENSMMUG00000011252	5
ENSMMUG00000063137	0
ENSMMUG00000050436	0
ENSMMUG00000017988	6
ENSMMUG00000054998	0
ENSMMUG00000055057	0
ENSMMUG00000060716	0
ENSMMUG00000051871	0
ENSMMUG00000059851	0
ENSMMUG00000016609	17
ENSMMUG00000007888	41
ENSMMUG00000064688	0
ENSMMUG00000051764	0
ENSMMUG00000045859	0
ENSMMUG00000050040	0
ENSMMUG00000000345	0
ENSMMUG00000016612	0
ENSMMUG00000022280	136
ENSMMUG00000055864	0
ENSMMUG00000054319	6
ENSMMUG00000040027	0
ENSMMUG00000007891	8
ENSMMUG00000050340	0
ENSMMUG00000051250	0
ENSMMUG00000062575	0
ENSMMUG00000052642	0
ENSMMUG00000058451	0
ENSMMUG00000050217	0
ENSMMUG00000024190	0
ENSMMUG00000012636	0
ENSMMUG00000022744	16
ENSMMUG00000009912	0
ENSMMUG00000049780	0
ENSMMUG00000065210	0
ENSMMUG00000001036	0
ENSMMUG00000050127	0
ENSMMUG00000049075	0
ENSMMUG00000054186	0
ENSMMUG00000037428	0
ENSMMUG00000022979	576
ENSMMUG00000000350	14
ENSMMUG00000003771	8
ENSMMUG00000008520	0
ENSMMUG00000051235	0
ENSMMUG00000062382	0
ENSMMUG00000062318	0
ENSMMUG00000001038	30
ENSMMUG00000064356	0
ENSMMUG00000004485	5
ENSMMUG00000061420	0
ENSMMUG00000056962	0
ENSMMUG00000058408	0
ENSMMUG00000049362	0
ENSMMUG00000062882	0
ENSMMUG00000054254	0
ENSMMUG00000055700	0
ENSMMUG00000055365	0
ENSMMUG00000047075	0
ENSMMUG00000059858	0
ENSMMUG00000061779	0
ENSMMUG00000056656	0
ENSMMUG00000057596	0
ENSMMUG00000013531	6
ENSMMUG00000028480	0
ENSMMUG00000026686	0
ENSMMUG00000050015	0
ENSMMUG00000001291	1
ENSMMUG00000037790	3
ENSMMUG00000004922	4
ENSMMUG00000050999	0
ENSMMUG00000017688	2
ENSMMUG00000009890	37
ENSMMUG00000001039	10
ENSMMUG00000018409	0
ENSMMUG00000034635	0
ENSMMUG00000022282	161
ENSMMUG00000040520	0
ENSMMUG00000062341	5
ENSMMUG00000001292	26
ENSMMUG00000044896	0
ENSMMUG00000013900	5
ENSMMUG00000001041	5
ENSMMUG00000011986	0
ENSMMUG00000014841	1
ENSMMUG00000055269	0
ENSMMUG00000036308	0
ENSMMUG00000037921	0
ENSMMUG00000041756	0
ENSMMUG00000049834	0
ENSMMUG00000000353	0
ENSMMUG00000050857	0
ENSMMUG00000008940	0
ENSMMUG00000053838	0
ENSMMUG00000007664	0
ENSMMUG00000058466	0
ENSMMUG00000017025	15
ENSMMUG00000063377	0
ENSMMUG00000046615	22
ENSMMUG00000063973	0
ENSMMUG00000004486	1
ENSMMUG00000049397	0
ENSMMUG00000062735	43
ENSMMUG00000055774	0
ENSMMUG00000060590	1943
ENSMMUG00000059939	0
ENSMMUG00000064408	0
ENSMMUG00000004237	8
ENSMMUG00000063876	0
ENSMMUG00000054008	0
ENSMMUG00000027955	0
ENSMMUG00000060359	0
ENSMMUG00000023756	33
ENSMMUG00000060475	0
ENSMMUG00000049503	0
ENSMMUG00000064790	0
ENSMMUG00000040792	0
ENSMMUG00000057814	0
ENSMMUG00000054368	0
ENSMMUG00000037206	0
ENSMMUG00000055628	0
ENSMMUG00000019297	10
ENSMMUG00000009173	59
ENSMMUG00000056595	0
ENSMMUG00000057852	0
ENSMMUG00000051821	0
ENSMMUG00000005055	2
ENSMMUG00000057725	0
ENSMMUG00000052770	0
ENSMMUG00000053245	0
ENSMMUG00000064467	0
ENSMMUG00000049533	0
ENSMMUG00000007597	4
ENSMMUG00000025305	0
ENSMMUG00000006942	0
ENSMMUG00000059052	0
ENSMMUG00000061912	0
ENSMMUG00000052174	0
ENSMMUG00000049528	1
ENSMMUG00000043004	0
ENSMMUG00000058677	0
ENSMMUG00000049441	0
ENSMMUG00000009892	0
ENSMMUG00000001402	0
ENSMMUG00000009790	13
ENSMMUG00000013234	0
ENSMMUG00000051102	24
ENSMMUG00000017033	3
ENSMMUG00000060819	0
ENSMMUG00000058994	0
ENSMMUG00000050593	0
ENSMMUG00000057481	0
ENSMMUG00000005572	0
ENSMMUG00000058397	0
ENSMMUG00000050226	0
ENSMMUG00000065195	0
ENSMMUG00000021425	6
ENSMMUG00000050847	0
ENSMMUG00000054314	0
ENSMMUG00000061886	0
ENSMMUG00000030627	0
ENSMMUG00000049741	0
ENSMMUG00000053993	0
ENSMMUG00000026595	0
ENSMMUG00000045035	0
ENSMMUG00000026970	0
ENSMMUG00000026887	0
ENSMMUG00000054994	0
ENSMMUG00000009791	9
ENSMMUG00000059803	0
ENSMMUG00000026846	0
ENSMMUG00000064791	0
ENSMMUG00000013346	23
ENSMMUG00000019831	12
ENSMMUG00000027060	0
ENSMMUG00000057851	0
ENSMMUG00000008874	2
ENSMMUG00000048368	0
ENSMMUG00000058755	2
ENSMMUG00000018657	52
ENSMMUG00000042902	0
ENSMMUG00000019461	0
ENSMMUG00000016740	102
ENSMMUG00000008039	0
ENSMMUG00000033223	0
ENSMMUG00000026639	0
ENSMMUG00000049650	0
ENSMMUG00000008040	0
ENSMMUG00000062314	11
ENSMMUG00000054665	0
ENSMMUG00000051317	0
ENSMMUG00000053448	0
ENSMMUG00000035691	0
ENSMMUG00000043730	0
ENSMMUG00000026501	0
ENSMMUG00000061970	0
ENSMMUG00000009029	21
ENSMMUG00000055317	0
ENSMMUG00000052676	0
ENSMMUG00000022610	29
ENSMMUG00000013707	6
ENSMMUG00000050501	0
ENSMMUG00000058676	0
ENSMMUG00000027658	0
ENSMMUG00000063566	6
ENSMMUG00000054803	0
ENSMMUG00000009030	60
ENSMMUG00000064127	2
ENSMMUG00000052690	0
ENSMMUG00000030780	74
ENSMMUG00000056827	19
ENSMMUG00000055924	0
ENSMMUG00000055156	0
ENSMMUG00000052756	0
ENSMMUG00000035561	0
ENSMMUG00000025901	0
ENSMMUG00000021231	0
ENSMMUG00000059867	0
ENSMMUG00000062551	0
ENSMMUG00000053910	0
ENSMMUG00000053811	0
ENSMMUG00000058608	0
ENSMMUG00000001899	4
ENSMMUG00000054545	6
ENSMMUG00000013470	0
ENSMMUG00000058786	0
ENSMMUG00000038504	0
ENSMMUG00000009860	0
ENSMMUG00000064494	0
ENSMMUG00000024011	0
ENSMMUG00000016791	3
ENSMMUG00000040562	12
ENSMMUG00000062389	0
ENSMMUG00000060668	10
ENSMMUG00000013472	0
ENSMMUG00000009862	0
ENSMMUG00000053285	0
ENSMMUG00000020386	2
ENSMMUG00000024429	0
ENSMMUG00000057776	0
ENSMMUG00000045155	0
ENSMMUG00000013473	0
ENSMMUG00000039150	0
ENSMMUG00000061678	0
ENSMMUG00000052425	0
ENSMMUG00000004507	0
ENSMMUG00000063249	0
ENSMMUG00000007880	19
ENSMMUG00000059863	0
ENSMMUG00000064615	0
ENSMMUG00000052049	0
ENSMMUG00000034854	0
ENSMMUG00000052070	0
ENSMMUG00000016293	1
ENSMMUG00000016138	0
ENSMMUG00000006945	0
ENSMMUG00000007881	25
ENSMMUG00000016139	0
ENSMMUG00000050653	0
ENSMMUG00000022608	0
ENSMMUG00000007423	2
ENSMMUG00000004209	2
ENSMMUG00000038337	0
ENSMMUG00000022522	36
ENSMMUG00000053497	3
ENSMMUG00000013780	0
ENSMMUG00000057755	0
ENSMMUG00000004799	7
ENSMMUG00000013713	0
ENSMMUG00000017978	19
ENSMMUG00000013476	7
ENSMMUG00000004210	0
ENSMMUG00000054224	0
ENSMMUG00000063358	0
ENSMMUG00000061026	0
ENSMMUG00000060508	0
ENSMMUG00000011590	0
ENSMMUG00000061209	0
ENSMMUG00000040514	0
ENSMMUG00000065094	0
ENSMMUG00000024959	0
ENSMMUG00000059778	0
ENSMMUG00000012663	24
ENSMMUG00000007427	0
ENSMMUG00000048168	0
ENSMMUG00000007539	9
ENSMMUG00000007169	23
ENSMMUG00000051409	0
ENSMMUG00000049878	0
ENSMMUG00000051400	0
ENSMMUG00000050639	1
ENSMMUG00000055861	0
ENSMMUG00000060579	0
ENSMMUG00000001172	0
ENSMMUG00000027513	0
ENSMMUG00000059600	0
ENSMMUG00000063646	0
ENSMMUG00000014610	0
ENSMMUG00000056858	0
ENSMMUG00000055644	0
ENSMMUG00000021029	0
ENSMMUG00000021538	5
ENSMMUG00000011376	0
ENSMMUG00000007428	97
ENSMMUG00000049340	0
ENSMMUG00000053214	0
ENSMMUG00000012666	55
ENSMMUG00000001176	0
ENSMMUG00000011766	0
ENSMMUG00000014611	3
ENSMMUG00000020571	0
ENSMMUG00000054269	0
ENSMMUG00000036954	0
ENSMMUG00000003898	0
ENSMMUG00000062690	0
ENSMMUG00000059084	0
ENSMMUG00000062988	0
ENSMMUG00000050206	0
ENSMMUG00000020572	18
ENSMMUG00000062954	0
ENSMMUG00000054800	0
ENSMMUG00000000784	0
ENSMMUG00000000787	2
ENSMMUG00000007434	11
ENSMMUG00000001178	0
ENSMMUG00000022818	2
ENSMMUG00000064401	0
ENSMMUG00000018929	48
ENSMMUG00000064828	0
ENSMMUG00000000529	0
ENSMMUG00000057607	0
ENSMMUG00000021817	0
ENSMMUG00000063587	0
ENSMMUG00000009913	1
ENSMMUG00000058531	0
ENSMMUG00000057406	9
ENSMMUG00000054711	0
ENSMMUG00000063723	0
ENSMMUG00000009914	0
ENSMMUG00000013063	4
ENSMMUG00000063649	18
ENSMMUG00000030801	0
ENSMMUG00000051845	0
ENSMMUG00000020835	0
ENSMMUG00000002533	10
ENSMMUG00000065051	0
ENSMMUG00000053890	0
ENSMMUG00000058998	0
ENSMMUG00000027429	0
ENSMMUG00000051518	0
ENSMMUG00000057493	0
ENSMMUG00000020837	0
ENSMMUG00000056311	0
ENSMMUG00000013059	0
ENSMMUG00000050240	20
ENSMMUG00000053410	0
ENSMMUG00000056947	0
ENSMMUG00000059303	0
ENSMMUG00000003585	0
ENSMMUG00000011593	5
ENSMMUG00000013721	0
ENSMMUG00000053482	0
ENSMMUG00000018419	24
ENSMMUG00000013138	12
ENSMMUG00000055127	0
ENSMMUG00000046362	5
ENSMMUG00000026407	0
ENSMMUG00000060406	0
ENSMMUG00000054657	0
ENSMMUG00000057921	0
ENSMMUG00000054912	0
ENSMMUG00000036262	0
ENSMMUG00000008658	0
ENSMMUG00000054228	0
ENSMMUG00000009579	3
ENSMMUG00000007192	48
ENSMMUG00000030700	0
ENSMMUG00000028204	0
ENSMMUG00000021807	0
ENSMMUG00000040627	0
ENSMMUG00000007439	1
ENSMMUG00000057281	0
ENSMMUG00000048209	0
ENSMMUG00000056256	0
ENSMMUG00000005620	0
ENSMMUG00000003588	8
ENSMMUG00000011594	12
ENSMMUG00000010898	29
ENSMMUG00000056958	0
ENSMMUG00000010899	2
ENSMMUG00000057044	0
ENSMMUG00000026978	0
ENSMMUG00000052103	0
ENSMMUG00000008661	8
ENSMMUG00000027073	0
ENSMMUG00000059037	0
ENSMMUG00000057079	5
ENSMMUG00000003590	8
ENSMMUG00000055718	6
ENSMMUG00000025682	0
ENSMMUG00000056434	0
ENSMMUG00000062953	0
ENSMMUG00000018420	7
ENSMMUG00000037305	0
ENSMMUG00000054659	0
ENSMMUG00000050438	0
ENSMMUG00000058884	0
ENSMMUG00000027881	0
ENSMMUG00000052173	0
ENSMMUG00000043888	0
ENSMMUG00000064642	0
ENSMMUG00000061783	4
ENSMMUG00000026252	0
ENSMMUG00000021744	0
ENSMMUG00000019967	0
ENSMMUG00000059178	0
ENSMMUG00000054675	0
ENSMMUG00000065060	0
ENSMMUG00000021746	0
ENSMMUG00000007449	1
ENSMMUG00000019097	3
ENSMMUG00000052353	0
ENSMMUG00000028060	0
ENSMMUG00000061056	0
ENSMMUG00000023599	1
ENSMMUG00000059408	0
ENSMMUG00000064524	0
ENSMMUG00000060477	0
ENSMMUG00000064811	0
ENSMMUG00000061524	0
ENSMMUG00000028238	0
ENSMMUG00000038997	0
ENSMMUG00000058366	0
ENSMMUG00000021197	23
ENSMMUG00000050470	0
ENSMMUG00000059350	0
ENSMMUG00000054118	0
ENSMMUG00000056287	0
ENSMMUG00000007197	0
ENSMMUG00000057127	0
ENSMMUG00000056306	0
ENSMMUG00000001480	6
ENSMMUG00000063536	0
ENSMMUG00000063835	0
ENSMMUG00000054240	0
ENSMMUG00000005012	0
ENSMMUG00000062099	0
ENSMMUG00000055953	0
ENSMMUG00000065121	0
ENSMMUG00000056946	0
ENSMMUG00000054221	0
ENSMMUG00000009721	0
ENSMMUG00000059002	0
ENSMMUG00000056253	0
ENSMMUG00000050969	0
ENSMMUG00000012307	1
ENSMMUG00000063903	0
ENSMMUG00000007198	2
ENSMMUG00000032890	0
ENSMMUG00000013190	13
ENSMMUG00000051085	0
ENSMMUG00000039047	0
ENSMMUG00000056576	0
ENSMMUG00000021199	0
ENSMMUG00000056759	0
ENSMMUG00000055246	0
ENSMMUG00000060910	0
ENSMMUG00000051119	0
ENSMMUG00000013191	30
ENSMMUG00000005839	12
ENSMMUG00000013615	0
ENSMMUG00000003560	0
ENSMMUG00000052681	0
ENSMMUG00000013617	17
ENSMMUG00000033007	0
ENSMMUG00000007200	2
ENSMMUG00000059409	0
ENSMMUG00000001311	0
ENSMMUG00000001312	28
ENSMMUG00000049600	0
ENSMMUG00000055811	0
ENSMMUG00000056205	21
ENSMMUG00000009421	24
ENSMMUG00000016560	0
ENSMMUG00000007201	0
ENSMMUG00000045840	0
ENSMMUG00000038826	0
ENSMMUG00000024638	8
ENSMMUG00000048138	0
ENSMMUG00000009420	0
ENSMMUG00000062619	0
ENSMMUG00000004543	3
ENSMMUG00000042628	0
ENSMMUG00000055667	0
ENSMMUG00000053847	11
ENSMMUG00000059225	0
ENSMMUG00000016520	3
ENSMMUG00000010416	30
ENSMMUG00000012332	0
ENSMMUG00000030786	0
ENSMMUG00000016517	1
ENSMMUG00000036552	0
ENSMMUG00000060781	23
ENSMMUG00000062570	13
ENSMMUG00000012338	3
ENSMMUG00000058145	0
ENSMMUG00000019556	1
ENSMMUG00000039821	0
ENSMMUG00000002702	1
ENSMMUG00000019006	52
ENSMMUG00000027837	0
ENSMMUG00000050071	0
ENSMMUG00000040500	1
ENSMMUG00000026546	0
ENSMMUG00000057133	0
ENSMMUG00000003558	0
ENSMMUG00000036271	0
ENSMMUG00000064318	0
ENSMMUG00000024072	0
ENSMMUG00000013371	0
ENSMMUG00000054654	0
ENSMMUG00000061339	0
ENSMMUG00000005842	0
ENSMMUG00000002113	0
ENSMMUG00000014821	0
ENSMMUG00000063961	0
ENSMMUG00000014822	0
ENSMMUG00000004493	30
ENSMMUG00000057201	0
ENSMMUG00000046375	0
ENSMMUG00000061846	0
ENSMMUG00000059231	0
ENSMMUG00000051187	0
ENSMMUG00000056466	0
ENSMMUG00000060210	7
ENSMMUG00000002107	0
ENSMMUG00000060734	0
ENSMMUG00000053055	0
ENSMMUG00000053142	0
ENSMMUG00000043964	0
ENSMMUG00000002109	1
ENSMMUG00000060583	0
ENSMMUG00000055578	0
ENSMMUG00000055161	0
ENSMMUG00000055076	0
ENSMMUG00000062428	0
ENSMMUG00000050578	0
ENSMMUG00000021458	4
ENSMMUG00000065263	0
ENSMMUG00000061728	0
ENSMMUG00000004494	1
ENSMMUG00000000481	0
ENSMMUG00000023076	7
ENSMMUG00000056029	0
ENSMMUG00000062740	0
ENSMMUG00000064411	0
ENSMMUG00000015856	0
ENSMMUG00000013370	3
ENSMMUG00000021459	48
ENSMMUG00000005847	0
ENSMMUG00000041159	0
ENSMMUG00000050273	0
ENSMMUG00000002873	0
ENSMMUG00000055887	0
ENSMMUG00000002875	0
ENSMMUG00000023083	0
ENSMMUG00000053701	0
ENSMMUG00000024662	0
ENSMMUG00000058223	0
ENSMMUG00000060688	0
ENSMMUG00000007247	12
ENSMMUG00000025050	0
ENSMMUG00000051911	0
ENSMMUG00000054971	0
ENSMMUG00000058110	0
ENSMMUG00000017048	1
ENSMMUG00000063615	0
ENSMMUG00000061960	0
ENSMMUG00000017876	0
ENSMMUG00000017052	22
ENSMMUG00000014925	43
ENSMMUG00000014926	7
ENSMMUG00000004560	0
ENSMMUG00000064090	0
ENSMMUG00000056651	0
ENSMMUG00000051269	0
ENSMMUG00000052269	2
ENSMMUG00000003371	0
ENSMMUG00000055203	0
ENSMMUG00000037043	0
ENSMMUG00000002330	0
ENSMMUG00000055592	0
ENSMMUG00000060747	0
ENSMMUG00000061727	0
ENSMMUG00000021460	33
ENSMMUG00000049768	0
ENSMMUG00000030685	0
ENSMMUG00000064270	0
ENSMMUG00000000048	0
ENSMMUG00000025642	0
ENSMMUG00000039479	13
ENSMMUG00000013367	0
ENSMMUG00000056835	0
ENSMMUG00000053503	0
ENSMMUG00000023295	0
ENSMMUG00000010522	0
ENSMMUG00000058859	0
ENSMMUG00000052705	0
ENSMMUG00000030812	5
ENSMMUG00000056489	0
ENSMMUG00000060976	0
ENSMMUG00000001920	0
ENSMMUG00000020262	70
ENSMMUG00000041171	0
ENSMMUG00000020261	1
ENSMMUG00000057724	0
ENSMMUG00000058525	0
ENSMMUG00000023316	260
ENSMMUG00000063397	0
ENSMMUG00000062416	0
ENSMMUG00000016268	1
ENSMMUG00000053904	6
ENSMMUG00000034787	0
ENSMMUG00000001347	1
ENSMMUG00000004896	8
ENSMMUG00000055158	0
ENSMMUG00000021176	0
ENSMMUG00000030296	0
ENSMMUG00000019667	39
ENSMMUG00000033948	0
ENSMMUG00000021177	0
ENSMMUG00000001348	101
ENSMMUG00000002523	35
ENSMMUG00000040495	0
ENSMMUG00000050742	0
ENSMMUG00000003247	0
ENSMMUG00000057447	29
ENSMMUG00000035496	0
ENSMMUG00000024213	0
ENSMMUG00000019670	3
ENSMMUG00000003866	149
ENSMMUG00000045526	0
ENSMMUG00000046794	0
ENSMMUG00000010536	1
ENSMMUG00000057192	0
ENSMMUG00000008949	0
ENSMMUG00000052125	42
ENSMMUG00000014408	32
ENSMMUG00000030294	57
ENSMMUG00000020775	0
ENSMMUG00000061127	0
ENSMMUG00000049005	0
ENSMMUG00000055550	0
ENSMMUG00000054723	0
ENSMMUG00000017337	0
ENSMMUG00000063708	0
ENSMMUG00000052936	0
ENSMMUG00000059034	0
ENSMMUG00000064698	0
ENSMMUG00000053714	0
ENSMMUG00000014409	2
ENSMMUG00000050252	0
ENSMMUG00000050263	0
ENSMMUG00000064362	0
ENSMMUG00000005378	0
ENSMMUG00000057517	0
ENSMMUG00000020658	6
ENSMMUG00000059552	0
ENSMMUG00000017341	0
ENSMMUG00000014411	186
ENSMMUG00000004587	0
ENSMMUG00000010538	106
ENSMMUG00000059256	2
ENSMMUG00000013343	101
ENSMMUG00000019882	19
ENSMMUG00000057790	0
ENSMMUG00000058758	9
ENSMMUG00000004586	0
ENSMMUG00000028198	0
ENSMMUG00000064026	0
ENSMMUG00000014413	108
ENSMMUG00000030047	0
ENSMMUG00000053397	0
ENSMMUG00000021935	259
ENSMMUG00000064723	0
ENSMMUG00000032650	0
ENSMMUG00000052091	274
ENSMMUG00000010150	23
ENSMMUG00000020382	138
ENSMMUG00000063446	0
ENSMMUG00000021934	1
ENSMMUG00000010895	0
ENSMMUG00000002923	4
ENSMMUG00000027029	0
ENSMMUG00000002926	14
ENSMMUG00000049587	0
ENSMMUG00000027919	0
ENSMMUG00000035846	9
ENSMMUG00000056350	0
ENSMMUG00000053079	0
ENSMMUG00000004760	0
ENSMMUG00000012118	0
ENSMMUG00000037053	0
ENSMMUG00000002931	43
ENSMMUG00000012121	1
ENSMMUG00000002933	222
ENSMMUG00000026878	0
ENSMMUG00000010543	24
ENSMMUG00000003515	0
ENSMMUG00000010545	8
ENSMMUG00000017654	8
ENSMMUG00000022315	10
ENSMMUG00000010547	11
ENSMMUG00000061968	0
ENSMMUG00000001026	24
ENSMMUG00000000620	1
ENSMMUG00000061276	14
ENSMMUG00000045187	59
ENSMMUG00000010549	4
ENSMMUG00000035193	0
ENSMMUG00000050551	0
ENSMMUG00000056200	0
ENSMMUG00000003325	7
ENSMMUG00000010551	0
ENSMMUG00000055331	0
ENSMMUG00000028227	0
ENSMMUG00000056588	0
ENSMMUG00000012799	17
ENSMMUG00000060080	0
ENSMMUG00000022709	54
ENSMMUG00000051489	0
ENSMMUG00000037644	36
ENSMMUG00000015160	11
ENSMMUG00000040856	0
ENSMMUG00000004765	9
ENSMMUG00000013344	0
ENSMMUG00000022712	18
ENSMMUG00000013345	26
ENSMMUG00000006206	178
ENSMMUG00000004892	3
ENSMMUG00000057488	0
ENSMMUG00000056646	13
ENSMMUG00000053935	0
ENSMMUG00000023698	18
ENSMMUG00000061952	0
ENSMMUG00000004891	19
ENSMMUG00000004750	3
ENSMMUG00000043527	9
ENSMMUG00000021486	31
ENSMMUG00000004755	0
ENSMMUG00000004890	0
ENSMMUG00000006207	60
ENSMMUG00000061605	0
ENSMMUG00000021091	1
ENSMMUG00000012996	0
ENSMMUG00000050728	3
ENSMMUG00000051505	1
ENSMMUG00000012997	3
ENSMMUG00000019039	2
ENSMMUG00000012998	0
ENSMMUG00000038569	0
ENSMMUG00000063796	0
ENSMMUG00000000618	22
ENSMMUG00000012486	10
ENSMMUG00000057946	0
ENSMMUG00000049649	83
ENSMMUG00000061951	1
ENSMMUG00000058140	0
ENSMMUG00000062853	0
ENSMMUG00000054909	0
ENSMMUG00000005666	0
ENSMMUG00000006491	42
ENSMMUG00000041892	0
ENSMMUG00000012489	0
ENSMMUG00000006493	26
ENSMMUG00000008941	4
ENSMMUG00000006211	3
ENSMMUG00000006495	20
ENSMMUG00000020102	0
ENSMMUG00000025515	0
ENSMMUG00000063861	0
ENSMMUG00000060695	0
ENSMMUG00000019842	1
ENSMMUG00000062917	0
ENSMMUG00000051190	0
ENSMMUG00000063180	0
ENSMMUG00000039331	17
ENSMMUG00000053664	0
ENSMMUG00000053744	0
ENSMMUG00000043522	0
ENSMMUG00000063456	0
ENSMMUG00000034248	0
ENSMMUG00000054332	0
ENSMMUG00000006213	0
ENSMMUG00000049300	0
ENSMMUG00000058059	0
ENSMMUG00000032669	0
ENSMMUG00000057500	0
ENSMMUG00000049740	0
ENSMMUG00000007920	56
ENSMMUG00000009384	304
ENSMMUG00000055729	0
ENSMMUG00000060547	0
ENSMMUG00000055819	0
ENSMMUG00000015616	20
ENSMMUG00000023377	17
ENSMMUG00000056717	0
ENSMMUG00000013281	0
ENSMMUG00000009386	0
ENSMMUG00000015617	6
ENSMMUG00000023379	0
ENSMMUG00000051467	0
ENSMMUG00000023375	63
ENSMMUG00000049328	0
ENSMMUG00000050816	0
ENSMMUG00000002102	23
ENSMMUG00000059389	0
ENSMMUG00000020403	5
ENSMMUG00000022515	4
ENSMMUG00000002404	48
ENSMMUG00000015618	2
ENSMMUG00000004005	5
ENSMMUG00000061541	0
ENSMMUG00000057231	0
ENSMMUG00000007923	0
ENSMMUG00000055083	8
ENSMMUG00000032826	0
ENSMMUG00000007918	0
ENSMMUG00000053845	0
ENSMMUG00000019762	0
ENSMMUG00000015622	0
ENSMMUG00000007917	0
ENSMMUG00000015623	0
ENSMMUG00000003349	18
ENSMMUG00000064650	0
ENSMMUG00000004004	0
ENSMMUG00000008605	12
ENSMMUG00000009709	3
ENSMMUG00000064071	0
ENSMMUG00000005222	3
ENSMMUG00000061498	0
ENSMMUG00000012800	247
ENSMMUG00000019760	51
ENSMMUG00000017690	30
ENSMMUG00000023592	0
ENSMMUG00000017113	18
ENSMMUG00000057624	0
ENSMMUG00000038897	3
ENSMMUG00000001492	1
ENSMMUG00000023616	72
ENSMMUG00000001495	0
ENSMMUG00000023619	6
ENSMMUG00000023620	83
ENSMMUG00000053395	0
ENSMMUG00000013436	23
ENSMMUG00000001497	4
ENSMMUG00000058876	0
ENSMMUG00000001533	0
ENSMMUG00000060007	0
ENSMMUG00000050200	0
ENSMMUG00000054386	3
ENSMMUG00000001499	0
ENSMMUG00000006327	16
ENSMMUG00000005869	8
ENSMMUG00000001500	83
ENSMMUG00000014450	6
ENSMMUG00000060823	2
ENSMMUG00000002942	4
ENSMMUG00000052611	0
ENSMMUG00000043282	0
ENSMMUG00000001502	4
ENSMMUG00000003042	17
ENSMMUG00000064684	31
ENSMMUG00000026333	0
ENSMMUG00000001503	0
ENSMMUG00000003657	6
ENSMMUG00000021635	10
ENSMMUG00000001505	0
ENSMMUG00000005900	2
ENSMMUG00000019920	8
ENSMMUG00000001510	0
ENSMMUG00000001142	0
ENSMMUG00000012803	19
ENSMMUG00000063604	8
ENSMMUG00000021409	10
ENSMMUG00000019923	15
ENSMMUG00000061055	0
ENSMMUG00000021636	13
ENSMMUG00000049644	0
ENSMMUG00000020300	0
ENSMMUG00000030213	4
ENSMMUG00000020299	0
ENSMMUG00000020301	0
ENSMMUG00000053239	0
ENSMMUG00000062533	0
ENSMMUG00000020528	0
ENSMMUG00000050719	0
ENSMMUG00000045996	0
ENSMMUG00000055553	0
ENSMMUG00000059675	0
ENSMMUG00000061778	0
ENSMMUG00000038207	0
ENSMMUG00000060042	0
ENSMMUG00000062412	0
ENSMMUG00000063519	0
ENSMMUG00000055904	0
ENSMMUG00000008050	4
ENSMMUG00000020305	0
ENSMMUG00000001116	0
ENSMMUG00000059515	0
ENSMMUG00000019924	57
ENSMMUG00000020531	2
ENSMMUG00000020311	0
ENSMMUG00000063420	0
ENSMMUG00000006332	27
ENSMMUG00000063253	0
ENSMMUG00000052306	0
ENSMMUG00000009069	0
ENSMMUG00000057266	0
ENSMMUG00000045776	0
ENSMMUG00000018344	2
ENSMMUG00000016157	3
ENSMMUG00000065282	0
ENSMMUG00000015195	0
ENSMMUG00000055344	21
ENSMMUG00000056476	0
ENSMMUG00000010752	0
ENSMMUG00000065140	0
ENSMMUG00000062227	0
ENSMMUG00000030401	13
ENSMMUG00000051819	0
ENSMMUG00000061231	0
ENSMMUG00000056758	0
ENSMMUG00000050361	2
ENSMMUG00000050492	0
ENSMMUG00000053284	0
ENSMMUG00000011417	3
ENSMMUG00000040177	2
ENSMMUG00000050236	0
ENSMMUG00000021763	27
ENSMMUG00000006399	0
ENSMMUG00000013499	29
ENSMMUG00000063248	0
ENSMMUG00000017100	0
ENSMMUG00000059437	0
ENSMMUG00000033155	0
ENSMMUG00000054281	0
ENSMMUG00000037310	0
ENSMMUG00000049272	0
ENSMMUG00000023917	0
ENSMMUG00000062542	0
ENSMMUG00000013501	17
ENSMMUG00000002206	6
ENSMMUG00000053675	0
ENSMMUG00000039625	0
ENSMMUG00000051496	0
ENSMMUG00000060467	28
ENSMMUG00000048300	0
ENSMMUG00000052977	0
ENSMMUG00000006402	14
ENSMMUG00000036226	0
ENSMMUG00000018352	103
ENSMMUG00000054378	0
ENSMMUG00000016565	0
ENSMMUG00000002208	0
ENSMMUG00000004794	11
ENSMMUG00000052890	0
ENSMMUG00000013983	30
ENSMMUG00000062362	0
ENSMMUG00000013503	10
ENSMMUG00000040305	0
ENSMMUG00000016566	4
ENSMMUG00000050172	0
ENSMMUG00000060821	1
ENSMMUG00000011425	4
ENSMMUG00000052534	0
ENSMMUG00000020020	6
ENSMMUG00000010754	0
ENSMMUG00000047241	0
ENSMMUG00000039702	0
ENSMMUG00000018353	331
ENSMMUG00000064317	2
ENSMMUG00000057228	0
ENSMMUG00000008130	106
ENSMMUG00000019203	5
ENSMMUG00000013510	36
ENSMMUG00000064315	0
ENSMMUG00000018643	0
ENSMMUG00000017944	9
ENSMMUG00000049452	0
ENSMMUG00000018049	3
ENSMMUG00000049208	0
ENSMMUG00000033076	0
ENSMMUG00000052827	0
ENSMMUG00000018644	0
ENSMMUG00000055380	0
ENSMMUG00000028044	0
ENSMMUG00000009077	3
ENSMMUG00000048626	0
ENSMMUG00000059217	0
ENSMMUG00000012811	28
ENSMMUG00000053216	0
ENSMMUG00000018645	1
ENSMMUG00000023751	47
ENSMMUG00000057920	0
ENSMMUG00000018646	0
ENSMMUG00000041006	4
ENSMMUG00000013511	0
ENSMMUG00000017197	22
ENSMMUG00000059862	0
ENSMMUG00000040413	0
ENSMMUG00000029840	0
ENSMMUG00000007967	2
ENSMMUG00000012659	2
ENSMMUG00000061829	0
ENSMMUG00000013513	0
ENSMMUG00000002353	0
ENSMMUG00000019200	12
ENSMMUG00000018222	4
ENSMMUG00000009895	163
ENSMMUG00000044486	0
ENSMMUG00000008639	4
ENSMMUG00000000750	5
ENSMMUG00000012658	48
ENSMMUG00000005041	0
ENSMMUG00000054196	0
ENSMMUG00000054769	0
ENSMMUG00000040887	0
ENSMMUG00000008637	3
ENSMMUG00000059319	0
ENSMMUG00000008129	5
ENSMMUG00000052098	0
ENSMMUG00000047910	0
ENSMMUG00000051629	0
ENSMMUG00000054450	1
ENSMMUG00000058498	1
ENSMMUG00000046656	5
ENSMMUG00000063406	0
ENSMMUG00000057873	0
ENSMMUG00000002354	12
ENSMMUG00000019378	39
ENSMMUG00000018355	119
ENSMMUG00000051933	0
ENSMMUG00000044689	0
ENSMMUG00000056108	0
ENSMMUG00000054463	0
ENSMMUG00000050821	0
ENSMMUG00000030298	0
ENSMMUG00000035552	0
ENSMMUG00000011038	0
ENSMMUG00000000744	0
ENSMMUG00000059205	0
ENSMMUG00000040390	11
ENSMMUG00000064290	0
ENSMMUG00000003158	0
ENSMMUG00000041485	0
ENSMMUG00000015047	0
ENSMMUG00000056053	0
ENSMMUG00000000751	1
ENSMMUG00000065336	0
ENSMMUG00000055211	0
ENSMMUG00000021765	0
ENSMMUG00000009133	0
ENSMMUG00000018653	2
ENSMMUG00000015049	6
ENSMMUG00000058639	0
ENSMMUG00000002371	63
ENSMMUG00000011407	0
ENSMMUG00000025271	0
ENSMMUG00000026152	0
ENSMMUG00000009027	0
ENSMMUG00000032376	0
ENSMMUG00000054531	0
ENSMMUG00000052524	0
ENSMMUG00000062526	0
ENSMMUG00000058431	0
ENSMMUG00000008543	0
ENSMMUG00000062563	0
ENSMMUG00000005456	1
ENSMMUG00000046572	0
ENSMMUG00000022379	0
ENSMMUG00000049371	0
ENSMMUG00000056787	0
ENSMMUG00000056079	0
ENSMMUG00000064360	0
ENSMMUG00000061824	164
ENSMMUG00000049151	57
ENSMMUG00000011776	0
ENSMMUG00000005170	73
ENSMMUG00000048204	0
ENSMMUG00000005275	0
ENSMMUG00000061160	0
ENSMMUG00000047032	0
ENSMMUG00000064441	0
ENSMMUG00000037615	0
ENSMMUG00000063004	0
ENSMMUG00000029927	0
ENSMMUG00000043865	0
ENSMMUG00000013646	35
ENSMMUG00000007242	0
ENSMMUG00000013048	56
ENSMMUG00000016723	0
ENSMMUG00000027410	0
ENSMMUG00000034509	0
ENSMMUG00000061166	0
ENSMMUG00000008166	0
ENSMMUG00000065117	0
ENSMMUG00000018359	9
ENSMMUG00000057210	0
ENSMMUG00000027249	0
ENSMMUG00000010082	88
ENSMMUG00000001268	29
ENSMMUG00000008423	0
ENSMMUG00000001269	8
ENSMMUG00000016875	14
ENSMMUG00000013533	13
ENSMMUG00000001271	0
ENSMMUG00000037555	13
ENSMMUG00000018148	22
ENSMMUG00000050676	11
ENSMMUG00000050720	7
ENSMMUG00000050097	0
ENSMMUG00000059502	0
ENSMMUG00000013051	8
ENSMMUG00000002373	14
ENSMMUG00000057308	2
ENSMMUG00000005458	0
ENSMMUG00000032815	0
ENSMMUG00000025672	0
ENSMMUG00000019970	0
ENSMMUG00000026295	0
ENSMMUG00000002822	6
ENSMMUG00000054498	18
ENSMMUG00000005550	0
ENSMMUG00000015614	5
ENSMMUG00000060439	8
ENSMMUG00000013054	30
ENSMMUG00000013118	29
ENSMMUG00000061245	13
ENSMMUG00000025886	0
ENSMMUG00000061933	0
ENSMMUG00000055108	6
ENSMMUG00000013378	0
ENSMMUG00000009381	38
ENSMMUG00000013535	0
ENSMMUG00000062650	0
ENSMMUG00000048316	0
ENSMMUG00000002637	70
ENSMMUG00000013117	0
ENSMMUG00000055241	0
ENSMMUG00000023750	12
ENSMMUG00000057884	0
ENSMMUG00000031736	0
ENSMMUG00000063283	0
ENSMMUG00000058723	0
ENSMMUG00000026432	0
ENSMMUG00000046171	5
ENSMMUG00000049849	0
ENSMMUG00000056257	0
ENSMMUG00000006047	3
ENSMMUG00000013116	0
ENSMMUG00000008173	16
ENSMMUG00000040268	12
ENSMMUG00000013115	0
ENSMMUG00000052545	0
ENSMMUG00000058305	0
ENSMMUG00000006048	118
ENSMMUG00000013056	8
ENSMMUG00000008176	13
ENSMMUG00000050744	0
ENSMMUG00000059195	0
ENSMMUG00000018962	32
ENSMMUG00000009377	3
ENSMMUG00000008178	3
ENSMMUG00000063668	9
ENSMMUG00000016774	7
ENSMMUG00000009548	1
ENSMMUG00000017561	92
ENSMMUG00000040816	15
ENSMMUG00000014689	3
ENSMMUG00000013113	0
ENSMMUG00000004184	0
ENSMMUG00000022221	13
ENSMMUG00000064703	0
ENSMMUG00000051944	0
ENSMMUG00000052879	16
ENSMMUG00000016775	10
ENSMMUG00000012818	11
ENSMMUG00000041043	0
ENSMMUG00000060864	0
ENSMMUG00000007004	0
ENSMMUG00000005323	4
ENSMMUG00000005961	2
ENSMMUG00000011009	0
ENSMMUG00000040655	5
ENSMMUG00000005962	0
ENSMMUG00000057414	0
ENSMMUG00000061561	0
ENSMMUG00000002409	141
ENSMMUG00000055633	0
ENSMMUG00000018931	26
ENSMMUG00000062273	6
ENSMMUG00000049948	0
ENSMMUG00000051529	0
ENSMMUG00000012363	20
ENSMMUG00000064603	16
ENSMMUG00000064463	0
ENSMMUG00000058144	0
ENSMMUG00000064154	0
ENSMMUG00000043239	0
ENSMMUG00000059292	0
ENSMMUG00000026982	0
ENSMMUG00000010699	7
ENSMMUG00000002999	69
ENSMMUG00000014172	23
ENSMMUG00000050544	0
ENSMMUG00000027367	0
ENSMMUG00000062704	0
ENSMMUG00000049997	0
ENSMMUG00000002997	0
ENSMMUG00000056602	1
ENSMMUG00000037010	0
ENSMMUG00000057789	0
ENSMMUG00000054931	0
ENSMMUG00000018087	0
ENSMMUG00000054303	0
ENSMMUG00000022356	3
ENSMMUG00000063212	0
ENSMMUG00000002849	11
ENSMMUG00000052187	0
ENSMMUG00000061416	0
ENSMMUG00000012365	29
ENSMMUG00000013586	23
ENSMMUG00000005325	12
ENSMMUG00000001467	138
ENSMMUG00000049403	0
ENSMMUG00000010546	0
ENSMMUG00000020582	59
ENSMMUG00000059199	0
ENSMMUG00000013143	0
ENSMMUG00000002763	0
ENSMMUG00000002850	0
ENSMMUG00000050729	0
ENSMMUG00000002765	110
ENSMMUG00000003981	1
ENSMMUG00000045660	13
ENSMMUG00000001938	3
ENSMMUG00000050062	0
ENSMMUG00000058402	0
ENSMMUG00000013142	0
ENSMMUG00000021753	0
ENSMMUG00000011411	0
ENSMMUG00000002944	0
ENSMMUG00000005327	0
ENSMMUG00000062784	0
ENSMMUG00000046925	0
ENSMMUG00000011413	0
ENSMMUG00000026740	0
ENSMMUG00000050974	0
ENSMMUG00000022228	7
ENSMMUG00000060768	0
ENSMMUG00000039266	0
ENSMMUG00000060512	0
ENSMMUG00000055528	0
ENSMMUG00000016114	63
ENSMMUG00000002376	16
ENSMMUG00000057163	0
ENSMMUG00000058375	0
ENSMMUG00000054111	0
ENSMMUG00000019305	0
ENSMMUG00000010548	5
ENSMMUG00000022229	2
ENSMMUG00000051798	0
ENSMMUG00000010121	27
ENSMMUG00000005455	554
ENSMMUG00000055379	0
ENSMMUG00000055202	0
ENSMMUG00000061668	0
ENSMMUG00000058636	0
ENSMMUG00000053937	0
ENSMMUG00000052622	0
ENSMMUG00000026583	0
ENSMMUG00000063572	0
ENSMMUG00000002324	1
ENSMMUG00000010550	26
ENSMMUG00000060502	0
ENSMMUG00000002377	0
ENSMMUG00000062038	0
ENSMMUG00000051307	0
ENSMMUG00000057722	0
ENSMMUG00000002769	194
ENSMMUG00000056928	0
ENSMMUG00000061335	0
ENSMMUG00000055366	0
ENSMMUG00000049970	0
ENSMMUG00000062894	15
ENSMMUG00000060024	0
ENSMMUG00000052351	8
ENSMMUG00000000140	11
ENSMMUG00000000288	0
ENSMMUG00000009203	0
ENSMMUG00000013587	2
ENSMMUG00000017201	0
ENSMMUG00000029820	54
ENSMMUG00000016118	12
ENSMMUG00000019303	0
ENSMMUG00000055542	0
ENSMMUG00000062400	13
ENSMMUG00000003381	1
ENSMMUG00000033130	0
ENSMMUG00000009782	0
ENSMMUG00000004820	189
ENSMMUG00000057002	0
ENSMMUG00000048710	67
ENSMMUG00000034611	0
ENSMMUG00000064793	0
ENSMMUG00000040452	0
ENSMMUG00000013589	4
ENSMMUG00000047780	16
ENSMMUG00000020974	0
ENSMMUG00000051787	60
ENSMMUG00000014275	15
ENSMMUG00000048926	6
ENSMMUG00000001790	14
ENSMMUG00000025378	0
ENSMMUG00000058490	0
ENSMMUG00000026025	0
ENSMMUG00000062972	44
ENSMMUG00000023161	61
ENSMMUG00000007799	32
ENSMMUG00000003894	12
ENSMMUG00000000713	44
ENSMMUG00000012040	1057
ENSMMUG00000037184	0
ENSMMUG00000046058	0
ENSMMUG00000060594	0
ENSMMUG00000009784	0
ENSMMUG00000051568	0
ENSMMUG00000001466	42
ENSMMUG00000020975	0
ENSMMUG00000061228	0
ENSMMUG00000061057	0
ENSMMUG00000001795	52
ENSMMUG00000057025	0
ENSMMUG00000022230	0
ENSMMUG00000018180	0
ENSMMUG00000007859	6
ENSMMUG00000054585	2863
ENSMMUG00000049812	0
ENSMMUG00000022233	15
ENSMMUG00000009785	0
ENSMMUG00000014427	0
ENSMMUG00000049440	2
ENSMMUG00000062567	12
ENSMMUG00000020061	11
ENSMMUG00000018329	57
ENSMMUG00000014755	68
ENSMMUG00000060858	0
ENSMMUG00000009176	24
ENSMMUG00000054985	0
ENSMMUG00000009786	0
ENSMMUG00000046135	1
ENSMMUG00000054233	0
ENSMMUG00000063189	0
ENSMMUG00000004917	22
ENSMMUG00000000138	0
ENSMMUG00000055658	0
ENSMMUG00000012977	0
ENSMMUG00000054796	8
ENSMMUG00000013737	0
ENSMMUG00000019178	0
ENSMMUG00000061658	15
ENSMMUG00000055778	0
ENSMMUG00000008885	37
ENSMMUG00000057458	0
ENSMMUG00000052991	0
ENSMMUG00000033030	0
ENSMMUG00000013324	48
ENSMMUG00000008087	0
ENSMMUG00000054829	0
ENSMMUG00000014687	11
ENSMMUG00000022225	11
ENSMMUG00000006847	0
ENSMMUG00000050458	0
ENSMMUG00000014756	54
ENSMMUG00000056248	0
ENSMMUG00000063779	0
ENSMMUG00000064864	0
ENSMMUG00000064549	0
ENSMMUG00000052600	0
ENSMMUG00000032818	0
ENSMMUG00000033805	0
ENSMMUG00000060412	0
ENSMMUG00000051453	0
ENSMMUG00000027089	0
ENSMMUG00000008536	35
ENSMMUG00000014123	15
ENSMMUG00000053006	0
ENSMMUG00000063889	0
ENSMMUG00000000289	54
ENSMMUG00000001572	3
ENSMMUG00000059340	0
ENSMMUG00000037742	0
ENSMMUG00000013536	23
ENSMMUG00000057117	0
ENSMMUG00000062178	0
ENSMMUG00000064982	0
ENSMMUG00000039401	1
ENSMMUG00000009175	0
ENSMMUG00000065002	0
ENSMMUG00000008538	51
ENSMMUG00000052500	0
ENSMMUG00000014685	45
ENSMMUG00000010509	38
ENSMMUG00000064781	1
ENSMMUG00000051004	1
ENSMMUG00000054146	0
ENSMMUG00000011341	231
ENSMMUG00000057041	0
ENSMMUG00000006850	0
ENSMMUG00000064052	0
ENSMMUG00000007858	9
ENSMMUG00000004108	0
ENSMMUG00000054272	0
ENSMMUG00000045883	0
ENSMMUG00000008540	7
ENSMMUG00000056917	41
ENSMMUG00000058592	0
ENSMMUG00000002466	0
ENSMMUG00000062241	0
ENSMMUG00000052943	0
ENSMMUG00000007861	0
ENSMMUG00000020462	0
ENSMMUG00000017723	1
ENSMMUG00000016897	22
ENSMMUG00000011924	21
ENSMMUG00000039864	0
ENSMMUG00000030326	2
ENSMMUG00000008091	3
ENSMMUG00000007863	52
ENSMMUG00000005733	0
ENSMMUG00000013540	22
ENSMMUG00000002266	0
ENSMMUG00000064920	0
ENSMMUG00000000153	15
ENSMMUG00000002467	0
ENSMMUG00000008090	22
ENSMMUG00000056437	0
ENSMMUG00000051286	0
ENSMMUG00000055991	6
ENSMMUG00000053311	0
ENSMMUG00000044068	0
ENSMMUG00000002700	5
ENSMMUG00000062363	0
ENSMMUG00000002264	0
ENSMMUG00000001285	0
ENSMMUG00000015999	42
ENSMMUG00000011809	57
ENSMMUG00000060091	0
ENSMMUG00000018587	3
ENSMMUG00000047114	0
ENSMMUG00000044526	0
ENSMMUG00000052455	0
ENSMMUG00000064917	0
ENSMMUG00000065320	0
ENSMMUG00000054099	0
ENSMMUG00000013544	0
ENSMMUG00000062832	0
ENSMMUG00000001286	0
ENSMMUG00000059493	0
ENSMMUG00000009995	0
ENSMMUG00000055312	0
ENSMMUG00000001119	0
ENSMMUG00000052387	61
ENSMMUG00000016001	78
ENSMMUG00000008111	0
ENSMMUG00000011971	1
ENSMMUG00000057011	0
ENSMMUG00000017519	26
ENSMMUG00000008749	2
ENSMMUG00000061173	0
ENSMMUG00000064563	0
ENSMMUG00000053544	0
ENSMMUG00000065269	4
ENSMMUG00000004055	0
ENSMMUG00000065208	0
ENSMMUG00000006761	15
ENSMMUG00000041567	0
ENSMMUG00000062386	0
ENSMMUG00000004122	57
ENSMMUG00000020329	0
ENSMMUG00000060665	0
ENSMMUG00000063050	0
ENSMMUG00000060570	0
ENSMMUG00000056911	6
ENSMMUG00000062152	0
ENSMMUG00000052607	0
ENSMMUG00000053958	0
ENSMMUG00000001942	6
ENSMMUG00000054246	0
ENSMMUG00000032794	0
ENSMMUG00000000157	0
ENSMMUG00000005737	0
ENSMMUG00000014130	9
ENSMMUG00000061044	20
ENSMMUG00000008750	0
ENSMMUG00000021932	10
ENSMMUG00000044834	0
ENSMMUG00000017658	0
ENSMMUG00000008754	0
ENSMMUG00000001329	0
ENSMMUG00000002380	38
ENSMMUG00000053118	0
ENSMMUG00000036463	0
ENSMMUG00000061273	0
ENSMMUG00000019850	0
ENSMMUG00000059830	5
ENSMMUG00000055576	0
ENSMMUG00000059400	0
ENSMMUG00000003448	25
ENSMMUG00000049512	0
ENSMMUG00000025695	0
ENSMMUG00000006401	7
ENSMMUG00000032912	0
ENSMMUG00000060875	0
ENSMMUG00000032751	0
ENSMMUG00000050934	0
ENSMMUG00000006317	0
ENSMMUG00000005738	0
ENSMMUG00000047550	2
ENSMMUG00000055087	0
ENSMMUG00000017518	24
ENSMMUG00000061232	0
ENSMMUG00000019851	0
ENSMMUG00000008756	0
ENSMMUG00000025456	0
ENSMMUG00000006406	0
ENSMMUG00000011973	7
ENSMMUG00000050758	0
ENSMMUG00000002382	7
ENSMMUG00000062497	0
ENSMMUG00000014134	0
ENSMMUG00000006407	7
ENSMMUG00000021938	2
ENSMMUG00000021798	102
ENSMMUG00000030260	0
ENSMMUG00000051704	0
ENSMMUG00000006824	18
ENSMMUG00000008870	2
ENSMMUG00000019221	2
ENSMMUG00000009464	0
ENSMMUG00000005739	23
ENSMMUG00000008603	19
ENSMMUG00000039144	0
ENSMMUG00000004235	13
ENSMMUG00000058937	0
ENSMMUG00000008604	0
ENSMMUG00000054472	0
ENSMMUG00000009463	28
ENSMMUG00000007671	2
ENSMMUG00000053138	0
ENSMMUG00000022194	41
ENSMMUG00000008127	0
ENSMMUG00000019222	7
ENSMMUG00000011975	0
ENSMMUG00000000296	7
ENSMMUG00000041799	31
ENSMMUG00000003437	76
ENSMMUG00000052847	198
ENSMMUG00000051773	0
ENSMMUG00000056064	40
ENSMMUG00000056440	0
ENSMMUG00000022195	8
ENSMMUG00000018752	11
ENSMMUG00000011604	18
ENSMMUG00000062775	2
ENSMMUG00000020226	6
ENSMMUG00000023803	17
ENSMMUG00000060489	0
ENSMMUG00000030060	10
ENSMMUG00000008459	38
ENSMMUG00000052859	0
ENSMMUG00000060324	13
ENSMMUG00000054210	3
ENSMMUG00000059025	0
ENSMMUG00000058233	0
ENSMMUG00000001940	42
ENSMMUG00000025480	1
ENSMMUG00000048847	0
ENSMMUG00000035440	0
ENSMMUG00000063883	0
ENSMMUG00000045695	1
ENSMMUG00000059769	0
ENSMMUG00000001328	6
ENSMMUG00000051601	0
ENSMMUG00000049276	0
ENSMMUG00000059811	0
ENSMMUG00000050368	0
ENSMMUG00000032853	4
ENSMMUG00000024671	0
ENSMMUG00000034112	0
ENSMMUG00000055944	0
ENSMMUG00000026939	0
ENSMMUG00000051096	0
ENSMMUG00000015512	6
ENSMMUG00000057969	0
ENSMMUG00000005744	23
ENSMMUG00000064758	0
ENSMMUG00000063233	0
ENSMMUG00000019224	0
ENSMMUG00000036969	0
ENSMMUG00000036283	0
ENSMMUG00000004129	4
ENSMMUG00000049404	0
ENSMMUG00000051946	14
ENSMMUG00000061359	0
ENSMMUG00000004723	19
ENSMMUG00000003383	1
ENSMMUG00000062423	0
ENSMMUG00000051206	0
ENSMMUG00000011932	12
ENSMMUG00000058961	0
ENSMMUG00000051613	1
ENSMMUG00000064469	0
ENSMMUG00000022004	3
ENSMMUG00000063317	7
ENSMMUG00000009132	16
ENSMMUG00000049524	0
ENSMMUG00000014603	15
ENSMMUG00000052844	110
ENSMMUG00000057985	0
ENSMMUG00000065166	0
ENSMMUG00000055850	0
ENSMMUG00000064664	0
ENSMMUG00000008199	0
ENSMMUG00000009228	4
ENSMMUG00000025489	0
ENSMMUG00000000156	5
ENSMMUG00000054784	5
ENSMMUG00000062546	0
ENSMMUG00000022528	44
ENSMMUG00000061836	0
ENSMMUG00000053298	1
ENSMMUG00000027826	0
ENSMMUG00000022007	1
ENSMMUG00000044760	0
ENSMMUG00000057831	0
ENSMMUG00000065113	2
ENSMMUG00000064094	0
ENSMMUG00000038026	0
ENSMMUG00000003453	3
ENSMMUG00000046240	0
ENSMMUG00000021156	13
ENSMMUG00000049737	0
ENSMMUG00000020524	23
ENSMMUG00000009459	13
ENSMMUG00000062501	6
ENSMMUG00000055351	0
ENSMMUG00000001913	21
ENSMMUG00000051775	0
ENSMMUG00000065287	0
ENSMMUG00000049983	0
ENSMMUG00000056676	0
ENSMMUG00000062455	0
ENSMMUG00000049962	0
ENSMMUG00000061594	0
ENSMMUG00000052786	0
ENSMMUG00000042757	0
ENSMMUG00000057840	13
ENSMMUG00000051084	0
ENSMMUG00000050765	0
ENSMMUG00000058905	0
ENSMMUG00000009129	46
ENSMMUG00000017888	54
ENSMMUG00000015648	6
ENSMMUG00000036873	0
ENSMMUG00000011344	0
ENSMMUG00000053891	0
ENSMMUG00000039588	0
ENSMMUG00000002436	12
ENSMMUG00000024110	0
ENSMMUG00000056514	12
ENSMMUG00000041728	0
ENSMMUG00000037133	0
ENSMMUG00000056095	0
ENSMMUG00000002437	80
ENSMMUG00000060013	0
ENSMMUG00000002069	13
ENSMMUG00000018648	0
ENSMMUG00000053257	0
ENSMMUG00000054593	0
ENSMMUG00000055339	22
ENSMMUG00000003431	0
ENSMMUG00000063294	0
ENSMMUG00000057987	6
ENSMMUG00000054617	0
ENSMMUG00000017890	46
ENSMMUG00000039434	0
ENSMMUG00000051899	0
ENSMMUG00000050606	0
ENSMMUG00000053614	0
ENSMMUG00000053983	0
ENSMMUG00000045030	0
ENSMMUG00000063877	5
ENSMMUG00000058586	0
ENSMMUG00000003390	0
ENSMMUG00000044129	9
ENSMMUG00000042422	0
ENSMMUG00000010465	9
ENSMMUG00000018689	12
ENSMMUG00000015845	1
ENSMMUG00000023405	0
ENSMMUG00000039326	6
ENSMMUG00000002980	3
ENSMMUG00000055531	0
ENSMMUG00000057553	0
ENSMMUG00000026861	0
ENSMMUG00000028541	0
ENSMMUG00000023406	7
ENSMMUG00000034195	0
ENSMMUG00000012178	72
ENSMMUG00000021803	18
ENSMMUG00000021350	28
ENSMMUG00000010083	0
ENSMMUG00000063689	7
ENSMMUG00000051121	0
ENSMMUG00000011443	5
ENSMMUG00000009461	19
ENSMMUG00000051666	0
ENSMMUG00000020810	1
ENSMMUG00000011935	0
ENSMMUG00000018592	6
ENSMMUG00000062095	0
ENSMMUG00000043076	0
ENSMMUG00000012644	48
ENSMMUG00000033117	0
ENSMMUG00000020527	84
ENSMMUG00000063221	0
ENSMMUG00000051342	0
ENSMMUG00000036835	0
ENSMMUG00000056403	0
ENSMMUG00000063673	0
ENSMMUG00000010467	26
ENSMMUG00000010433	57
ENSMMUG00000052653	0
ENSMMUG00000020809	1
ENSMMUG00000001404	0
ENSMMUG00000060975	1
ENSMMUG00000001405	7
ENSMMUG00000005548	9
ENSMMUG00000030279	13
ENSMMUG00000040384	0
ENSMMUG00000042393	0
ENSMMUG00000044623	1
ENSMMUG00000044661	0
ENSMMUG00000002976	11
ENSMMUG00000050677	0
ENSMMUG00000018599	3
ENSMMUG00000010468	15
ENSMMUG00000018608	1
ENSMMUG00000058612	0
ENSMMUG00000061698	0
ENSMMUG00000029768	5
ENSMMUG00000060703	0
ENSMMUG00000051341	0
ENSMMUG00000063147	0
ENSMMUG00000035794	0
ENSMMUG00000060608	23
ENSMMUG00000018256	0
ENSMMUG00000001343	264
ENSMMUG00000018719	0
ENSMMUG00000016371	2
ENSMMUG00000018579	0
ENSMMUG00000006592	11
ENSMMUG00000021863	0
ENSMMUG00000015514	0
ENSMMUG00000063153	2
ENSMMUG00000040105	24
ENSMMUG00000064981	7
ENSMMUG00000010436	0
ENSMMUG00000035482	0
ENSMMUG00000014521	0
ENSMMUG00000006594	10
ENSMMUG00000059473	0
ENSMMUG00000021864	27
ENSMMUG00000011644	2
ENSMMUG00000055299	0
ENSMMUG00000056121	0
ENSMMUG00000021867	0
ENSMMUG00000011647	7
ENSMMUG00000036766	0
ENSMMUG00000011533	0
ENSMMUG00000058406	0
ENSMMUG00000064228	0
ENSMMUG00000006599	1
ENSMMUG00000063312	16
ENSMMUG00000060056	3
ENSMMUG00000059298	0
ENSMMUG00000054461	0
ENSMMUG00000060777	0
ENSMMUG00000036276	0
ENSMMUG00000049976	0
ENSMMUG00000049700	0
ENSMMUG00000060297	0
ENSMMUG00000064077	0
ENSMMUG00000054539	0
ENSMMUG00000061672	0
ENSMMUG00000058157	0
ENSMMUG00000011648	8
ENSMMUG00000052232	0
ENSMMUG00000001051	0
ENSMMUG00000002268	0
ENSMMUG00000054437	0
ENSMMUG00000049888	0
ENSMMUG00000022989	0
ENSMMUG00000022740	15
ENSMMUG00000003533	0
ENSMMUG00000019143	0
ENSMMUG00000034349	0
ENSMMUG00000021324	0
ENSMMUG00000014660	25
ENSMMUG00000022741	0
ENSMMUG00000002269	0
ENSMMUG00000057209	0
ENSMMUG00000024282	0
ENSMMUG00000050054	0
ENSMMUG00000053359	0
ENSMMUG00000025222	0
ENSMMUG00000064423	0
ENSMMUG00000056645	0
ENSMMUG00000062223	0
ENSMMUG00000058230	0
ENSMMUG00000065180	0
ENSMMUG00000057364	0
ENSMMUG00000003534	22
ENSMMUG00000049405	0
ENSMMUG00000019145	77
ENSMMUG00000053459	0
ENSMMUG00000028434	0
ENSMMUG00000041001	15
ENSMMUG00000046195	0
ENSMMUG00000046324	0
ENSMMUG00000036136	0
ENSMMUG00000012071	41
ENSMMUG00000025282	0
ENSMMUG00000010117	1
ENSMMUG00000061141	0
ENSMMUG00000021087	58
ENSMMUG00000051312	49
ENSMMUG00000043771	0
ENSMMUG00000060767	0
ENSMMUG00000050181	0
ENSMMUG00000029833	17
ENSMMUG00000060015	10
ENSMMUG00000040453	0
ENSMMUG00000019146	32
ENSMMUG00000013767	0
ENSMMUG00000030453	4
ENSMMUG00000062963	3
ENSMMUG00000018600	0
ENSMMUG00000029832	22
ENSMMUG00000057164	8
ENSMMUG00000049183	0
ENSMMUG00000024170	0
ENSMMUG00000049546	0
ENSMMUG00000054715	0
ENSMMUG00000059189	0
ENSMMUG00000050178	0
ENSMMUG00000003289	17
ENSMMUG00000013395	0
ENSMMUG00000035448	0
ENSMMUG00000003076	0
ENSMMUG00000018581	0
ENSMMUG00000054455	0
ENSMMUG00000059852	0
ENSMMUG00000032827	0
ENSMMUG00000056647	0
ENSMMUG00000010705	68
ENSMMUG00000059583	0
ENSMMUG00000056081	0
ENSMMUG00000053136	0
ENSMMUG00000055768	0
ENSMMUG00000046429	41
ENSMMUG00000016305	3
ENSMMUG00000026383	0
ENSMMUG00000014633	0
ENSMMUG00000058428	24
ENSMMUG00000021351	11
ENSMMUG00000002975	1
ENSMMUG00000003436	0
ENSMMUG00000036955	0
ENSMMUG00000014053	5
ENSMMUG00000024766	0
ENSMMUG00000036968	0
ENSMMUG00000065213	0
ENSMMUG00000037942	0
ENSMMUG00000051517	0
ENSMMUG00000010588	0
ENSMMUG00000028556	0
ENSMMUG00000040400	0
ENSMMUG00000053761	0
ENSMMUG00000037568	0
ENSMMUG00000056768	1
ENSMMUG00000033887	0
ENSMMUG00000055062	0
ENSMMUG00000054397	0
ENSMMUG00000056700	0
ENSMMUG00000052434	0
ENSMMUG00000021911	3
ENSMMUG00000008237	30
ENSMMUG00000057109	0
ENSMMUG00000040377	0
ENSMMUG00000029767	8
ENSMMUG00000052714	0
ENSMMUG00000051240	0
ENSMMUG00000010014	6
ENSMMUG00000064941	0
ENSMMUG00000057057	0
ENSMMUG00000021096	0
ENSMMUG00000053751	0
ENSMMUG00000005790	57
ENSMMUG00000059382	0
ENSMMUG00000019148	7
ENSMMUG00000005377	33
ENSMMUG00000057907	0
ENSMMUG00000005637	0
ENSMMUG00000065160	0
ENSMMUG00000051424	0
ENSMMUG00000060234	0
ENSMMUG00000058496	0
ENSMMUG00000059488	0
ENSMMUG00000006884	0
ENSMMUG00000018018	28
ENSMMUG00000036844	0
ENSMMUG00000008995	0
ENSMMUG00000035402	0
ENSMMUG00000058041	0
ENSMMUG00000052783	0
ENSMMUG00000058951	0
ENSMMUG00000058522	0
ENSMMUG00000025110	0
ENSMMUG00000037603	0
ENSMMUG00000035596	0
ENSMMUG00000063353	0
ENSMMUG00000054975	0
ENSMMUG00000061478	5
ENSMMUG00000049570	0
ENSMMUG00000008239	12
ENSMMUG00000043126	0
ENSMMUG00000060879	0
ENSMMUG00000058019	7
ENSMMUG00000062209	0
ENSMMUG00000057854	0
ENSMMUG00000057157	0
ENSMMUG00000013194	14
ENSMMUG00000002166	17
ENSMMUG00000017759	0
ENSMMUG00000042216	0
ENSMMUG00000060817	0
ENSMMUG00000063817	9
ENSMMUG00000037436	0
ENSMMUG00000053394	0
ENSMMUG00000045779	0
ENSMMUG00000018021	108
ENSMMUG00000064138	0
ENSMMUG00000003424	0
ENSMMUG00000055122	0
ENSMMUG00000057124	0
ENSMMUG00000005376	33
ENSMMUG00000060098	0
ENSMMUG00000013260	0
ENSMMUG00000054673	0
ENSMMUG00000003421	33
ENSMMUG00000028663	0
ENSMMUG00000061370	0
ENSMMUG00000019151	29
ENSMMUG00000052505	0
ENSMMUG00000017760	0
ENSMMUG00000030090	0
ENSMMUG00000030389	0
ENSMMUG00000020868	0
ENSMMUG00000053331	0
ENSMMUG00000062583	0
ENSMMUG00000055324	0
ENSMMUG00000051625	0
ENSMMUG00000003291	23
ENSMMUG00000012825	0
ENSMMUG00000055051	0
ENSMMUG00000030321	0
ENSMMUG00000062283	3
ENSMMUG00000062176	0
ENSMMUG00000042407	0
ENSMMUG00000037573	0
ENSMMUG00000051420	0
ENSMMUG00000009349	15
ENSMMUG00000055048	0
ENSMMUG00000056174	0
ENSMMUG00000052674	0
ENSMMUG00000045203	0
ENSMMUG00000014195	0
ENSMMUG00000056998	0
ENSMMUG00000017763	11
ENSMMUG00000061097	0
ENSMMUG00000026925	0
ENSMMUG00000035120	0
ENSMMUG00000016397	0
ENSMMUG00000063133	0
ENSMMUG00000026330	0
ENSMMUG00000022684	0
ENSMMUG00000035595	0
ENSMMUG00000005791	0
ENSMMUG00000050358	0
ENSMMUG00000052130	0
ENSMMUG00000060129	0
ENSMMUG00000050422	0
ENSMMUG00000044447	4
ENSMMUG00000062493	0
ENSMMUG00000003414	2
ENSMMUG00000057001	0
ENSMMUG00000020893	32
ENSMMUG00000021975	0
ENSMMUG00000022212	0
ENSMMUG00000049807	0
ENSMMUG00000055131	15
ENSMMUG00000056240	0
ENSMMUG00000057095	0
ENSMMUG00000050005	0
ENSMMUG00000039462	0
ENSMMUG00000058589	3
ENSMMUG00000011058	0
ENSMMUG00000012239	4
ENSMMUG00000003539	15
ENSMMUG00000063156	80
ENSMMUG00000052220	17
ENSMMUG00000049929	0
ENSMMUG00000056969	2
ENSMMUG00000010904	49
ENSMMUG00000005792	0
ENSMMUG00000012240	3
ENSMMUG00000010707	85
ENSMMUG00000018031	24
ENSMMUG00000037732	8
ENSMMUG00000054566	0
ENSMMUG00000057820	0
ENSMMUG00000049537	11
ENSMMUG00000002167	28
ENSMMUG00000035478	0
ENSMMUG00000056697	0
ENSMMUG00000020322	1
ENSMMUG00000003292	25
ENSMMUG00000049898	0
ENSMMUG00000051322	0
ENSMMUG00000062564	0
ENSMMUG00000064762	0
ENSMMUG00000064446	0
ENSMMUG00000055290	5
ENSMMUG00000064072	0
ENSMMUG00000051012	0
ENSMMUG00000062769	0
ENSMMUG00000049376	3
ENSMMUG00000063103	0
ENSMMUG00000051537	0
ENSMMUG00000013263	5
ENSMMUG00000056764	13
ENSMMUG00000058359	0
ENSMMUG00000001266	91
ENSMMUG00000056814	43
ENSMMUG00000056055	0
ENSMMUG00000013313	3
ENSMMUG00000058097	0
ENSMMUG00000006018	5
ENSMMUG00000015883	0
ENSMMUG00000018011	12
ENSMMUG00000004756	30
ENSMMUG00000038311	0
ENSMMUG00000054327	16
ENSMMUG00000005798	0
ENSMMUG00000058142	1
ENSMMUG00000057251	0
ENSMMUG00000034931	0
ENSMMUG00000043543	0
ENSMMUG00000018967	64
ENSMMUG00000056831	10
ENSMMUG00000058158	0
ENSMMUG00000061653	0
ENSMMUG00000054855	0
ENSMMUG00000065236	0
ENSMMUG00000032617	0
ENSMMUG00000005793	0
ENSMMUG00000058847	0
ENSMMUG00000009398	1
ENSMMUG00000023411	0
ENSMMUG00000039682	4
ENSMMUG00000063712	0
ENSMMUG00000022120	107
ENSMMUG00000015120	0
ENSMMUG00000009597	0
ENSMMUG00000034861	0
ENSMMUG00000048948	2
ENSMMUG00000040830	0
ENSMMUG00000002168	0
ENSMMUG00000017256	0
ENSMMUG00000050517	0
ENSMMUG00000023412	74
ENSMMUG00000001110	25
ENSMMUG00000018378	6
ENSMMUG00000000711	0
ENSMMUG00000018970	0
ENSMMUG00000054035	0
ENSMMUG00000021669	19
ENSMMUG00000054521	0
ENSMMUG00000051981	0
ENSMMUG00000003206	0
ENSMMUG00000060397	28
ENSMMUG00000009602	7
ENSMMUG00000023388	3
ENSMMUG00000064618	13
ENSMMUG00000018973	33
ENSMMUG00000059321	0
ENSMMUG00000005352	47
ENSMMUG00000006066	1
ENSMMUG00000023389	1
ENSMMUG00000009715	0
ENSMMUG00000009604	0
ENSMMUG00000056406	0
ENSMMUG00000032863	0
ENSMMUG00000021519	0
ENSMMUG00000062600	0
ENSMMUG00000013411	2
ENSMMUG00000059631	0
ENSMMUG00000009399	0
ENSMMUG00000062334	3
ENSMMUG00000007535	0
ENSMMUG00000051755	0
ENSMMUG00000009713	0
ENSMMUG00000024647	0
ENSMMUG00000026614	0
ENSMMUG00000022273	3
ENSMMUG00000064520	0
ENSMMUG00000016264	33
ENSMMUG00000006068	0
ENSMMUG00000022121	40
ENSMMUG00000017252	0
ENSMMUG00000050192	158
ENSMMUG00000059624	6
ENSMMUG00000058688	49
ENSMMUG00000024555	0
ENSMMUG00000050973	0
ENSMMUG00000014039	0
ENSMMUG00000035823	0
ENSMMUG00000022408	0
ENSMMUG00000064117	0
ENSMMUG00000033551	0
ENSMMUG00000064643	0
ENSMMUG00000001111	8
ENSMMUG00000023391	0
ENSMMUG00000016266	22
ENSMMUG00000065168	0
ENSMMUG00000006804	11
ENSMMUG00000022644	22
ENSMMUG00000022628	3
ENSMMUG00000054003	1
ENSMMUG00000023392	4
ENSMMUG00000017249	25
ENSMMUG00000022123	0
ENSMMUG00000050599	0
ENSMMUG00000023976	0
ENSMMUG00000059576	0
ENSMMUG00000064677	0
ENSMMUG00000058443	0
ENSMMUG00000060368	0
ENSMMUG00000058751	0
ENSMMUG00000021668	0
ENSMMUG00000008556	19
ENSMMUG00000022627	0
ENSMMUG00000022411	8
ENSMMUG00000005355	22
ENSMMUG00000050615	19
ENSMMUG00000011968	0
ENSMMUG00000017242	0
ENSMMUG00000057028	0
ENSMMUG00000049725	0
ENSMMUG00000018089	0
ENSMMUG00000055713	0
ENSMMUG00000054628	3
ENSMMUG00000040733	0
ENSMMUG00000001228	3
ENSMMUG00000027038	0
ENSMMUG00000019662	269
ENSMMUG00000057664	0
ENSMMUG00000058374	0
ENSMMUG00000018984	19
ENSMMUG00000057971	0
ENSMMUG00000018090	0
ENSMMUG00000026904	0
ENSMMUG00000052025	0
ENSMMUG00000049631	0
ENSMMUG00000006806	80
ENSMMUG00000052655	0
ENSMMUG00000017240	2
ENSMMUG00000062104	2
ENSMMUG00000060082	0
ENSMMUG00000021613	3
ENSMMUG00000002958	5
ENSMMUG00000063070	0
ENSMMUG00000022412	1
ENSMMUG00000058155	0
ENSMMUG00000017236	53
ENSMMUG00000009504	59
ENSMMUG00000002959	5
ENSMMUG00000032629	0
ENSMMUG00000054036	0
ENSMMUG00000022414	235
ENSMMUG00000050793	0
ENSMMUG00000018092	37
ENSMMUG00000060280	0
ENSMMUG00000012054	130
ENSMMUG00000009884	0
ENSMMUG00000056072	4
ENSMMUG00000001583	0
ENSMMUG00000063482	10
ENSMMUG00000013412	5
ENSMMUG00000001585	15
ENSMMUG00000062134	0
ENSMMUG00000053287	10
ENSMMUG00000023027	4
ENSMMUG00000020251	1
ENSMMUG00000062602	0
ENSMMUG00000049987	0
ENSMMUG00000017234	18
ENSMMUG00000009886	11
ENSMMUG00000006808	7
ENSMMUG00000051894	0
ENSMMUG00000053611	25
ENSMMUG00000016300	0
ENSMMUG00000009887	0
ENSMMUG00000055866	0
ENSMMUG00000001586	76
ENSMMUG00000056616	0
ENSMMUG00000004708	58
ENSMMUG00000017233	9
ENSMMUG00000009889	54
ENSMMUG00000016867	21
ENSMMUG00000017231	5
ENSMMUG00000023028	0
ENSMMUG00000050575	151
ENSMMUG00000061926	0
ENSMMUG00000012608	44
ENSMMUG00000016796	8
ENSMMUG00000008260	0
ENSMMUG00000008263	0
ENSMMUG00000051655	0
ENSMMUG00000001589	166
ENSMMUG00000047080	0
ENSMMUG00000061636	2
ENSMMUG00000008831	2
ENSMMUG00000061024	3
ENSMMUG00000002132	27
ENSMMUG00000036583	0
ENSMMUG00000060732	0
ENSMMUG00000056244	0
ENSMMUG00000061019	0
ENSMMUG00000045575	0
ENSMMUG00000016797	18
ENSMMUG00000022994	6
ENSMMUG00000005183	0
ENSMMUG00000008833	65
ENSMMUG00000055435	0
ENSMMUG00000061643	0
ENSMMUG00000057632	6
ENSMMUG00000050954	3
ENSMMUG00000002133	5
ENSMMUG00000019180	49
ENSMMUG00000034455	0
ENSMMUG00000062478	0
ENSMMUG00000006086	10
ENSMMUG00000004710	0
ENSMMUG00000001321	65
ENSMMUG00000016751	27
ENSMMUG00000007293	9
ENSMMUG00000054555	0
ENSMMUG00000051815	0
ENSMMUG00000006090	0
ENSMMUG00000002414	5
ENSMMUG00000057472	0
ENSMMUG00000063126	0
ENSMMUG00000006091	19
ENSMMUG00000059568	0
ENSMMUG00000061312	0
ENSMMUG00000051633	0
ENSMMUG00000018010	19
ENSMMUG00000025926	0
ENSMMUG00000058715	0
ENSMMUG00000056133	0
ENSMMUG00000050860	0
ENSMMUG00000016414	0
ENSMMUG00000061270	0
ENSMMUG00000026204	0
ENSMMUG00000046918	0
ENSMMUG00000027582	0
ENSMMUG00000027366	0
ENSMMUG00000032856	0
ENSMMUG00000049617	0
ENSMMUG00000051743	77
ENSMMUG00000046417	1
ENSMMUG00000026059	0
ENSMMUG00000009734	11
ENSMMUG00000030250	6
ENSMMUG00000057277	0
ENSMMUG00000004457	16
ENSMMUG00000054680	0
ENSMMUG00000016417	0
ENSMMUG00000009759	0
ENSMMUG00000016418	3
ENSMMUG00000021407	5
ENSMMUG00000006093	34
ENSMMUG00000061107	0
ENSMMUG00000049610	0
ENSMMUG00000016755	0
ENSMMUG00000020840	19
ENSMMUG00000051851	0
ENSMMUG00000021408	0
ENSMMUG00000042657	2
ENSMMUG00000002776	0
ENSMMUG00000016757	4
ENSMMUG00000051718	0
ENSMMUG00000052884	0
ENSMMUG00000000256	0
ENSMMUG00000009589	24
ENSMMUG00000064405	2722
ENSMMUG00000019184	32
ENSMMUG00000056565	0
ENSMMUG00000000258	13
ENSMMUG00000058566	1
ENSMMUG00000002150	6
ENSMMUG00000009243	150
ENSMMUG00000002149	10
ENSMMUG00000009242	93
ENSMMUG00000009590	17
ENSMMUG00000009949	176
ENSMMUG00000033116	0
ENSMMUG00000028628	0
ENSMMUG00000062399	23
ENSMMUG00000054729	7
ENSMMUG00000012523	2
ENSMMUG00000016616	4
ENSMMUG00000012884	14
ENSMMUG00000021553	0
ENSMMUG00000059988	2
ENSMMUG00000012641	0
ENSMMUG00000012887	3
ENSMMUG00000021554	24
ENSMMUG00000012888	0
ENSMMUG00000029971	6
ENSMMUG00000061456	0
ENSMMUG00000062610	0
ENSMMUG00000012889	19
ENSMMUG00000027530	0
ENSMMUG00000016685	0
ENSMMUG00000021557	0
ENSMMUG00000016761	12
ENSMMUG00000024931	0
ENSMMUG00000062986	0
ENSMMUG00000060309	0
ENSMMUG00000058966	0
ENSMMUG00000009937	0
ENSMMUG00000005080	160
ENSMMUG00000053260	0
ENSMMUG00000040773	1
ENSMMUG00000060763	80
ENSMMUG00000048903	20
ENSMMUG00000060937	4
ENSMMUG00000062263	0
ENSMMUG00000050526	0
ENSMMUG00000016762	26
ENSMMUG00000022857	0
ENSMMUG00000012685	5
ENSMMUG00000009938	191
ENSMMUG00000056322	0
ENSMMUG00000022858	59
ENSMMUG00000012890	20
ENSMMUG00000051869	66
ENSMMUG00000001870	0
ENSMMUG00000016768	22
ENSMMUG00000011094	3
ENSMMUG00000007309	23
ENSMMUG00000056309	5
ENSMMUG00000012893	43
ENSMMUG00000062720	0
ENSMMUG00000058707	0
ENSMMUG00000012895	6
ENSMMUG00000022859	43
ENSMMUG00000002194	52
ENSMMUG00000012898	5
ENSMMUG00000049343	0
ENSMMUG00000002195	56
ENSMMUG00000010887	19
ENSMMUG00000016769	135
ENSMMUG00000016771	23
ENSMMUG00000061285	0
ENSMMUG00000050845	0
ENSMMUG00000009283	0
ENSMMUG00000010892	1
ENSMMUG00000052004	0
ENSMMUG00000009771	30
ENSMMUG00000023706	0
ENSMMUG00000039847	0
ENSMMUG00000012855	19
ENSMMUG00000053829	0
ENSMMUG00000013833	1
ENSMMUG00000012856	1
ENSMMUG00000022968	0
ENSMMUG00000057593	3
ENSMMUG00000007876	57
ENSMMUG00000004872	0
ENSMMUG00000055993	0
ENSMMUG00000055588	0
ENSMMUG00000051462	0
ENSMMUG00000030381	0
ENSMMUG00000063621	0
ENSMMUG00000027805	0
ENSMMUG00000049671	0
ENSMMUG00000057492	0
ENSMMUG00000051001	0
ENSMMUG00000023707	0
ENSMMUG00000018538	25
ENSMMUG00000011358	0
ENSMMUG00000000578	0
ENSMMUG00000018539	0
ENSMMUG00000041327	0
ENSMMUG00000000580	141
ENSMMUG00000061694	0
ENSMMUG00000036288	2
ENSMMUG00000018541	3
ENSMMUG00000055104	2
ENSMMUG00000047925	37
ENSMMUG00000050536	3
ENSMMUG00000015185	9
ENSMMUG00000025102	0
ENSMMUG00000045792	6
ENSMMUG00000017521	21
ENSMMUG00000061439	0
ENSMMUG00000063431	0
ENSMMUG00000041899	0
ENSMMUG00000033446	0
ENSMMUG00000061210	0
ENSMMUG00000062904	0
ENSMMUG00000050006	0
ENSMMUG00000027687	0
ENSMMUG00000059016	0
ENSMMUG00000060431	0
ENSMMUG00000062459	0
ENSMMUG00000064989	0
ENSMMUG00000049438	0
ENSMMUG00000052203	0
ENSMMUG00000061954	0
ENSMMUG00000065006	0
ENSMMUG00000057175	0
ENSMMUG00000049393	0
ENSMMUG00000058508	73
ENSMMUG00000002896	0
ENSMMUG00000023777	0
ENSMMUG00000058235	0
ENSMMUG00000058265	0
ENSMMUG00000058822	0
ENSMMUG00000014213	4
ENSMMUG00000011888	16
ENSMMUG00000054170	0
ENSMMUG00000019500	13
ENSMMUG00000000392	0
ENSMMUG00000015103	0
ENSMMUG00000003108	0
ENSMMUG00000053253	0
ENSMMUG00000063334	0
ENSMMUG00000019498	0
ENSMMUG00000020276	4
ENSMMUG00000053335	0
ENSMMUG00000060536	0
ENSMMUG00000043574	0
ENSMMUG00000047001	0
ENSMMUG00000060870	0
ENSMMUG00000061042	0
ENSMMUG00000020274	104
ENSMMUG00000054493	0
ENSMMUG00000050892	0
ENSMMUG00000063740	0
ENSMMUG00000051011	0
ENSMMUG00000044277	5
ENSMMUG00000021415	11
ENSMMUG00000006900	6
ENSMMUG00000006428	8
ENSMMUG00000055335	0
ENSMMUG00000046237	2
ENSMMUG00000029103	0
ENSMMUG00000011895	17
ENSMMUG00000012439	103
ENSMMUG00000064535	18
ENSMMUG00000061940	11
ENSMMUG00000044693	0
ENSMMUG00000036200	0
ENSMMUG00000055367	0
ENSMMUG00000057398	0
ENSMMUG00000022713	8
ENSMMUG00000022714	11
ENSMMUG00000013967	0
ENSMMUG00000059923	0
ENSMMUG00000049893	0
ENSMMUG00000061289	0
ENSMMUG00000064544	0
ENSMMUG00000058613	0
ENSMMUG00000047806	4
ENSMMUG00000012440	20
ENSMMUG00000055543	0
ENSMMUG00000057601	0
ENSMMUG00000020273	0
ENSMMUG00000008491	25
ENSMMUG00000013877	0
ENSMMUG00000054150	0
ENSMMUG00000050234	0
ENSMMUG00000018849	33
ENSMMUG00000062998	0
ENSMMUG00000050496	1
ENSMMUG00000016310	16
ENSMMUG00000057762	4
ENSMMUG00000061546	14
ENSMMUG00000047388	49
ENSMMUG00000058248	0
ENSMMUG00000049606	0
ENSMMUG00000051976	17
ENSMMUG00000023525	16
ENSMMUG00000018992	0
ENSMMUG00000057879	0
ENSMMUG00000021518	20
ENSMMUG00000058042	0
ENSMMUG00000050360	0
ENSMMUG00000018986	0
ENSMMUG00000064932	0
ENSMMUG00000052068	0
ENSMMUG00000009845	3
ENSMMUG00000000029	0
ENSMMUG00000064294	0
ENSMMUG00000005699	0
ENSMMUG00000034413	0
ENSMMUG00000062291	0
ENSMMUG00000024045	0
ENSMMUG00000059323	0
ENSMMUG00000062862	0
ENSMMUG00000051469	0
ENSMMUG00000018978	0
ENSMMUG00000050057	0
ENSMMUG00000058254	0
ENSMMUG00000061708	2
ENSMMUG00000057975	0
ENSMMUG00000056885	0
ENSMMUG00000028392	0
ENSMMUG00000055895	0
ENSMMUG00000029108	0
ENSMMUG00000043440	36
ENSMMUG00000054426	0
ENSMMUG00000000524	0
ENSMMUG00000053141	0
ENSMMUG00000008264	1
ENSMMUG00000022217	0
ENSMMUG00000057384	0
ENSMMUG00000000032	0
ENSMMUG00000000525	1
ENSMMUG00000059511	0
ENSMMUG00000053126	0
ENSMMUG00000049484	0
ENSMMUG00000057757	0
ENSMMUG00000059883	0
ENSMMUG00000020847	3
ENSMMUG00000061908	0
ENSMMUG00000057032	0
ENSMMUG00000018985	15
ENSMMUG00000019881	0
ENSMMUG00000011268	90
ENSMMUG00000050876	0
ENSMMUG00000042852	0
ENSMMUG00000054874	0
ENSMMUG00000049464	0
ENSMMUG00000054410	16
ENSMMUG00000064246	0
ENSMMUG00000016422	41
ENSMMUG00000021261	12
ENSMMUG00000020521	21
ENSMMUG00000023471	19
ENSMMUG00000035154	0
ENSMMUG00000058571	0
ENSMMUG00000002991	0
ENSMMUG00000050386	0
ENSMMUG00000054212	0
ENSMMUG00000051196	0
ENSMMUG00000064302	0
ENSMMUG00000021102	0
ENSMMUG00000050808	0
ENSMMUG00000043361	0
ENSMMUG00000065197	0
ENSMMUG00000052361	0
ENSMMUG00000061749	15
ENSMMUG00000062229	3
ENSMMUG00000008365	0
ENSMMUG00000050070	0
ENSMMUG00000061168	0
ENSMMUG00000037090	0
ENSMMUG00000065086	0
ENSMMUG00000009683	0
ENSMMUG00000006752	6
ENSMMUG00000062830	0
ENSMMUG00000049345	0
ENSMMUG00000008119	16
ENSMMUG00000008657	16
ENSMMUG00000056868	0
ENSMMUG00000057935	0
ENSMMUG00000051827	0
ENSMMUG00000001944	16
ENSMMUG00000020525	8
ENSMMUG00000020065	3
ENSMMUG00000019826	38
ENSMMUG00000002989	12
ENSMMUG00000020523	60
ENSMMUG00000009684	3
ENSMMUG00000029101	0
ENSMMUG00000063803	0
ENSMMUG00000060060	0
ENSMMUG00000064042	0
ENSMMUG00000040803	51
ENSMMUG00000052084	0
ENSMMUG00000061888	0
ENSMMUG00000023986	0
ENSMMUG00000060863	0
ENSMMUG00000037097	0
ENSMMUG00000000044	2
ENSMMUG00000061963	0
ENSMMUG00000003116	9
ENSMMUG00000010142	0
ENSMMUG00000057819	0
ENSMMUG00000002984	72
ENSMMUG00000017304	3
ENSMMUG00000053828	0
ENSMMUG00000051210	0
ENSMMUG00000016491	0
ENSMMUG00000061634	0
ENSMMUG00000021210	0
ENSMMUG00000054235	0
ENSMMUG00000017608	2
ENSMMUG00000016245	18
ENSMMUG00000062543	5
ENSMMUG00000063872	0
ENSMMUG00000059635	0
ENSMMUG00000042891	1
ENSMMUG00000062754	0
ENSMMUG00000017610	4
ENSMMUG00000063535	67
ENSMMUG00000016726	0
ENSMMUG00000010956	1
ENSMMUG00000052380	0
ENSMMUG00000057743	0
ENSMMUG00000016143	0
ENSMMUG00000038393	0
ENSMMUG00000003118	27
ENSMMUG00000026053	0
ENSMMUG00000050343	0
ENSMMUG00000016727	0
ENSMMUG00000010836	1
ENSMMUG00000060075	0
ENSMMUG00000022037	6
ENSMMUG00000021844	16
ENSMMUG00000021841	3
ENSMMUG00000005913	0
ENSMMUG00000044729	4
ENSMMUG00000059458	0
ENSMMUG00000059545	0
ENSMMUG00000020580	4
ENSMMUG00000062198	5
ENSMMUG00000011587	1
ENSMMUG00000021843	28
ENSMMUG00000051299	0
ENSMMUG00000000978	9
ENSMMUG00000050276	0
ENSMMUG00000060993	0
ENSMMUG00000055358	0
ENSMMUG00000056165	0
ENSMMUG00000010955	0
ENSMMUG00000052031	0
ENSMMUG00000052811	0
ENSMMUG00000064158	0
ENSMMUG00000050432	8
ENSMMUG00000049583	6
ENSMMUG00000060713	1
ENSMMUG00000058907	0
ENSMMUG00000029083	0
ENSMMUG00000033297	0
ENSMMUG00000010919	7
ENSMMUG00000056161	0
ENSMMUG00000019726	0
ENSMMUG00000015758	5
ENSMMUG00000021845	2818
ENSMMUG00000017615	23
ENSMMUG00000022825	2
ENSMMUG00000033025	0
ENSMMUG00000019242	14
ENSMMUG00000021846	10
ENSMMUG00000002629	8
ENSMMUG00000061461	0
ENSMMUG00000020614	12
ENSMMUG00000006499	14
ENSMMUG00000002630	20
ENSMMUG00000003119	14
ENSMMUG00000059063	0
ENSMMUG00000053812	0
ENSMMUG00000056241	12
ENSMMUG00000061049	0
ENSMMUG00000009849	16
ENSMMUG00000000979	6
ENSMMUG00000061818	20
ENSMMUG00000010953	0
ENSMMUG00000049384	0
ENSMMUG00000029071	0
ENSMMUG00000055257	0
ENSMMUG00000017305	0
ENSMMUG00000056326	0
ENSMMUG00000056849	0
ENSMMUG00000017306	0
ENSMMUG00000000566	5
ENSMMUG00000044909	1
ENSMMUG00000062791	0
ENSMMUG00000020056	0
ENSMMUG00000035789	0
ENSMMUG00000001561	3
ENSMMUG00000017496	20
ENSMMUG00000052592	1
ENSMMUG00000059453	0
ENSMMUG00000062623	0
ENSMMUG00000029070	0
ENSMMUG00000013806	0
ENSMMUG00000050902	0
ENSMMUG00000058016	0
ENSMMUG00000007777	16
ENSMMUG00000019868	0
ENSMMUG00000052495	0
ENSMMUG00000037975	107
ENSMMUG00000021847	744
ENSMMUG00000055973	0
ENSMMUG00000036532	0
ENSMMUG00000037239	0
ENSMMUG00000059660	0
ENSMMUG00000063157	0
ENSMMUG00000020053	16
ENSMMUG00000021041	37
ENSMMUG00000063053	0
ENSMMUG00000029159	2
ENSMMUG00000064237	0
ENSMMUG00000056305	0
ENSMMUG00000008364	3
ENSMMUG00000022867	11
ENSMMUG00000054948	2
ENSMMUG00000019869	0
ENSMMUG00000001563	4
ENSMMUG00000058502	0
ENSMMUG00000057026	0
ENSMMUG00000050042	45
ENSMMUG00000001564	6
ENSMMUG00000063076	13
ENSMMUG00000053370	0
ENSMMUG00000053317	0
ENSMMUG00000059156	0
ENSMMUG00000061757	384
ENSMMUG00000057750	0
ENSMMUG00000051105	0
ENSMMUG00000054137	0
ENSMMUG00000057530	0
ENSMMUG00000012207	3
ENSMMUG00000020583	23
ENSMMUG00000020839	10
ENSMMUG00000008784	6
ENSMMUG00000053100	0
ENSMMUG00000014271	2
ENSMMUG00000049042	0
ENSMMUG00000016876	14
ENSMMUG00000002066	2
ENSMMUG00000051692	0
ENSMMUG00000059093	0
ENSMMUG00000018035	10
ENSMMUG00000036656	0
ENSMMUG00000000001	2
ENSMMUG00000061201	0
ENSMMUG00000056388	0
ENSMMUG00000056339	0
ENSMMUG00000062037	8
ENSMMUG00000051684	0
ENSMMUG00000049212	0
ENSMMUG00000058815	2
ENSMMUG00000006133	0
ENSMMUG00000062578	0
ENSMMUG00000014240	18
ENSMMUG00000025960	0
ENSMMUG00000012209	2
ENSMMUG00000006514	9
ENSMMUG00000000680	0
ENSMMUG00000044344	37
ENSMMUG00000018102	15
ENSMMUG00000008134	45
ENSMMUG00000006515	20
ENSMMUG00000063466	0
ENSMMUG00000001389	0
ENSMMUG00000052883	0
ENSMMUG00000055889	0
ENSMMUG00000000002	1
ENSMMUG00000034264	0
ENSMMUG00000019496	17
ENSMMUG00000007559	8
ENSMMUG00000051441	10
ENSMMUG00000020055	0
ENSMMUG00000063344	0
ENSMMUG00000060314	14
ENSMMUG00000050851	0
ENSMMUG00000058174	0
ENSMMUG00000017200	0
ENSMMUG00000060791	0
ENSMMUG00000057563	6
ENSMMUG00000052099	0
ENSMMUG00000036385	0
ENSMMUG00000060850	0
ENSMMUG00000016879	25
ENSMMUG00000055540	0
ENSMMUG00000050693	4
ENSMMUG00000020540	34
ENSMMUG00000061577	0
ENSMMUG00000061548	0
ENSMMUG00000005751	2
ENSMMUG00000019095	33
ENSMMUG00000008568	0
ENSMMUG00000055190	0
ENSMMUG00000017440	0
ENSMMUG00000064095	0
ENSMMUG00000059006	0
ENSMMUG00000059872	0
ENSMMUG00000005906	30
ENSMMUG00000061224	0
ENSMMUG00000008253	0
ENSMMUG00000026289	0
ENSMMUG00000058437	0
ENSMMUG00000001121	14
ENSMMUG00000063027	0
ENSMMUG00000041138	3
ENSMMUG00000039311	0
ENSMMUG00000052851	5
ENSMMUG00000065237	0
ENSMMUG00000057658	7
ENSMMUG00000043421	0
ENSMMUG00000011242	17
ENSMMUG00000046788	0
ENSMMUG00000008569	5
ENSMMUG00000000677	20
ENSMMUG00000011658	0
ENSMMUG00000061028	0
ENSMMUG00000056944	0
ENSMMUG00000035560	0
ENSMMUG00000041036	5
ENSMMUG00000037082	0
ENSMMUG00000004475	296
ENSMMUG00000010393	0
ENSMMUG00000005754	109
ENSMMUG00000051604	0
ENSMMUG00000027952	0
ENSMMUG00000013296	11
ENSMMUG00000011459	58
ENSMMUG00000041867	0
ENSMMUG00000061415	0
ENSMMUG00000050411	0
ENSMMUG00000020268	18
ENSMMUG00000009109	0
ENSMMUG00000060539	10
ENSMMUG00000048906	0
ENSMMUG00000020266	0
ENSMMUG00000005625	11
ENSMMUG00000004478	0
ENSMMUG00000011850	1
ENSMMUG00000019188	0
ENSMMUG00000057052	0
ENSMMUG00000052413	6
ENSMMUG00000057678	0
ENSMMUG00000054292	0
ENSMMUG00000055690	416
ENSMMUG00000009901	1
ENSMMUG00000015942	2
ENSMMUG00000033742	442
ENSMMUG00000051300	3636
ENSMMUG00000052127	38
ENSMMUG00000009473	2
ENSMMUG00000057648	77540
ENSMMUG00000020254	6
ENSMMUG00000063859	13814
ENSMMUG00000049815	0
ENSMMUG00000054358	630
ENSMMUG00000009898	12
ENSMMUG00000062077	0
ENSMMUG00000050939	0
ENSMMUG00000054732	0
ENSMMUG00000036629	0
ENSMMUG00000051226	42
ENSMMUG00000022177	31
ENSMMUG00000000540	0
ENSMMUG00000064851	0
ENSMMUG00000004442	2
ENSMMUG00000020258	16
ENSMMUG00000064050	0
ENSMMUG00000010556	48
ENSMMUG00000059526	0
ENSMMUG00000061463	0
ENSMMUG00000016108	0
ENSMMUG00000037115	0
ENSMMUG00000035826	0
ENSMMUG00000061401	82
ENSMMUG00000050890	0
ENSMMUG00000037718	0
ENSMMUG00000010922	1
ENSMMUG00000018631	0
ENSMMUG00000053059	0
ENSMMUG00000020238	0
ENSMMUG00000049699	22
ENSMMUG00000014618	13
ENSMMUG00000058517	0
ENSMMUG00000050664	0
ENSMMUG00000016183	0
ENSMMUG00000058558	0
ENSMMUG00000063173	0
ENSMMUG00000058480	0
ENSMMUG00000010925	7
ENSMMUG00000013542	0
ENSMMUG00000064119	0
ENSMMUG00000064491	0
ENSMMUG00000059064	0
ENSMMUG00000054080	0
ENSMMUG00000000672	0
ENSMMUG00000022841	37
ENSMMUG00000012407	0
ENSMMUG00000061313	0
ENSMMUG00000029250	9
ENSMMUG00000063878	78
ENSMMUG00000023312	21
ENSMMUG00000060235	0
ENSMMUG00000049822	90
ENSMMUG00000020259	2
ENSMMUG00000053402	0
ENSMMUG00000027550	0
ENSMMUG00000060514	0
ENSMMUG00000058266	0
ENSMMUG00000059800	0
ENSMMUG00000012376	0
ENSMMUG00000048657	23
ENSMMUG00000051251	0
ENSMMUG00000054142	7
ENSMMUG00000060214	0
ENSMMUG00000019632	39
ENSMMUG00000001888	12
ENSMMUG00000041313	0
ENSMMUG00000052116	0
ENSMMUG00000027126	0
ENSMMUG00000045123	29
ENSMMUG00000005756	10
ENSMMUG00000064309	0
ENSMMUG00000063167	0
ENSMMUG00000010366	5
ENSMMUG00000048005	0
ENSMMUG00000046821	6
ENSMMUG00000018858	474
ENSMMUG00000020260	3
ENSMMUG00000053494	12
ENSMMUG00000055178	0
ENSMMUG00000054064	0
ENSMMUG00000051627	0
ENSMMUG00000051282	0
ENSMMUG00000060869	0
ENSMMUG00000016637	76
ENSMMUG00000018961	2
ENSMMUG00000046691	0
ENSMMUG00000023178	22
ENSMMUG00000016717	6
ENSMMUG00000020263	0
ENSMMUG00000056628	0
ENSMMUG00000013560	0
ENSMMUG00000011940	9
ENSMMUG00000009454	6
ENSMMUG00000033017	0
ENSMMUG00000050837	0
ENSMMUG00000054061	0
ENSMMUG00000052589	0
ENSMMUG00000045592	0
ENSMMUG00000065240	0
ENSMMUG00000053589	0
ENSMMUG00000062197	0
ENSMMUG00000054877	10
ENSMMUG00000014621	18
ENSMMUG00000059572	0
ENSMMUG00000059539	13
ENSMMUG00000018111	85
ENSMMUG00000052992	473
ENSMMUG00000003916	0
ENSMMUG00000023891	0
ENSMMUG00000039735	1
ENSMMUG00000036965	0
ENSMMUG00000061767	0
ENSMMUG00000058220	1
ENSMMUG00000021520	0
ENSMMUG00000056899	0
ENSMMUG00000011244	54
ENSMMUG00000057850	0
ENSMMUG00000050648	0
ENSMMUG00000057160	145
ENSMMUG00000059112	0
ENSMMUG00000038005	0
ENSMMUG00000015908	0
ENSMMUG00000015884	51
ENSMMUG00000054300	0
ENSMMUG00000054704	0
ENSMMUG00000022897	44
ENSMMUG00000009688	7
ENSMMUG00000010367	34
ENSMMUG00000058260	0
ENSMMUG00000003857	0
ENSMMUG00000054896	0
ENSMMUG00000004212	0
ENSMMUG00000029122	0
ENSMMUG00000052570	0
ENSMMUG00000059990	0
ENSMMUG00000016716	0
ENSMMUG00000018594	0
ENSMMUG00000053365	12
ENSMMUG00000056771	0
ENSMMUG00000056419	79
ENSMMUG00000061286	1
ENSMMUG00000060835	0
ENSMMUG00000014625	75
ENSMMUG00000011245	38
ENSMMUG00000037756	29
ENSMMUG00000004214	4
ENSMMUG00000013778	6
ENSMMUG00000001514	0
ENSMMUG00000060350	42
ENSMMUG00000036715	0
ENSMMUG00000055901	0
ENSMMUG00000057876	0
ENSMMUG00000064751	0
ENSMMUG00000048077	22
ENSMMUG00000057345	4
ENSMMUG00000058718	0
ENSMMUG00000053338	0
ENSMMUG00000060634	0
ENSMMUG00000018597	10
ENSMMUG00000004971	0
ENSMMUG00000014323	59
ENSMMUG00000052257	0
ENSMMUG00000025991	0
ENSMMUG00000020674	2
ENSMMUG00000005331	5
ENSMMUG00000011942	2
ENSMMUG00000010878	20
ENSMMUG00000013837	0
ENSMMUG00000024783	0
ENSMMUG00000057365	0
ENSMMUG00000006911	8
ENSMMUG00000063610	170
ENSMMUG00000050904	0
ENSMMUG00000052810	0
ENSMMUG00000050367	0
ENSMMUG00000009821	0
ENSMMUG00000016636	9
ENSMMUG00000029079	0
ENSMMUG00000026955	0
ENSMMUG00000062523	0
ENSMMUG00000057522	3
ENSMMUG00000054932	0
ENSMMUG00000061275	0
ENSMMUG00000034773	0
ENSMMUG00000049473	0
ENSMMUG00000041201	0
ENSMMUG00000020878	25
ENSMMUG00000012007	4
ENSMMUG00000058730	0
ENSMMUG00000016635	7
ENSMMUG00000004812	0
ENSMMUG00000061321	113
ENSMMUG00000054637	11
ENSMMUG00000061145	0
ENSMMUG00000011893	9
ENSMMUG00000060298	0
ENSMMUG00000055948	0
ENSMMUG00000000824	1
ENSMMUG00000058737	0
ENSMMUG00000020428	61
ENSMMUG00000018598	3
ENSMMUG00000049708	2
ENSMMUG00000015665	5
ENSMMUG00000016634	0
ENSMMUG00000026254	0
ENSMMUG00000002246	1
ENSMMUG00000009825	8
ENSMMUG00000020880	0
ENSMMUG00000016633	12
ENSMMUG00000000737	40
ENSMMUG00000059033	0
ENSMMUG00000059601	0
ENSMMUG00000062244	0
ENSMMUG00000003288	9
ENSMMUG00000064594	0
ENSMMUG00000014324	0
ENSMMUG00000011894	0
ENSMMUG00000008034	0
ENSMMUG00000027352	0
ENSMMUG00000061291	0
ENSMMUG00000053929	11
ENSMMUG00000052324	0
ENSMMUG00000056930	0
ENSMMUG00000012039	9
ENSMMUG00000020881	58
ENSMMUG00000029105	32
ENSMMUG00000054083	0
ENSMMUG00000064803	0
ENSMMUG00000044474	1
ENSMMUG00000028531	0
ENSMMUG00000058147	0
ENSMMUG00000002018	0
ENSMMUG00000058281	23
ENSMMUG00000017379	31
ENSMMUG00000000738	1
ENSMMUG00000057733	0
ENSMMUG00000053309	0
ENSMMUG00000061995	0
ENSMMUG00000014757	0
ENSMMUG00000002247	24
ENSMMUG00000014326	16
ENSMMUG00000007666	10
ENSMMUG00000050359	0
ENSMMUG00000000739	20
ENSMMUG00000051026	0
ENSMMUG00000054120	7
ENSMMUG00000052120	0
ENSMMUG00000008408	0
ENSMMUG00000056348	0
ENSMMUG00000018255	27
ENSMMUG00000049739	0
ENSMMUG00000056254	0
ENSMMUG00000020592	39
ENSMMUG00000055452	0
ENSMMUG00000061967	0
ENSMMUG00000011795	0
ENSMMUG00000063633	0
ENSMMUG00000028921	0
ENSMMUG00000044307	0
ENSMMUG00000008405	1
ENSMMUG00000007936	14
ENSMMUG00000051854	0
ENSMMUG00000060341	0
ENSMMUG00000062846	0
ENSMMUG00000058510	0
ENSMMUG00000011797	0
ENSMMUG00000055597	0
ENSMMUG00000007937	58
ENSMMUG00000057511	0
ENSMMUG00000017105	30
ENSMMUG00000007667	0
ENSMMUG00000051373	0
ENSMMUG00000008404	0
ENSMMUG00000051335	0
ENSMMUG00000035372	0
ENSMMUG00000010610	6
ENSMMUG00000013329	0
ENSMMUG00000009483	1
ENSMMUG00000008403	0
ENSMMUG00000056561	0
ENSMMUG00000057370	775
ENSMMUG00000009798	20
ENSMMUG00000019189	30
ENSMMUG00000060187	0
ENSMMUG00000008716	0
ENSMMUG00000025257	0
ENSMMUG00000036957	0
ENSMMUG00000025577	0
ENSMMUG00000009484	0
ENSMMUG00000051092	0
ENSMMUG00000040893	0
ENSMMUG00000041596	0
ENSMMUG00000019684	6
ENSMMUG00000064886	0
ENSMMUG00000004717	4
ENSMMUG00000029068	11
ENSMMUG00000029267	48
ENSMMUG00000056653	0
ENSMMUG00000052055	0
ENSMMUG00000051200	0
ENSMMUG00000057470	45
ENSMMUG00000009487	4
ENSMMUG00000017563	52
ENSMMUG00000063509	0
ENSMMUG00000006001	1
ENSMMUG00000062213	0
ENSMMUG00000055251	3
ENSMMUG00000064194	3
ENSMMUG00000009799	8
ENSMMUG00000063968	0
ENSMMUG00000020970	10
ENSMMUG00000057747	0
ENSMMUG00000053231	0
ENSMMUG00000060231	0
ENSMMUG00000051334	0
ENSMMUG00000064131	3
ENSMMUG00000027108	0
ENSMMUG00000041436	0
ENSMMUG00000026888	0
ENSMMUG00000024096	0
ENSMMUG00000045394	0
ENSMMUG00000036994	0
ENSMMUG00000020594	0
ENSMMUG00000062548	9
ENSMMUG00000051323	1
ENSMMUG00000049905	0
ENSMMUG00000015829	3
ENSMMUG00000023843	0
ENSMMUG00000007251	67
ENSMMUG00000013331	0
ENSMMUG00000007943	31
ENSMMUG00000011283	0
ENSMMUG00000015832	8
ENSMMUG00000054262	0
ENSMMUG00000006762	15
ENSMMUG00000000769	153
ENSMMUG00000064961	0
ENSMMUG00000052485	0
ENSMMUG00000013334	0
ENSMMUG00000034689	0
ENSMMUG00000053777	0
ENSMMUG00000050996	4
ENSMMUG00000050033	0
ENSMMUG00000006506	19
ENSMMUG00000061383	0
ENSMMUG00000059278	2
ENSMMUG00000005808	0
ENSMMUG00000017972	7
ENSMMUG00000019900	0
ENSMMUG00000024248	0
ENSMMUG00000007953	0
ENSMMUG00000004718	2
ENSMMUG00000047997	0
ENSMMUG00000054433	29
ENSMMUG00000009805	0
ENSMMUG00000005805	2
ENSMMUG00000006763	30
ENSMMUG00000011001	19
ENSMMUG00000017969	13
ENSMMUG00000053046	0
ENSMMUG00000054538	0
ENSMMUG00000062585	1
ENSMMUG00000003225	29
ENSMMUG00000052399	9
ENSMMUG00000004666	15
ENSMMUG00000052473	0
ENSMMUG00000007960	0
ENSMMUG00000009808	13
ENSMMUG00000017973	7
ENSMMUG00000014311	46
ENSMMUG00000019902	25
ENSMMUG00000006000	16
ENSMMUG00000054054	0
ENSMMUG00000001907	0
ENSMMUG00000037167	24
ENSMMUG00000007254	153
ENSMMUG00000029265	23
ENSMMUG00000047302	3
ENSMMUG00000054564	0
ENSMMUG00000049336	0
ENSMMUG00000014313	1
ENSMMUG00000003339	17
ENSMMUG00000056549	0
ENSMMUG00000061538	0
ENSMMUG00000003230	3
ENSMMUG00000058258	0
ENSMMUG00000008125	5
ENSMMUG00000017945	0
ENSMMUG00000052658	0
ENSMMUG00000041631	0
ENSMMUG00000046052	0
ENSMMUG00000020017	0
ENSMMUG00000064968	0
ENSMMUG00000043912	1
ENSMMUG00000049794	0
ENSMMUG00000002806	3
ENSMMUG00000049327	0
ENSMMUG00000011847	6
ENSMMUG00000062059	0
ENSMMUG00000060100	0
ENSMMUG00000017946	51
ENSMMUG00000018491	0
ENSMMUG00000053202	0
ENSMMUG00000008252	0
ENSMMUG00000025395	0
ENSMMUG00000065136	0
ENSMMUG00000042703	0
ENSMMUG00000007804	9
ENSMMUG00000020350	13
ENSMMUG00000050144	0
ENSMMUG00000038955	5
ENSMMUG00000064765	0
ENSMMUG00000040952	0
ENSMMUG00000064571	0
ENSMMUG00000065089	1
ENSMMUG00000062524	1
ENSMMUG00000052945	0
ENSMMUG00000013082	74
ENSMMUG00000018511	0
ENSMMUG00000001407	9
ENSMMUG00000008254	52
ENSMMUG00000017975	2
ENSMMUG00000003233	52
ENSMMUG00000029125	4
ENSMMUG00000059174	0
ENSMMUG00000034074	0
ENSMMUG00000013088	2
ENSMMUG00000002807	0
ENSMMUG00000009567	18
ENSMMUG00000020421	23
ENSMMUG00000007564	14
ENSMMUG00000013338	10
ENSMMUG00000029176	7
ENSMMUG00000007568	15
ENSMMUG00000013086	4
ENSMMUG00000055591	0
ENSMMUG00000007803	0
ENSMMUG00000065316	0
ENSMMUG00000037727	32
ENSMMUG00000054288	0
ENSMMUG00000013087	1
ENSMMUG00000009569	45
ENSMMUG00000018711	2
ENSMMUG00000046907	0
ENSMMUG00000002808	27
ENSMMUG00000057653	10
ENSMMUG00000003662	0
ENSMMUG00000055198	0
ENSMMUG00000003236	2
ENSMMUG00000007802	0
ENSMMUG00000013492	1
ENSMMUG00000060212	1
ENSMMUG00000055364	0
ENSMMUG00000061015	0
ENSMMUG00000060552	0
ENSMMUG00000058652	0
ENSMMUG00000056137	0
ENSMMUG00000013268	4
ENSMMUG00000013823	97
ENSMMUG00000047071	0
ENSMMUG00000059921	11
ENSMMUG00000049639	2
ENSMMUG00000045936	0
ENSMMUG00000058572	0
ENSMMUG00000005942	11
ENSMMUG00000057957	0
ENSMMUG00000027002	0
ENSMMUG00000052141	0
ENSMMUG00000049436	25
ENSMMUG00000007569	3
ENSMMUG00000058666	0
ENSMMUG00000051620	0
ENSMMUG00000015029	0
ENSMMUG00000012430	16
ENSMMUG00000054811	0
ENSMMUG00000020353	5
ENSMMUG00000058024	0
ENSMMUG00000062653	0
ENSMMUG00000056555	0
ENSMMUG00000013240	10
ENSMMUG00000054992	0
ENSMMUG00000017822	118
ENSMMUG00000064870	0
ENSMMUG00000062230	0
ENSMMUG00000052035	13
ENSMMUG00000049750	1
ENSMMUG00000054438	0
ENSMMUG00000048207	35
ENSMMUG00000063965	0
ENSMMUG00000061898	0
ENSMMUG00000010472	0
ENSMMUG00000061133	0
ENSMMUG00000005520	0
ENSMMUG00000041581	5
ENSMMUG00000062957	0
ENSMMUG00000064299	0
ENSMMUG00000010470	5
ENSMMUG00000026197	0
ENSMMUG00000008924	0
ENSMMUG00000007571	0
ENSMMUG00000062467	0
ENSMMUG00000058116	0
ENSMMUG00000049335	0
ENSMMUG00000054460	0
ENSMMUG00000057565	0
ENSMMUG00000050836	0
ENSMMUG00000045561	0
ENSMMUG00000058956	0
ENSMMUG00000022951	0
ENSMMUG00000018047	6
ENSMMUG00000005139	8
ENSMMUG00000052508	0
ENSMMUG00000053471	8
ENSMMUG00000057178	0
ENSMMUG00000057036	0
ENSMMUG00000051789	0
ENSMMUG00000015570	5
ENSMMUG00000020416	86
ENSMMUG00000057856	0
ENSMMUG00000059578	8
ENSMMUG00000012438	0
ENSMMUG00000011867	0
ENSMMUG00000057621	0
ENSMMUG00000058419	0
ENSMMUG00000045728	34
ENSMMUG00000012860	28
ENSMMUG00000061851	0
ENSMMUG00000063909	5
ENSMMUG00000053124	3
ENSMMUG00000020472	23
ENSMMUG00000058726	7
ENSMMUG00000016031	5
ENSMMUG00000061329	0
ENSMMUG00000002707	4
ENSMMUG00000050027	0
ENSMMUG00000020473	12
ENSMMUG00000005334	2
ENSMMUG00000002708	90
ENSMMUG00000020474	27
ENSMMUG00000055394	0
ENSMMUG00000055118	0
ENSMMUG00000011499	2
ENSMMUG00000062047	0
ENSMMUG00000025438	0
ENSMMUG00000016032	11
ENSMMUG00000052843	0
ENSMMUG00000020372	0
ENSMMUG00000060213	0
ENSMMUG00000062414	0
ENSMMUG00000056573	0
ENSMMUG00000015572	0
ENSMMUG00000057922	0
ENSMMUG00000002201	0
ENSMMUG00000037580	0
ENSMMUG00000007574	3
ENSMMUG00000002709	99
ENSMMUG00000022575	0
ENSMMUG00000017225	0
ENSMMUG00000021866	53
ENSMMUG00000052157	0
ENSMMUG00000058958	0
ENSMMUG00000057170	0
ENSMMUG00000028499	0
ENSMMUG00000055106	0
ENSMMUG00000007494	3
ENSMMUG00000042716	0
ENSMMUG00000020415	31
ENSMMUG00000021868	74
ENSMMUG00000018623	28
ENSMMUG00000053215	0
ENSMMUG00000055853	0
ENSMMUG00000057329	0
ENSMMUG00000002030	21
ENSMMUG00000054425	0
ENSMMUG00000020114	12
ENSMMUG00000038422	0
ENSMMUG00000016411	0
ENSMMUG00000063489	0
ENSMMUG00000063614	0
ENSMMUG00000020475	12
ENSMMUG00000058946	0
ENSMMUG00000050230	0
ENSMMUG00000056132	0
ENSMMUG00000023245	12
ENSMMUG00000006935	0
ENSMMUG00000002033	15
ENSMMUG00000060748	0
ENSMMUG00000008290	3
ENSMMUG00000005914	76
ENSMMUG00000017812	14
ENSMMUG00000029240	9
ENSMMUG00000006938	0
ENSMMUG00000012100	49
ENSMMUG00000020394	11
ENSMMUG00000009002	26
ENSMMUG00000012102	0
ENSMMUG00000049979	0
ENSMMUG00000007397	85
ENSMMUG00000016276	114
ENSMMUG00000020115	32
ENSMMUG00000011980	0
ENSMMUG00000037464	1
ENSMMUG00000009003	0
ENSMMUG00000026409	0
ENSMMUG00000052596	0
ENSMMUG00000024099	0
ENSMMUG00000060962	0
ENSMMUG00000051475	0
ENSMMUG00000053599	12
ENSMMUG00000051703	0
ENSMMUG00000000515	0
ENSMMUG00000060736	1
ENSMMUG00000062854	0
ENSMMUG00000051859	6
ENSMMUG00000065190	0
ENSMMUG00000017161	110
ENSMMUG00000041962	11
ENSMMUG00000016275	9
ENSMMUG00000058748	0
ENSMMUG00000004226	0
ENSMMUG00000015689	4
ENSMMUG00000050173	0
ENSMMUG00000044324	16
ENSMMUG00000003458	46
ENSMMUG00000007400	0
ENSMMUG00000043332	0
ENSMMUG00000033987	0
ENSMMUG00000033587	0
ENSMMUG00000002286	138
ENSMMUG00000004225	0
ENSMMUG00000003171	8
ENSMMUG00000036924	0
ENSMMUG00000016745	0
ENSMMUG00000014349	103
ENSMMUG00000015690	0
ENSMMUG00000006922	15
ENSMMUG00000026636	0
ENSMMUG00000005919	52
ENSMMUG00000015692	0
ENSMMUG00000016746	0
ENSMMUG00000062181	0
ENSMMUG00000054251	17
ENSMMUG00000062869	3
ENSMMUG00000064184	6
ENSMMUG00000026610	0
ENSMMUG00000062973	1
ENSMMUG00000003174	30
ENSMMUG00000016748	1
ENSMMUG00000017920	7
ENSMMUG00000015695	36
ENSMMUG00000050089	0
ENSMMUG00000006878	3
ENSMMUG00000056532	0
ENSMMUG00000057374	0
ENSMMUG00000051397	4
ENSMMUG00000055197	0
ENSMMUG00000027590	0
ENSMMUG00000037027	0
ENSMMUG00000016752	2
ENSMMUG00000017928	99
ENSMMUG00000015696	1
ENSMMUG00000043945	0
ENSMMUG00000053018	0
ENSMMUG00000006880	0
ENSMMUG00000016753	0
ENSMMUG00000024869	0
ENSMMUG00000029064	0
ENSMMUG00000023527	29
ENSMMUG00000014910	0
ENSMMUG00000057904	0
ENSMMUG00000052219	0
ENSMMUG00000016758	3
ENSMMUG00000057594	0
ENSMMUG00000000899	10
ENSMMUG00000016759	0
ENSMMUG00000047100	0
ENSMMUG00000014908	12
ENSMMUG00000057883	7
ENSMMUG00000002503	22
ENSMMUG00000023526	3206
ENSMMUG00000051524	0
ENSMMUG00000062042	0
ENSMMUG00000064659	0
ENSMMUG00000016764	0
ENSMMUG00000052020	0
ENSMMUG00000060501	0
ENSMMUG00000057933	18
ENSMMUG00000022668	9
ENSMMUG00000057476	28
ENSMMUG00000051920	0
ENSMMUG00000061893	0
ENSMMUG00000043703	0
ENSMMUG00000055796	0
ENSMMUG00000002504	4
ENSMMUG00000018287	42
ENSMMUG00000020316	23
ENSMMUG00000002505	2
ENSMMUG00000058046	2
ENSMMUG00000041057	8
ENSMMUG00000059450	0
ENSMMUG00000057839	0
ENSMMUG00000000895	50
ENSMMUG00000022666	0
ENSMMUG00000000896	13
ENSMMUG00000022669	4
ENSMMUG00000003303	32
ENSMMUG00000007052	6
ENSMMUG00000018288	0
ENSMMUG00000010796	0
ENSMMUG00000002506	11
ENSMMUG00000026235	0
ENSMMUG00000015891	0
ENSMMUG00000010800	0
ENSMMUG00000015892	12
ENSMMUG00000029067	22
ENSMMUG00000000897	11
ENSMMUG00000010801	0
ENSMMUG00000003298	35
ENSMMUG00000021653	55
ENSMMUG00000044025	0
ENSMMUG00000060607	0
ENSMMUG00000017725	27
ENSMMUG00000059448	0
ENSMMUG00000050387	0
ENSMMUG00000054015	0
ENSMMUG00000064621	0
ENSMMUG00000000901	0
ENSMMUG00000054245	0
ENSMMUG00000065093	0
ENSMMUG00000009424	0
ENSMMUG00000060959	0
ENSMMUG00000058017	0
ENSMMUG00000061528	0
ENSMMUG00000002257	39
ENSMMUG00000054903	0
ENSMMUG00000055067	0
ENSMMUG00000019451	0
ENSMMUG00000029062	11
ENSMMUG00000054911	0
ENSMMUG00000051064	0
ENSMMUG00000039943	47
ENSMMUG00000052956	0
ENSMMUG00000059879	0
ENSMMUG00000059477	0
ENSMMUG00000017131	15
ENSMMUG00000004926	38
ENSMMUG00000057901	0
ENSMMUG00000059551	0
ENSMMUG00000061138	0
ENSMMUG00000022035	7
ENSMMUG00000049429	0
ENSMMUG00000058264	0
ENSMMUG00000053307	0
ENSMMUG00000005593	8
ENSMMUG00000013872	21
ENSMMUG00000057753	0
ENSMMUG00000053514	0
ENSMMUG00000029059	0
ENSMMUG00000000391	21
ENSMMUG00000023147	25
ENSMMUG00000056601	0
ENSMMUG00000013876	8
ENSMMUG00000045490	0
ENSMMUG00000029263	85
ENSMMUG00000052274	0
ENSMMUG00000000397	14
ENSMMUG00000049329	0
ENSMMUG00000054639	1
ENSMMUG00000059771	132
ENSMMUG00000000398	7
ENSMMUG00000000401	2
ENSMMUG00000061432	7
ENSMMUG00000028257	0
ENSMMUG00000052029	0
ENSMMUG00000058380	0
ENSMMUG00000002843	18
ENSMMUG00000000226	26
ENSMMUG00000026455	0
ENSMMUG00000019223	17
ENSMMUG00000022441	35
ENSMMUG00000019226	11
ENSMMUG00000019232	1
ENSMMUG00000026680	0
ENSMMUG00000008375	6
ENSMMUG00000019233	0
ENSMMUG00000055128	13
ENSMMUG00000008378	6
ENSMMUG00000049274	0
ENSMMUG00000019235	38
ENSMMUG00000008381	0
ENSMMUG00000019236	11
ENSMMUG00000019237	16
ENSMMUG00000019238	54
ENSMMUG00000027278	0
ENSMMUG00000000586	0
ENSMMUG00000000588	15
ENSMMUG00000000589	60
ENSMMUG00000011798	104
ENSMMUG00000000590	7
ENSMMUG00000000700	2
ENSMMUG00000029310	3
ENSMMUG00000057274	0
ENSMMUG00000019566	0
ENSMMUG00000042961	0
ENSMMUG00000000596	8
ENSMMUG00000000707	0
ENSMMUG00000045351	0
ENSMMUG00000058644	102
ENSMMUG00000011370	0
ENSMMUG00000049675	0
ENSMMUG00000022334	0
ENSMMUG00000000599	39
ENSMMUG00000022330	0
ENSMMUG00000000602	9
ENSMMUG00000007331	3
ENSMMUG00000007329	10
ENSMMUG00000000603	1
ENSMMUG00000000604	0
ENSMMUG00000017758	11
ENSMMUG00000029164	0
ENSMMUG00000000605	16
ENSMMUG00000000980	53
ENSMMUG00000000981	9
ENSMMUG00000000982	4
ENSMMUG00000000609	24
ENSMMUG00000000610	11
ENSMMUG00000008522	18
ENSMMUG00000000983	1957
ENSMMUG00000000613	11
ENSMMUG00000060657	0
ENSMMUG00000059051	0
ENSMMUG00000037707	0
ENSMMUG00000027717	0
ENSMMUG00000050341	2
ENSMMUG00000000615	12
ENSMMUG00000060264	0
ENSMMUG00000012245	0
ENSMMUG00000000616	0
ENSMMUG00000029296	4
ENSMMUG00000054952	0
ENSMMUG00000020277	0
ENSMMUG00000038629	12
ENSMMUG00000055090	0
ENSMMUG00000021967	0
ENSMMUG00000021968	1
ENSMMUG00000020275	37
ENSMMUG00000058908	24
ENSMMUG00000013169	0
ENSMMUG00000022010	51
ENSMMUG00000001982	0
ENSMMUG00000049219	142
ENSMMUG00000001984	148
ENSMMUG00000001986	14
ENSMMUG00000050065	0
ENSMMUG00000016906	0
ENSMMUG00000063713	0
ENSMMUG00000011521	1
ENSMMUG00000006453	1
ENSMMUG00000006452	0
ENSMMUG00000006455	4
ENSMMUG00000000835	0
ENSMMUG00000000839	0
ENSMMUG00000032640	0
ENSMMUG00000000842	6
ENSMMUG00000000843	3
ENSMMUG00000053590	0
ENSMMUG00000000846	0
ENSMMUG00000011133	6
ENSMMUG00000051720	0
ENSMMUG00000060782	0
ENSMMUG00000063433	0
ENSMMUG00000058519	0
ENSMMUG00000064812	0
ENSMMUG00000053380	0
ENSMMUG00000054149	0
ENSMMUG00000027738	0
ENSMMUG00000064125	0
ENSMMUG00000047360	0
ENSMMUG00000063854	0
ENSMMUG00000057305	0
ENSMMUG00000061655	0
ENSMMUG00000024229	0
ENSMMUG00000015065	0
ENSMMUG00000051908	0
ENSMMUG00000060374	1
ENSMMUG00000059585	0
ENSMMUG00000004664	3
ENSMMUG00000060481	12
ENSMMUG00000051418	0
ENSMMUG00000051825	0
ENSMMUG00000026051	0
ENSMMUG00000004350	15
ENSMMUG00000056891	10
ENSMMUG00000056542	0
ENSMMUG00000058014	0
ENSMMUG00000025748	0
ENSMMUG00000047614	0
ENSMMUG00000054422	9
ENSMMUG00000004346	0
ENSMMUG00000004343	0
ENSMMUG00000015702	0
ENSMMUG00000020905	0
ENSMMUG00000019054	0
ENSMMUG00000025875	0
ENSMMUG00000038584	8
ENSMMUG00000064858	0
ENSMMUG00000004321	16
ENSMMUG00000018837	3
ENSMMUG00000056345	15
ENSMMUG00000052797	0
ENSMMUG00000013607	13
ENSMMUG00000051268	0
ENSMMUG00000050107	0
ENSMMUG00000026085	0
ENSMMUG00000024851	0
ENSMMUG00000025201	0
ENSMMUG00000001760	2
ENSMMUG00000064267	20
ENSMMUG00000053003	0
ENSMMUG00000058661	0
ENSMMUG00000059470	0
ENSMMUG00000053193	0
ENSMMUG00000060511	0
ENSMMUG00000023299	0
ENSMMUG00000023298	0
ENSMMUG00000061170	0
ENSMMUG00000056276	5
ENSMMUG00000062306	0
ENSMMUG00000038921	0
ENSMMUG00000051028	0
ENSMMUG00000020898	10
ENSMMUG00000050929	13
ENSMMUG00000056477	0
ENSMMUG00000050516	0
ENSMMUG00000053011	0
ENSMMUG00000020595	0
ENSMMUG00000021484	27
ENSMMUG00000054643	0
ENSMMUG00000010417	0
ENSMMUG00000052105	0
ENSMMUG00000060023	0
ENSMMUG00000039504	0
ENSMMUG00000057787	1
ENSMMUG00000060966	0
ENSMMUG00000052088	0
ENSMMUG00000065294	0
ENSMMUG00000020328	2
ENSMMUG00000044944	0
ENSMMUG00000051623	0
ENSMMUG00000058940	0
ENSMMUG00000058184	0
ENSMMUG00000064311	0
ENSMMUG00000010169	3
ENSMMUG00000026312	0
ENSMMUG00000021480	41
ENSMMUG00000061715	0
ENSMMUG00000039437	0
ENSMMUG00000059613	0
ENSMMUG00000015704	0
ENSMMUG00000050826	0
ENSMMUG00000060236	36
ENSMMUG00000059738	0
ENSMMUG00000056490	0
ENSMMUG00000057167	0
ENSMMUG00000007588	54
ENSMMUG00000007816	23
ENSMMUG00000058099	16
ENSMMUG00000011333	19
ENSMMUG00000050569	0
ENSMMUG00000053364	0
ENSMMUG00000058218	0
ENSMMUG00000059758	2
ENSMMUG00000048459	0
ENSMMUG00000060112	0
ENSMMUG00000050745	0
ENSMMUG00000011329	12
ENSMMUG00000024402	0
ENSMMUG00000059289	4
ENSMMUG00000021478	13
ENSMMUG00000061977	3
ENSMMUG00000010999	7
ENSMMUG00000023961	0
ENSMMUG00000015952	0
ENSMMUG00000025311	0
ENSMMUG00000032559	0
ENSMMUG00000050064	0
ENSMMUG00000035605	0
ENSMMUG00000053081	0
ENSMMUG00000015951	0
ENSMMUG00000060119	6
ENSMMUG00000044172	0
ENSMMUG00000059705	0
ENSMMUG00000065288	0
ENSMMUG00000043738	0
ENSMMUG00000048414	7
ENSMMUG00000017408	50
ENSMMUG00000062222	0
ENSMMUG00000056586	2
ENSMMUG00000004498	9
ENSMMUG00000055340	0
ENSMMUG00000042850	0
ENSMMUG00000005125	0
ENSMMUG00000065154	0
ENSMMUG00000063218	14
ENSMMUG00000039419	0
ENSMMUG00000050406	0
ENSMMUG00000063330	0
ENSMMUG00000060775	0
ENSMMUG00000002742	0
ENSMMUG00000014916	17
ENSMMUG00000014915	16
ENSMMUG00000055629	1
ENSMMUG00000060604	0
ENSMMUG00000063290	0
ENSMMUG00000063522	0
ENSMMUG00000008945	18
ENSMMUG00000012715	0
ENSMMUG00000017246	5
ENSMMUG00000008942	9
ENSMMUG00000053435	0
ENSMMUG00000017243	0
ENSMMUG00000011037	0
ENSMMUG00000011473	22
ENSMMUG00000062748	0
ENSMMUG00000049427	0
ENSMMUG00000052560	2
ENSMMUG00000052513	13
ENSMMUG00000051973	0
ENSMMUG00000040366	0
ENSMMUG00000053085	0
ENSMMUG00000058802	0
ENSMMUG00000061645	0
ENSMMUG00000054180	0
ENSMMUG00000063791	0
ENSMMUG00000057078	0
ENSMMUG00000004010	0
ENSMMUG00000064902	16
ENSMMUG00000062609	0
ENSMMUG00000052693	0
ENSMMUG00000051052	0
ENSMMUG00000057475	0
ENSMMUG00000056307	0
ENSMMUG00000003124	0
ENSMMUG00000009669	0
ENSMMUG00000061690	0
ENSMMUG00000063931	0
ENSMMUG00000018275	0
ENSMMUG00000058045	0
ENSMMUG00000040394	0
ENSMMUG00000057018	0
ENSMMUG00000010944	6
ENSMMUG00000037155	0
ENSMMUG00000004997	28
ENSMMUG00000056690	0
ENSMMUG00000003570	34
ENSMMUG00000035253	0
ENSMMUG00000054534	0
ENSMMUG00000064806	0
ENSMMUG00000061735	0
ENSMMUG00000058864	12
ENSMMUG00000033694	0
ENSMMUG00000027539	0
ENSMMUG00000061622	25
ENSMMUG00000058304	0
ENSMMUG00000062182	0
ENSMMUG00000052938	0
ENSMMUG00000058195	0
ENSMMUG00000051690	0
ENSMMUG00000017016	0
ENSMMUG00000057782	0
ENSMMUG00000063787	0
ENSMMUG00000047378	0
ENSMMUG00000036076	0
ENSMMUG00000055510	0
ENSMMUG00000022902	0
ENSMMUG00000055822	19
ENSMMUG00000060128	0
ENSMMUG00000055928	0
ENSMMUG00000064753	0
ENSMMUG00000055594	0
ENSMMUG00000055751	0
ENSMMUG00000063657	0
ENSMMUG00000038452	0
ENSMMUG00000026541	0
ENSMMUG00000043252	0
ENSMMUG00000056355	0
ENSMMUG00000017258	0
ENSMMUG00000057654	0
ENSMMUG00000055194	0
ENSMMUG00000027712	0
ENSMMUG00000057825	0
ENSMMUG00000036816	0
ENSMMUG00000046137	0
ENSMMUG00000003566	29
ENSMMUG00000017728	0
ENSMMUG00000056915	0
ENSMMUG00000035811	0
ENSMMUG00000026933	0
ENSMMUG00000024785	0
ENSMMUG00000045380	0
ENSMMUG00000011408	0
ENSMMUG00000050371	0
ENSMMUG00000025632	0
ENSMMUG00000062466	0
ENSMMUG00000036886	0
ENSMMUG00000059743	0
ENSMMUG00000039984	0
ENSMMUG00000052562	0
ENSMMUG00000004382	9
ENSMMUG00000014553	0
ENSMMUG00000049108	0
ENSMMUG00000032785	0
ENSMMUG00000003562	13
ENSMMUG00000062878	0
ENSMMUG00000000768	48
ENSMMUG00000054558	3
ENSMMUG00000051922	0
ENSMMUG00000054572	1
ENSMMUG00000042864	0
ENSMMUG00000012987	0
ENSMMUG00000045074	0
ENSMMUG00000026338	0
ENSMMUG00000051558	0
ENSMMUG00000013529	0
ENSMMUG00000052277	0
ENSMMUG00000061095	0
ENSMMUG00000062138	0
ENSMMUG00000021095	0
ENSMMUG00000037224	0
ENSMMUG00000054476	0
ENSMMUG00000050494	0
ENSMMUG00000063109	0
ENSMMUG00000052752	0
ENSMMUG00000021094	2
ENSMMUG00000055009	0
ENSMMUG00000051384	0
ENSMMUG00000012001	25
ENSMMUG00000064421	1
ENSMMUG00000036999	0
ENSMMUG00000003974	6
ENSMMUG00000053112	0
ENSMMUG00000010402	0
ENSMMUG00000054635	0
ENSMMUG00000064132	0
ENSMMUG00000059201	0
ENSMMUG00000056890	0
ENSMMUG00000064342	0
ENSMMUG00000022704	0
ENSMMUG00000056469	0
ENSMMUG00000057978	0
ENSMMUG00000051244	0
ENSMMUG00000039238	0
ENSMMUG00000007580	19
ENSMMUG00000049194	0
ENSMMUG00000060421	0
ENSMMUG00000026592	0
ENSMMUG00000006866	0
ENSMMUG00000022703	13
ENSMMUG00000003561	1
ENSMMUG00000026765	0
ENSMMUG00000004032	34
ENSMMUG00000011690	0
ENSMMUG00000006864	24
ENSMMUG00000041950	0
ENSMMUG00000007583	0
ENSMMUG00000011687	0
ENSMMUG00000004054	3
ENSMMUG00000011961	2
ENSMMUG00000007584	0
ENSMMUG00000052064	0
ENSMMUG00000052113	0
ENSMMUG00000051528	0
ENSMMUG00000053061	0
ENSMMUG00000004408	0
ENSMMUG00000041500	0
ENSMMUG00000006863	9
ENSMMUG00000003485	5
ENSMMUG00000056005	2
ENSMMUG00000059625	0
ENSMMUG00000052275	0
ENSMMUG00000021598	0
ENSMMUG00000024308	0
ENSMMUG00000039493	0
ENSMMUG00000063845	0
ENSMMUG00000057387	0
ENSMMUG00000062768	0
ENSMMUG00000059903	0
ENSMMUG00000001245	20
ENSMMUG00000051868	0
ENSMMUG00000036508	0
ENSMMUG00000016681	0
ENSMMUG00000007668	0
ENSMMUG00000004656	3
ENSMMUG00000040524	0
ENSMMUG00000059915	1
ENSMMUG00000055676	0
ENSMMUG00000056234	0
ENSMMUG00000000576	0
ENSMMUG00000063963	0
ENSMMUG00000059703	0
ENSMMUG00000064502	0
ENSMMUG00000061572	0
ENSMMUG00000063067	0
ENSMMUG00000058518	0
ENSMMUG00000035858	0
ENSMMUG00000013356	0
ENSMMUG00000018950	0
ENSMMUG00000065131	0
ENSMMUG00000025822	0
ENSMMUG00000056385	0
ENSMMUG00000024449	0
ENSMMUG00000061695	0
ENSMMUG00000010914	0
ENSMMUG00000050944	0
ENSMMUG00000035822	0
ENSMMUG00000054828	0
ENSMMUG00000049366	0
ENSMMUG00000014235	5
ENSMMUG00000056895	0
ENSMMUG00000006862	16
ENSMMUG00000063743	0
ENSMMUG00000049506	0
ENSMMUG00000023834	0
ENSMMUG00000004660	7
ENSMMUG00000042235	0
ENSMMUG00000037339	0
ENSMMUG00000062113	19
ENSMMUG00000048746	0
ENSMMUG00000018952	0
ENSMMUG00000056512	0
ENSMMUG00000051694	0
ENSMMUG00000059012	0
ENSMMUG00000053604	0
ENSMMUG00000052678	0
ENSMMUG00000010913	0
ENSMMUG00000057400	0
ENSMMUG00000015178	0
ENSMMUG00000049389	0
ENSMMUG00000052482	0
ENSMMUG00000044383	0
ENSMMUG00000010911	1
ENSMMUG00000050113	0
ENSMMUG00000015761	2
ENSMMUG00000065087	0
ENSMMUG00000060254	0
ENSMMUG00000052016	0
ENSMMUG00000022873	2
ENSMMUG00000004662	5
ENSMMUG00000064739	0
ENSMMUG00000039405	0
ENSMMUG00000056222	0
ENSMMUG00000011801	0
ENSMMUG00000053753	0
ENSMMUG00000028514	0
ENSMMUG00000022874	0
ENSMMUG00000005461	0
ENSMMUG00000050079	0
ENSMMUG00000006635	32
ENSMMUG00000050507	0
ENSMMUG00000003136	7
ENSMMUG00000063880	0
ENSMMUG00000016618	0
ENSMMUG00000014934	0
ENSMMUG00000023878	0
ENSMMUG00000061881	0
ENSMMUG00000059274	0
ENSMMUG00000064728	0
ENSMMUG00000016617	2
ENSMMUG00000013999	0
ENSMMUG00000027076	0
ENSMMUG00000060279	0
ENSMMUG00000016615	0
ENSMMUG00000006616	52
ENSMMUG00000053008	0
ENSMMUG00000057464	0
ENSMMUG00000008737	0
ENSMMUG00000049556	18
ENSMMUG00000004663	33
ENSMMUG00000060362	0
ENSMMUG00000033904	0
ENSMMUG00000055208	37
ENSMMUG00000058384	0
ENSMMUG00000004595	9
ENSMMUG00000049523	3
ENSMMUG00000042415	0
ENSMMUG00000059704	0
ENSMMUG00000061773	0
ENSMMUG00000057153	0
ENSMMUG00000016190	11
ENSMMUG00000055969	0
ENSMMUG00000047095	0
ENSMMUG00000012130	0
ENSMMUG00000004045	0
ENSMMUG00000007171	0
ENSMMUG00000004046	0
ENSMMUG00000014182	0
ENSMMUG00000004051	2
ENSMMUG00000021184	6
ENSMMUG00000038788	0
ENSMMUG00000056866	0
ENSMMUG00000050048	0
ENSMMUG00000018066	0
ENSMMUG00000026444	0
ENSMMUG00000057280	0
ENSMMUG00000056762	0
ENSMMUG00000052003	0
ENSMMUG00000018059	12
ENSMMUG00000054260	0
ENSMMUG00000058728	15
ENSMMUG00000004431	0
ENSMMUG00000057022	0
ENSMMUG00000051621	0
ENSMMUG00000050881	0
ENSMMUG00000063709	0
ENSMMUG00000018791	6
ENSMMUG00000023916	0
ENSMMUG00000006578	3
ENSMMUG00000058915	0
ENSMMUG00000057585	0
ENSMMUG00000055836	0
ENSMMUG00000060986	16
ENSMMUG00000038139	0
ENSMMUG00000023652	3
ENSMMUG00000044739	0
ENSMMUG00000064101	0
ENSMMUG00000054179	0
ENSMMUG00000050961	0
ENSMMUG00000055382	0
ENSMMUG00000059194	13
ENSMMUG00000008600	5
ENSMMUG00000053316	0
ENSMMUG00000018784	0
ENSMMUG00000018334	2
ENSMMUG00000062184	0
ENSMMUG00000053421	7
ENSMMUG00000024219	0
ENSMMUG00000054229	0
ENSMMUG00000017546	15
ENSMMUG00000051856	0
ENSMMUG00000064512	0
ENSMMUG00000055624	0
ENSMMUG00000005145	7
ENSMMUG00000064890	0
ENSMMUG00000018785	23
ENSMMUG00000017548	3
ENSMMUG00000042767	0
ENSMMUG00000003127	0
ENSMMUG00000041426	0
ENSMMUG00000022001	16
ENSMMUG00000061996	0
ENSMMUG00000061693	0
ENSMMUG00000018777	3
ENSMMUG00000056750	0
ENSMMUG00000052230	0
ENSMMUG00000054307	0
ENSMMUG00000052840	2
ENSMMUG00000048290	0
ENSMMUG00000004434	24
ENSMMUG00000018782	1
ENSMMUG00000060093	0
ENSMMUG00000022472	0
ENSMMUG00000054108	0
ENSMMUG00000062614	57
ENSMMUG00000059752	0
ENSMMUG00000027111	0
ENSMMUG00000000457	2
ENSMMUG00000017290	0
ENSMMUG00000061543	0
ENSMMUG00000050094	0
ENSMMUG00000057139	0
ENSMMUG00000053606	0
ENSMMUG00000063161	1
ENSMMUG00000060645	0
ENSMMUG00000000719	0
ENSMMUG00000054541	0
ENSMMUG00000061630	14
ENSMMUG00000002210	0
ENSMMUG00000049659	0
ENSMMUG00000009051	48
ENSMMUG00000036450	0
ENSMMUG00000061540	0
ENSMMUG00000020108	0
ENSMMUG00000019892	124
ENSMMUG00000063264	0
ENSMMUG00000063510	0
ENSMMUG00000054988	0
ENSMMUG00000002209	2
ENSMMUG00000009323	0
ENSMMUG00000051333	40
ENSMMUG00000049532	0
ENSMMUG00000063019	0
ENSMMUG00000062080	0
ENSMMUG00000053705	0
ENSMMUG00000056088	1
ENSMMUG00000020530	8
ENSMMUG00000013710	7
ENSMMUG00000017662	7
ENSMMUG00000058779	0
ENSMMUG00000014855	8
ENSMMUG00000052601	0
ENSMMUG00000001613	2
ENSMMUG00000035511	0
ENSMMUG00000052605	0
ENSMMUG00000048128	55
ENSMMUG00000063319	0
ENSMMUG00000019893	36
ENSMMUG00000003302	11
ENSMMUG00000055277	0
ENSMMUG00000001612	9
ENSMMUG00000052993	0
ENSMMUG00000062620	0
ENSMMUG00000032843	0
ENSMMUG00000063593	67
ENSMMUG00000063768	0
ENSMMUG00000019976	11
ENSMMUG00000051135	0
ENSMMUG00000005086	13
ENSMMUG00000032486	0
ENSMMUG00000009050	38
ENSMMUG00000001471	0
ENSMMUG00000009151	30
ENSMMUG00000058483	0
ENSMMUG00000055855	3
ENSMMUG00000057000	2
ENSMMUG00000064830	28
ENSMMUG00000017276	0
ENSMMUG00000054935	0
ENSMMUG00000022596	57
ENSMMUG00000054490	0
ENSMMUG00000002204	1
ENSMMUG00000056922	1
ENSMMUG00000062251	0
ENSMMUG00000054373	0
ENSMMUG00000019974	5
ENSMMUG00000041530	0
ENSMMUG00000062167	0
ENSMMUG00000022568	10
ENSMMUG00000056932	0
ENSMMUG00000050906	0
ENSMMUG00000025528	0
ENSMMUG00000059913	0
ENSMMUG00000058439	1
ENSMMUG00000022005	0
ENSMMUG00000053771	0
ENSMMUG00000014451	0
ENSMMUG00000021792	12
ENSMMUG00000060271	0
ENSMMUG00000051160	0
ENSMMUG00000023218	0
ENSMMUG00000019418	5
ENSMMUG00000016110	0
ENSMMUG00000004328	0
ENSMMUG00000028194	0
ENSMMUG00000012918	0
ENSMMUG00000012916	14
ENSMMUG00000064957	0
ENSMMUG00000046562	0
ENSMMUG00000052620	0
ENSMMUG00000003041	1
ENSMMUG00000042620	2
ENSMMUG00000054452	0
ENSMMUG00000008190	0
ENSMMUG00000057285	0
ENSMMUG00000041998	5
ENSMMUG00000057393	0
ENSMMUG00000028067	0
ENSMMUG00000032891	0
ENSMMUG00000044291	0
ENSMMUG00000061542	0
ENSMMUG00000001713	0
ENSMMUG00000023020	0
ENSMMUG00000012915	3
ENSMMUG00000052487	0
ENSMMUG00000052509	0
ENSMMUG00000055865	0
ENSMMUG00000055350	0
ENSMMUG00000016302	8
ENSMMUG00000025269	0
ENSMMUG00000023019	0
ENSMMUG00000028231	0
ENSMMUG00000058948	0
ENSMMUG00000039208	0
ENSMMUG00000049275	0
ENSMMUG00000012849	1
ENSMMUG00000065065	0
ENSMMUG00000064909	0
ENSMMUG00000052863	0
ENSMMUG00000064548	0
ENSMMUG00000035871	9
ENSMMUG00000059512	1
ENSMMUG00000036316	8
ENSMMUG00000003040	11
ENSMMUG00000049476	0
ENSMMUG00000043150	0
ENSMMUG00000034314	0
ENSMMUG00000059721	0
ENSMMUG00000018006	0
ENSMMUG00000059993	0
ENSMMUG00000063486	0
ENSMMUG00000024894	0
ENSMMUG00000050671	1
ENSMMUG00000047427	0
ENSMMUG00000054301	0
ENSMMUG00000048546	0
ENSMMUG00000048685	0
ENSMMUG00000014506	12
ENSMMUG00000061492	0
ENSMMUG00000049338	0
ENSMMUG00000008669	0
ENSMMUG00000016674	0
ENSMMUG00000036874	0
ENSMMUG00000059417	0
ENSMMUG00000000286	0
ENSMMUG00000058386	0
ENSMMUG00000049423	0
ENSMMUG00000051913	0
ENSMMUG00000054465	0
ENSMMUG00000053419	0
ENSMMUG00000021202	0
ENSMMUG00000051784	0
ENSMMUG00000051305	0
ENSMMUG00000055061	0
ENSMMUG00000055225	0
ENSMMUG00000051261	0
ENSMMUG00000006820	0
ENSMMUG00000002375	2
ENSMMUG00000013070	0
ENSMMUG00000017188	64
ENSMMUG00000013072	6
ENSMMUG00000002381	85
ENSMMUG00000020508	13
ENSMMUG00000013286	0
ENSMMUG00000051440	21
ENSMMUG00000009311	9
ENSMMUG00000017921	162
ENSMMUG00000040302	0
ENSMMUG00000044622	0
ENSMMUG00000017191	0
ENSMMUG00000012459	0
ENSMMUG00000017922	4
ENSMMUG00000059776	5
ENSMMUG00000008729	307
ENSMMUG00000017924	0
ENSMMUG00000005983	6
ENSMMUG00000009387	2
ENSMMUG00000041976	6
ENSMMUG00000002384	0
ENSMMUG00000008730	4
ENSMMUG00000001791	6
ENSMMUG00000048190	0
ENSMMUG00000046629	0
ENSMMUG00000051115	0
ENSMMUG00000054066	4
ENSMMUG00000001792	1
ENSMMUG00000017927	4
ENSMMUG00000003624	31
ENSMMUG00000000775	2
ENSMMUG00000001793	7
ENSMMUG00000063782	2
ENSMMUG00000013289	2
ENSMMUG00000002386	2
ENSMMUG00000042336	0
ENSMMUG00000017930	37
ENSMMUG00000003492	14
ENSMMUG00000059383	0
ENSMMUG00000029834	0
ENSMMUG00000014692	29
ENSMMUG00000047009	0
ENSMMUG00000003622	0
ENSMMUG00000002389	70
ENSMMUG00000014693	19
ENSMMUG00000055413	0
ENSMMUG00000003621	49
ENSMMUG00000063200	0
ENSMMUG00000002392	0
ENSMMUG00000003493	0
ENSMMUG00000017873	1
ENSMMUG00000028772	0
ENSMMUG00000058120	0
ENSMMUG00000017874	7
ENSMMUG00000002394	0
ENSMMUG00000052697	0
ENSMMUG00000055795	0
ENSMMUG00000028738	7
ENSMMUG00000020051	46
ENSMMUG00000002158	6
ENSMMUG00000053624	0
ENSMMUG00000028321	0
ENSMMUG00000065016	0
ENSMMUG00000028743	2
ENSMMUG00000008946	114
ENSMMUG00000062153	0
ENSMMUG00000053621	0
ENSMMUG00000022163	10
ENSMMUG00000022155	0
ENSMMUG00000028771	11
ENSMMUG00000021881	0
ENSMMUG00000022622	21
ENSMMUG00000022156	0
ENSMMUG00000012518	0
ENSMMUG00000059317	0
ENSMMUG00000056296	0
ENSMMUG00000062296	1
ENSMMUG00000022158	68
ENSMMUG00000024741	0
ENSMMUG00000024069	0
ENSMMUG00000056109	0
ENSMMUG00000027989	0
ENSMMUG00000014273	0
ENSMMUG00000060050	18
ENSMMUG00000000833	23
ENSMMUG00000006071	15
ENSMMUG00000022159	7
ENSMMUG00000011332	34
ENSMMUG00000017267	37
ENSMMUG00000038221	39
ENSMMUG00000061568	1
ENSMMUG00000057361	5
ENSMMUG00000047173	0
ENSMMUG00000055971	0
ENSMMUG00000022160	4
ENSMMUG00000011330	3
ENSMMUG00000022973	4
ENSMMUG00000022975	0
ENSMMUG00000022161	0
ENSMMUG00000057454	1
ENSMMUG00000041249	0
ENSMMUG00000020468	2
ENSMMUG00000014709	28
ENSMMUG00000020469	5
ENSMMUG00000029392	0
ENSMMUG00000064152	0
ENSMMUG00000018024	0
ENSMMUG00000052732	2
ENSMMUG00000064048	0
ENSMMUG00000019738	0
ENSMMUG00000055036	2
ENSMMUG00000002897	1526
ENSMMUG00000028791	0
ENSMMUG00000018415	37
ENSMMUG00000009506	14
ENSMMUG00000019749	0
ENSMMUG00000009456	0
ENSMMUG00000003030	0
ENSMMUG00000055893	0
ENSMMUG00000012466	5
ENSMMUG00000064853	0
ENSMMUG00000004019	0
ENSMMUG00000012761	4
ENSMMUG00000003075	22
ENSMMUG00000017051	0
ENSMMUG00000004020	0
ENSMMUG00000011319	18
ENSMMUG00000028737	0
ENSMMUG00000064000	0
ENSMMUG00000056492	0
ENSMMUG00000010079	13
ENSMMUG00000019753	0
ENSMMUG00000043321	0
ENSMMUG00000056124	0
ENSMMUG00000009278	1
ENSMMUG00000059596	0
ENSMMUG00000053332	0
ENSMMUG00000021614	11
ENSMMUG00000042388	0
ENSMMUG00000053177	0
ENSMMUG00000019756	1
ENSMMUG00000052998	0
ENSMMUG00000009277	2
ENSMMUG00000009275	7
ENSMMUG00000003031	0
ENSMMUG00000016996	1
ENSMMUG00000050936	0
ENSMMUG00000027099	0
ENSMMUG00000028569	0
ENSMMUG00000033032	0
ENSMMUG00000028736	6
ENSMMUG00000061022	0
ENSMMUG00000052135	0
ENSMMUG00000008004	2
ENSMMUG00000049980	0
ENSMMUG00000009222	55
ENSMMUG00000061771	36
ENSMMUG00000056681	765
ENSMMUG00000052926	0
ENSMMUG00000049559	0
ENSMMUG00000006072	2
ENSMMUG00000010734	6
ENSMMUG00000021630	15
ENSMMUG00000022625	2
ENSMMUG00000013009	3
ENSMMUG00000055349	0
ENSMMUG00000028767	30
ENSMMUG00000016027	4
ENSMMUG00000049564	7
ENSMMUG00000020685	24
ENSMMUG00000056882	0
ENSMMUG00000009223	63
ENSMMUG00000019758	0
ENSMMUG00000015603	7
ENSMMUG00000005879	10
ENSMMUG00000048854	0
ENSMMUG00000054448	0
ENSMMUG00000051535	0
ENSMMUG00000006429	76
ENSMMUG00000062667	11
ENSMMUG00000003904	56
ENSMMUG00000062586	0
ENSMMUG00000053233	0
ENSMMUG00000064129	0
ENSMMUG00000048091	4
ENSMMUG00000020796	2
ENSMMUG00000061906	0
ENSMMUG00000019699	0
ENSMMUG00000014718	2
ENSMMUG00000003905	0
ENSMMUG00000057526	0
ENSMMUG00000006431	0
ENSMMUG00000064040	0
ENSMMUG00000020797	12
ENSMMUG00000019700	2
ENSMMUG00000003907	15
ENSMMUG00000051879	13
ENSMMUG00000003909	17
ENSMMUG00000014723	5
ENSMMUG00000013053	8
ENSMMUG00000013050	4
ENSMMUG00000003915	44
ENSMMUG00000053150	0
ENSMMUG00000013049	0
ENSMMUG00000051078	0
ENSMMUG00000006151	0
ENSMMUG00000020798	107
ENSMMUG00000063783	0
ENSMMUG00000002308	0
ENSMMUG00000019702	0
ENSMMUG00000002309	0
ENSMMUG00000060638	0
ENSMMUG00000059246	0
ENSMMUG00000027757	0
ENSMMUG00000002310	0
ENSMMUG00000028859	0
ENSMMUG00000019704	2
ENSMMUG00000028766	0
ENSMMUG00000064109	0
ENSMMUG00000039592	0
ENSMMUG00000005880	133
ENSMMUG00000014727	92
ENSMMUG00000062388	0
ENSMMUG00000043026	0
ENSMMUG00000061348	0
ENSMMUG00000057314	0
ENSMMUG00000052449	0
ENSMMUG00000004877	136
ENSMMUG00000054053	0
ENSMMUG00000005883	0
ENSMMUG00000038412	0
ENSMMUG00000005884	4
ENSMMUG00000065009	0
ENSMMUG00000023136	1
ENSMMUG00000000522	12
ENSMMUG00000004227	15
ENSMMUG00000044736	15
ENSMMUG00000052090	0
ENSMMUG00000000520	0
ENSMMUG00000023137	1
ENSMMUG00000000523	14
ENSMMUG00000056233	0
ENSMMUG00000054360	0
ENSMMUG00000014729	0
ENSMMUG00000050344	0
ENSMMUG00000057155	7
ENSMMUG00000012537	14
ENSMMUG00000003712	2
ENSMMUG00000004228	16
ENSMMUG00000000249	38
ENSMMUG00000053411	0
ENSMMUG00000056420	0
ENSMMUG00000051762	0
ENSMMUG00000049187	12
ENSMMUG00000015744	8
ENSMMUG00000000250	40
ENSMMUG00000054090	3
ENSMMUG00000019356	14
ENSMMUG00000041450	4
ENSMMUG00000036325	0
ENSMMUG00000017706	7
ENSMMUG00000038056	1
ENSMMUG00000042841	0
ENSMMUG00000040121	40
ENSMMUG00000017708	12
ENSMMUG00000006440	0
ENSMMUG00000003911	103
ENSMMUG00000025181	0
ENSMMUG00000053907	0
ENSMMUG00000053409	0
ENSMMUG00000001768	0
ENSMMUG00000028785	1
ENSMMUG00000063394	0
ENSMMUG00000013348	20
ENSMMUG00000063302	0
ENSMMUG00000059543	0
ENSMMUG00000056763	0
ENSMMUG00000010125	0
ENSMMUG00000001999	0
ENSMMUG00000057189	0
ENSMMUG00000008313	0
ENSMMUG00000060610	0
ENSMMUG00000060977	0
ENSMMUG00000022024	3
ENSMMUG00000062746	0
ENSMMUG00000054341	0
ENSMMUG00000021986	32
ENSMMUG00000050237	0
ENSMMUG00000001538	45
ENSMMUG00000061035	0
ENSMMUG00000000547	0
ENSMMUG00000056778	0
ENSMMUG00000062766	0
ENSMMUG00000055807	0
ENSMMUG00000022793	0
ENSMMUG00000004813	0
ENSMMUG00000063196	0
ENSMMUG00000015783	24
ENSMMUG00000023640	20
ENSMMUG00000016449	0
ENSMMUG00000015793	0
ENSMMUG00000053272	0
ENSMMUG00000063226	0
ENSMMUG00000056397	0
ENSMMUG00000050893	4
ENSMMUG00000062165	0
ENSMMUG00000038597	0
ENSMMUG00000063643	0
ENSMMUG00000061457	0
ENSMMUG00000052284	0
ENSMMUG00000054342	0
ENSMMUG00000022794	0
ENSMMUG00000051025	0
ENSMMUG00000055900	0
ENSMMUG00000048019	0
ENSMMUG00000049714	0
ENSMMUG00000001197	0
ENSMMUG00000060480	0
ENSMMUG00000049999	0
ENSMMUG00000040968	0
ENSMMUG00000004337	0
ENSMMUG00000015794	0
ENSMMUG00000056329	2
ENSMMUG00000059253	0
ENSMMUG00000056800	0
ENSMMUG00000061612	0
ENSMMUG00000032974	0
ENSMMUG00000040549	0
ENSMMUG00000059147	0
ENSMMUG00000058643	0
ENSMMUG00000049498	0
ENSMMUG00000006857	71
ENSMMUG00000004928	52
ENSMMUG00000025113	0
ENSMMUG00000049799	99
ENSMMUG00000015835	5
ENSMMUG00000004843	51
ENSMMUG00000043883	15
ENSMMUG00000020234	1
ENSMMUG00000014293	534
ENSMMUG00000014214	0
ENSMMUG00000056960	4
ENSMMUG00000004844	2
ENSMMUG00000000107	0
ENSMMUG00000060173	0
ENSMMUG00000033290	0
ENSMMUG00000057552	3
ENSMMUG00000063375	0
ENSMMUG00000047697	0
ENSMMUG00000004430	0
ENSMMUG00000053639	0
ENSMMUG00000022127	0
ENSMMUG00000004283	0
ENSMMUG00000018068	50
ENSMMUG00000014591	28
ENSMMUG00000022128	0
ENSMMUG00000012083	0
ENSMMUG00000053905	0
ENSMMUG00000022129	7
ENSMMUG00000016168	0
ENSMMUG00000013076	4
ENSMMUG00000023272	15
ENSMMUG00000049394	0
ENSMMUG00000052001	0
ENSMMUG00000028777	0
ENSMMUG00000054528	0
ENSMMUG00000011083	0
ENSMMUG00000053159	0
ENSMMUG00000014163	4
ENSMMUG00000052848	0
ENSMMUG00000006472	3
ENSMMUG00000055314	0
ENSMMUG00000014026	9
ENSMMUG00000028776	0
ENSMMUG00000017044	0
ENSMMUG00000060378	12
ENSMMUG00000047412	0
ENSMMUG00000053739	0
ENSMMUG00000011091	0
ENSMMUG00000049456	0
ENSMMUG00000023206	0
ENSMMUG00000058660	0
ENSMMUG00000057037	0
ENSMMUG00000011092	0
ENSMMUG00000058137	0
ENSMMUG00000023207	0
ENSMMUG00000050542	0
ENSMMUG00000053870	0
ENSMMUG00000046400	0
ENSMMUG00000064519	0
ENSMMUG00000062617	0
ENSMMUG00000023643	14
ENSMMUG00000065071	0
ENSMMUG00000054413	1
ENSMMUG00000056370	0
ENSMMUG00000011294	11
ENSMMUG00000001930	0
ENSMMUG00000062463	0
ENSMMUG00000001106	2
ENSMMUG00000002495	0
ENSMMUG00000053094	0
ENSMMUG00000064952	0
ENSMMUG00000046705	0
ENSMMUG00000028734	2
ENSMMUG00000054058	0
ENSMMUG00000050577	0
ENSMMUG00000014816	25
ENSMMUG00000028855	14
ENSMMUG00000003612	0
ENSMMUG00000011291	36
ENSMMUG00000040891	0
ENSMMUG00000028765	3
ENSMMUG00000054147	0
ENSMMUG00000050735	0
ENSMMUG00000000994	19
ENSMMUG00000059158	0
ENSMMUG00000010758	1
ENSMMUG00000007533	19
ENSMMUG00000063571	0
ENSMMUG00000055107	0
ENSMMUG00000014592	0
ENSMMUG00000001436	0
ENSMMUG00000052163	0
ENSMMUG00000053462	0
ENSMMUG00000017645	11
ENSMMUG00000017111	5
ENSMMUG00000006778	1
ENSMMUG00000042157	4
ENSMMUG00000015476	0
ENSMMUG00000052663	0
ENSMMUG00000053070	0
ENSMMUG00000011288	0
ENSMMUG00000020969	0
ENSMMUG00000050258	0
ENSMMUG00000058242	0
ENSMMUG00000062995	0
ENSMMUG00000058275	0
ENSMMUG00000028756	0
ENSMMUG00000015981	0
ENSMMUG00000011287	101
ENSMMUG00000052497	0
ENSMMUG00000005123	0
ENSMMUG00000012705	4
ENSMMUG00000028662	0
ENSMMUG00000028428	0
ENSMMUG00000053528	0
ENSMMUG00000033989	0
ENSMMUG00000026947	0
ENSMMUG00000027047	0
ENSMMUG00000042984	0
ENSMMUG00000057595	0
ENSMMUG00000049359	0
ENSMMUG00000026872	0
ENSMMUG00000048357	0
ENSMMUG00000063480	0
ENSMMUG00000017621	0
ENSMMUG00000062064	0
ENSMMUG00000065143	0
ENSMMUG00000027001	0
ENSMMUG00000017916	72
ENSMMUG00000004845	0
ENSMMUG00000056371	0
ENSMMUG00000026980	0
ENSMMUG00000061822	0
ENSMMUG00000056229	0
ENSMMUG00000054951	0
ENSMMUG00000049716	2
ENSMMUG00000055019	0
ENSMMUG00000058656	0
ENSMMUG00000049316	0
ENSMMUG00000063763	0
ENSMMUG00000059844	0
ENSMMUG00000012677	47
ENSMMUG00000052924	0
ENSMMUG00000008317	0
ENSMMUG00000055539	5
ENSMMUG00000059906	0
ENSMMUG00000038920	0
ENSMMUG00000057222	0
ENSMMUG00000022742	8
ENSMMUG00000062008	0
ENSMMUG00000063967	0
ENSMMUG00000023251	62
ENSMMUG00000014028	1
ENSMMUG00000059832	0
ENSMMUG00000057008	0
ENSMMUG00000013067	1
ENSMMUG00000009608	0
ENSMMUG00000001220	0
ENSMMUG00000061994	0
ENSMMUG00000008320	12
ENSMMUG00000060269	4
ENSMMUG00000011626	96
ENSMMUG00000040263	9
ENSMMUG00000062919	0
ENSMMUG00000036745	0
ENSMMUG00000013068	6
ENSMMUG00000011351	3
ENSMMUG00000048262	0
ENSMMUG00000062390	0
ENSMMUG00000003101	1
ENSMMUG00000014544	8
ENSMMUG00000044353	0
ENSMMUG00000027066	0
ENSMMUG00000049991	0
ENSMMUG00000060676	0
ENSMMUG00000032693	0
ENSMMUG00000056518	0
ENSMMUG00000064371	0
ENSMMUG00000051425	0
ENSMMUG00000039210	0
ENSMMUG00000050782	0
ENSMMUG00000009145	51
ENSMMUG00000057187	0
ENSMMUG00000012277	0
ENSMMUG00000005589	0
ENSMMUG00000064332	0
ENSMMUG00000035263	0
ENSMMUG00000064607	134
ENSMMUG00000063988	0
ENSMMUG00000027030	0
ENSMMUG00000063977	31
ENSMMUG00000007538	8
ENSMMUG00000050654	0
ENSMMUG00000028908	0
ENSMMUG00000050799	0
ENSMMUG00000063251	0
ENSMMUG00000011352	0
ENSMMUG00000056373	0
ENSMMUG00000060902	0
ENSMMUG00000018887	0
ENSMMUG00000058062	0
ENSMMUG00000062377	0
ENSMMUG00000019966	1
ENSMMUG00000061417	0
ENSMMUG00000040142	0
ENSMMUG00000064250	0
ENSMMUG00000049459	0
ENSMMUG00000055691	0
ENSMMUG00000014787	0
ENSMMUG00000060222	0
ENSMMUG00000062200	0
ENSMMUG00000011627	18
ENSMMUG00000062706	0
ENSMMUG00000050817	0
ENSMMUG00000048108	0
ENSMMUG00000008139	55
ENSMMUG00000055813	0
ENSMMUG00000058931	0
ENSMMUG00000052093	0
ENSMMUG00000028750	0
ENSMMUG00000053470	0
ENSMMUG00000048081	0
ENSMMUG00000061476	0
ENSMMUG00000058898	0
ENSMMUG00000056194	0
ENSMMUG00000000654	0
ENSMMUG00000057682	0
ENSMMUG00000060628	0
ENSMMUG00000010247	0
ENSMMUG00000032721	0
ENSMMUG00000002695	0
ENSMMUG00000028907	24
ENSMMUG00000001519	0
ENSMMUG00000039291	0
ENSMMUG00000044817	100
ENSMMUG00000009682	9
ENSMMUG00000032939	0
ENSMMUG00000002694	2
ENSMMUG00000058053	0
ENSMMUG00000012013	0
ENSMMUG00000014789	3
ENSMMUG00000003036	7
ENSMMUG00000062349	0
ENSMMUG00000054473	38
ENSMMUG00000064653	0
ENSMMUG00000061777	0
ENSMMUG00000051257	0
ENSMMUG00000050267	0
ENSMMUG00000012787	0
ENSMMUG00000053873	0
ENSMMUG00000062627	0
ENSMMUG00000042264	0
ENSMMUG00000058405	0
ENSMMUG00000008143	20
ENSMMUG00000007265	100
ENSMMUG00000050456	0
ENSMMUG00000055187	16
ENSMMUG00000059128	0
ENSMMUG00000064146	0
ENSMMUG00000059910	0
ENSMMUG00000018884	0
ENSMMUG00000054052	2
ENSMMUG00000008142	7
ENSMMUG00000051220	0
ENSMMUG00000019064	2
ENSMMUG00000056583	0
ENSMMUG00000047533	0
ENSMMUG00000033584	0
ENSMMUG00000014791	17
ENSMMUG00000006385	0
ENSMMUG00000061010	0
ENSMMUG00000050451	0
ENSMMUG00000009685	0
ENSMMUG00000018883	0
ENSMMUG00000036457	0
ENSMMUG00000013140	33
ENSMMUG00000062124	0
ENSMMUG00000014794	0
ENSMMUG00000052720	0
ENSMMUG00000056948	0
ENSMMUG00000049451	0
ENSMMUG00000008417	3
ENSMMUG00000062347	0
ENSMMUG00000058727	9
ENSMMUG00000002278	2
ENSMMUG00000064979	4
ENSMMUG00000010837	13
ENSMMUG00000054688	0
ENSMMUG00000060263	0
ENSMMUG00000050177	0
ENSMMUG00000059028	0
ENSMMUG00000025968	0
ENSMMUG00000007268	13
ENSMMUG00000060455	0
ENSMMUG00000000837	22
ENSMMUG00000014795	0
ENSMMUG00000043832	0
ENSMMUG00000064278	0
ENSMMUG00000028852	0
ENSMMUG00000064936	0
ENSMMUG00000021062	1
ENSMMUG00000015532	0
ENSMMUG00000007392	0
ENSMMUG00000055683	0
ENSMMUG00000012958	63
ENSMMUG00000058621	2
ENSMMUG00000061661	5
ENSMMUG00000014346	14
ENSMMUG00000002638	276
ENSMMUG00000011962	48
ENSMMUG00000003273	18
ENSMMUG00000010838	0
ENSMMUG00000000841	11
ENSMMUG00000028906	5
ENSMMUG00000003568	0
ENSMMUG00000039774	0
ENSMMUG00000017061	6
ENSMMUG00000051234	0
ENSMMUG00000012959	16
ENSMMUG00000012280	0
ENSMMUG00000057169	0
ENSMMUG00000056327	0
ENSMMUG00000062009	0
ENSMMUG00000017424	0
ENSMMUG00000057378	0
ENSMMUG00000058669	6
ENSMMUG00000017065	0
ENSMMUG00000021154	0
ENSMMUG00000054323	0
ENSMMUG00000048135	2
ENSMMUG00000043400	34
ENSMMUG00000051134	0
ENSMMUG00000061074	0
ENSMMUG00000011373	333
ENSMMUG00000051361	0
ENSMMUG00000050035	0
ENSMMUG00000057093	29
ENSMMUG00000042375	0
ENSMMUG00000008324	0
ENSMMUG00000000845	13
ENSMMUG00000018760	0
ENSMMUG00000063890	0
ENSMMUG00000014797	0
ENSMMUG00000021690	26
ENSMMUG00000042837	19
ENSMMUG00000001427	205
ENSMMUG00000046698	0
ENSMMUG00000013577	87
ENSMMUG00000010996	0
ENSMMUG00000005694	0
ENSMMUG00000061126	0
ENSMMUG00000064570	0
ENSMMUG00000008326	23
ENSMMUG00000014800	0
ENSMMUG00000059695	0
ENSMMUG00000044157	5
ENSMMUG00000053026	0
ENSMMUG00000064049	0
ENSMMUG00000059588	0
ENSMMUG00000022116	19
ENSMMUG00000050294	0
ENSMMUG00000020668	0
ENSMMUG00000019264	2
ENSMMUG00000058896	0
ENSMMUG00000005695	1
ENSMMUG00000010866	0
ENSMMUG00000028844	0
ENSMMUG00000018966	10
ENSMMUG00000051928	0
ENSMMUG00000065349	0
ENSMMUG00000058926	4
ENSMMUG00000055755	1
ENSMMUG00000062590	0
ENSMMUG00000005860	0
ENSMMUG00000014301	24
ENSMMUG00000064477	0
ENSMMUG00000013746	1
ENSMMUG00000019265	0
ENSMMUG00000021989	0
ENSMMUG00000024262	0
ENSMMUG00000063040	0
ENSMMUG00000014345	16
ENSMMUG00000028843	0
ENSMMUG00000007485	2
ENSMMUG00000052014	76
ENSMMUG00000062373	22
ENSMMUG00000051054	0
ENSMMUG00000054604	0
ENSMMUG00000015306	14
ENSMMUG00000052782	0
ENSMMUG00000028833	7
ENSMMUG00000054238	0
ENSMMUG00000004467	10
ENSMMUG00000014347	19
ENSMMUG00000009334	12
ENSMMUG00000063366	0
ENSMMUG00000061494	3
ENSMMUG00000014348	3
ENSMMUG00000058841	0
ENSMMUG00000021395	22
ENSMMUG00000001426	3
ENSMMUG00000018503	0
ENSMMUG00000022117	15
ENSMMUG00000060262	0
ENSMMUG00000023802	54
ENSMMUG00000038308	23
ENSMMUG00000055885	0
ENSMMUG00000014303	16
ENSMMUG00000061017	0
ENSMMUG00000048942	9
ENSMMUG00000052299	9
ENSMMUG00000060189	0
ENSMMUG00000007398	0
ENSMMUG00000008458	3
ENSMMUG00000015303	31
ENSMMUG00000054055	0
ENSMMUG00000053188	0
ENSMMUG00000064388	0
ENSMMUG00000013402	7
ENSMMUG00000013422	0
ENSMMUG00000018441	8
ENSMMUG00000013538	0
ENSMMUG00000063118	0
ENSMMUG00000052133	19
ENSMMUG00000023717	11
ENSMMUG00000039178	0
ENSMMUG00000053170	0
ENSMMUG00000055771	0
ENSMMUG00000002912	2
ENSMMUG00000005552	71
ENSMMUG00000063565	0
ENSMMUG00000064661	0
ENSMMUG00000055237	5
ENSMMUG00000014305	70
ENSMMUG00000051892	3
ENSMMUG00000054759	0
ENSMMUG00000023418	143
ENSMMUG00000058856	0
ENSMMUG00000020452	0
ENSMMUG00000010840	3
ENSMMUG00000018504	32
ENSMMUG00000055440	0
ENSMMUG00000015301	146
ENSMMUG00000048803	0
ENSMMUG00000059229	0
ENSMMUG00000002913	28
ENSMMUG00000063425	0
ENSMMUG00000057890	5
ENSMMUG00000028749	0
ENSMMUG00000062422	0
ENSMMUG00000007551	233
ENSMMUG00000018103	0
ENSMMUG00000063297	0
ENSMMUG00000007875	3
ENSMMUG00000002471	0
ENSMMUG00000000362	0
ENSMMUG00000018954	23
ENSMMUG00000013539	0
ENSMMUG00000042645	1
ENSMMUG00000021525	4
ENSMMUG00000039104	0
ENSMMUG00000055305	0
ENSMMUG00000007877	17
ENSMMUG00000003257	16
ENSMMUG00000056913	0
ENSMMUG00000058540	1
ENSMMUG00000007401	86
ENSMMUG00000058273	0
ENSMMUG00000004468	0
ENSMMUG00000056683	0
ENSMMUG00000061407	0
ENSMMUG00000024323	0
ENSMMUG00000005554	26
ENSMMUG00000060429	75
ENSMMUG00000038718	0
ENSMMUG00000024003	0
ENSMMUG00000061085	0
ENSMMUG00000059667	0
ENSMMUG00000052723	0
ENSMMUG00000028889	12
ENSMMUG00000026039	0
ENSMMUG00000017254	0
ENSMMUG00000023932	0
ENSMMUG00000063586	0
ENSMMUG00000061103	17
ENSMMUG00000054126	2
ENSMMUG00000007549	774
ENSMMUG00000049530	2
ENSMMUG00000002472	24
ENSMMUG00000003256	2
ENSMMUG00000063870	0
ENSMMUG00000011389	12
ENSMMUG00000045865	6
ENSMMUG00000012096	0
ENSMMUG00000038702	49
ENSMMUG00000062868	0
ENSMMUG00000031426	0
ENSMMUG00000010842	0
ENSMMUG00000053175	6
ENSMMUG00000062204	0
ENSMMUG00000018953	0
ENSMMUG00000000491	0
ENSMMUG00000016596	0
ENSMMUG00000020393	0
ENSMMUG00000025503	0
ENSMMUG00000051256	0
ENSMMUG00000058960	0
ENSMMUG00000019369	0
ENSMMUG00000026908	0
ENSMMUG00000050586	0
ENSMMUG00000057451	0
ENSMMUG00000050385	0
ENSMMUG00000062866	0
ENSMMUG00000054291	0
ENSMMUG00000060177	7
ENSMMUG00000012273	1
ENSMMUG00000003686	0
ENSMMUG00000004615	31
ENSMMUG00000057655	0
ENSMMUG00000013927	84
ENSMMUG00000014132	15
ENSMMUG00000007972	0
ENSMMUG00000011588	15
ENSMMUG00000003161	5
ENSMMUG00000014153	14
ENSMMUG00000028946	35
ENSMMUG00000021673	1
ENSMMUG00000014155	23
ENSMMUG00000062425	0
ENSMMUG00000015533	0
ENSMMUG00000055747	8
ENSMMUG00000058740	0
ENSMMUG00000004616	0
ENSMMUG00000063175	0
ENSMMUG00000010886	86
ENSMMUG00000009787	0
ENSMMUG00000057215	0
ENSMMUG00000013425	0
ENSMMUG00000059175	0
ENSMMUG00000049594	0
ENSMMUG00000061579	1
ENSMMUG00000053083	0
ENSMMUG00000065025	0
ENSMMUG00000061136	0
ENSMMUG00000006711	0
ENSMMUG00000013426	0
ENSMMUG00000039980	7
ENSMMUG00000040259	0
ENSMMUG00000014135	7
ENSMMUG00000049883	0
ENSMMUG00000060815	1
ENSMMUG00000038362	0
ENSMMUG00000011392	31
ENSMMUG00000063468	0
ENSMMUG00000003819	11
ENSMMUG00000000485	22
ENSMMUG00000056332	0
ENSMMUG00000044697	3
ENSMMUG00000021675	0
ENSMMUG00000022930	43
ENSMMUG00000013429	75
ENSMMUG00000014543	8
ENSMMUG00000063756	0
ENSMMUG00000049747	0
ENSMMUG00000006715	1066
ENSMMUG00000014137	9
ENSMMUG00000012937	18
ENSMMUG00000058712	0
ENSMMUG00000045427	5
ENSMMUG00000047772	0
ENSMMUG00000022931	5
ENSMMUG00000059584	13
ENSMMUG00000017851	0
ENSMMUG00000054071	18
ENSMMUG00000028733	20
ENSMMUG00000059466	0
ENSMMUG00000019370	23
ENSMMUG00000056719	6
ENSMMUG00000055669	8
ENSMMUG00000011589	4
ENSMMUG00000028809	0
ENSMMUG00000064481	0
ENSMMUG00000006717	0
ENSMMUG00000022305	2
ENSMMUG00000057605	1
ENSMMUG00000022934	3
ENSMMUG00000047027	1
ENSMMUG00000012938	100
ENSMMUG00000019372	60
ENSMMUG00000027588	0
ENSMMUG00000006718	4
ENSMMUG00000018879	2
ENSMMUG00000064460	0
ENSMMUG00000007975	0
ENSMMUG00000051309	0
ENSMMUG00000008531	0
ENSMMUG00000058622	0
ENSMMUG00000008589	0
ENSMMUG00000057636	0
ENSMMUG00000061875	0
ENSMMUG00000022735	38
ENSMMUG00000057355	0
ENSMMUG00000021269	6
ENSMMUG00000061700	0
ENSMMUG00000050410	0
ENSMMUG00000046906	0
ENSMMUG00000018672	24
ENSMMUG00000050313	0
ENSMMUG00000061186	0
ENSMMUG00000044099	0
ENSMMUG00000003162	21
ENSMMUG00000040273	0
ENSMMUG00000058928	0
ENSMMUG00000021060	0
ENSMMUG00000002961	28
ENSMMUG00000011931	5
ENSMMUG00000056976	0
ENSMMUG00000022198	65
ENSMMUG00000008590	13
ENSMMUG00000039283	0
ENSMMUG00000063815	0
ENSMMUG00000021059	0
ENSMMUG00000028950	40
ENSMMUG00000000292	1
ENSMMUG00000064561	0
ENSMMUG00000062521	0
ENSMMUG00000028849	7
ENSMMUG00000065033	0
ENSMMUG00000011205	0
ENSMMUG00000045966	0
ENSMMUG00000064704	0
ENSMMUG00000060408	0
ENSMMUG00000056558	0
ENSMMUG00000047845	2
ENSMMUG00000043110	0
ENSMMUG00000052666	2
ENSMMUG00000003926	3
ENSMMUG00000057659	0
ENSMMUG00000055332	0
ENSMMUG00000003029	28
ENSMMUG00000013924	2
ENSMMUG00000037639	0
ENSMMUG00000004323	0
ENSMMUG00000056529	0
ENSMMUG00000050747	0
ENSMMUG00000015768	8
ENSMMUG00000038943	0
ENSMMUG00000055572	0
ENSMMUG00000063199	0
ENSMMUG00000045400	0
ENSMMUG00000018740	254
ENSMMUG00000060000	0
ENSMMUG00000064093	101
ENSMMUG00000045484	0
ENSMMUG00000060191	0
ENSMMUG00000012312	0
ENSMMUG00000012157	0
ENSMMUG00000013923	17
ENSMMUG00000051365	0
ENSMMUG00000015673	0
ENSMMUG00000054779	0
ENSMMUG00000051803	0
ENSMMUG00000058263	0
ENSMMUG00000053961	0
ENSMMUG00000053041	0
ENSMMUG00000022309	0
ENSMMUG00000037843	0
ENSMMUG00000028816	0
ENSMMUG00000055388	0
ENSMMUG00000064846	66
ENSMMUG00000038407	0
ENSMMUG00000052315	0
ENSMMUG00000008041	5
ENSMMUG00000013477	1547
ENSMMUG00000059643	0
ENSMMUG00000006010	27
ENSMMUG00000054056	0
ENSMMUG00000046099	0
ENSMMUG00000059656	6
ENSMMUG00000050243	0
ENSMMUG00000065278	21
ENSMMUG00000019376	26
ENSMMUG00000051543	36
ENSMMUG00000017036	9
ENSMMUG00000014735	0
ENSMMUG00000022297	37
ENSMMUG00000059087	0
ENSMMUG00000017426	16
ENSMMUG00000019093	0
ENSMMUG00000022100	48
ENSMMUG00000005722	12
ENSMMUG00000009357	0
ENSMMUG00000017968	15
ENSMMUG00000045698	0
ENSMMUG00000009540	27
ENSMMUG00000021267	7
ENSMMUG00000021891	8
ENSMMUG00000064404	0
ENSMMUG00000046473	0
ENSMMUG00000059170	0
ENSMMUG00000063831	0
ENSMMUG00000049601	169
ENSMMUG00000012768	40
ENSMMUG00000017427	0
ENSMMUG00000053903	0
ENSMMUG00000053767	0
ENSMMUG00000059642	0
ENSMMUG00000003047	133
ENSMMUG00000054658	0
ENSMMUG00000032241	0
ENSMMUG00000037794	0
ENSMMUG00000048215	0
ENSMMUG00000057067	15
ENSMMUG00000015513	0
ENSMMUG00000014419	4
ENSMMUG00000028753	0
ENSMMUG00000002407	1
ENSMMUG00000028763	9
ENSMMUG00000049968	54
ENSMMUG00000016228	0
ENSMMUG00000021474	1
ENSMMUG00000017487	0
ENSMMUG00000064975	0
ENSMMUG00000004245	0
ENSMMUG00000011317	10
ENSMMUG00000019328	0
ENSMMUG00000052007	0
ENSMMUG00000022296	23
ENSMMUG00000055961	2
ENSMMUG00000028751	0
ENSMMUG00000003583	0
ENSMMUG00000057692	7
ENSMMUG00000009527	0
ENSMMUG00000005266	0
ENSMMUG00000009656	0
ENSMMUG00000061452	0
ENSMMUG00000019285	20
ENSMMUG00000062694	0
ENSMMUG00000005028	0
ENSMMUG00000003688	0
ENSMMUG00000054129	0
ENSMMUG00000003645	0
ENSMMUG00000042532	0
ENSMMUG00000011612	108
ENSMMUG00000019286	1
ENSMMUG00000055527	0
ENSMMUG00000051878	0
ENSMMUG00000009657	8
ENSMMUG00000058100	0
ENSMMUG00000062800	0
ENSMMUG00000059042	0
ENSMMUG00000033896	0
ENSMMUG00000022726	22
ENSMMUG00000060497	0
ENSMMUG00000009698	10
ENSMMUG00000016231	3
ENSMMUG00000061458	2
ENSMMUG00000057628	0
ENSMMUG00000019284	0
ENSMMUG00000058582	0
ENSMMUG00000016232	10
ENSMMUG00000006371	0
ENSMMUG00000056925	0
ENSMMUG00000003439	88
ENSMMUG00000065175	21
ENSMMUG00000001991	0
ENSMMUG00000064373	0
ENSMMUG00000055423	33
ENSMMUG00000051353	0
ENSMMUG00000047704	3
ENSMMUG00000014282	8
ENSMMUG00000063178	0
ENSMMUG00000018138	13
ENSMMUG00000064116	0
ENSMMUG00000056991	0
ENSMMUG00000008672	0
ENSMMUG00000012841	0
ENSMMUG00000023403	17
ENSMMUG00000065139	0
ENSMMUG00000017431	1
ENSMMUG00000016354	0
ENSMMUG00000038371	71
ENSMMUG00000024460	0
ENSMMUG00000062732	0
ENSMMUG00000002413	26
ENSMMUG00000022104	4
ENSMMUG00000040317	0
ENSMMUG00000003115	0
ENSMMUG00000051284	0
ENSMMUG00000046695	0
ENSMMUG00000050519	0
ENSMMUG00000056220	26
ENSMMUG00000004405	11
ENSMMUG00000015608	0
ENSMMUG00000009701	0
ENSMMUG00000065035	0
ENSMMUG00000021469	5
ENSMMUG00000052486	44
ENSMMUG00000042707	107
ENSMMUG00000009539	27
ENSMMUG00000014285	1
ENSMMUG00000013374	14
ENSMMUG00000060764	0
ENSMMUG00000003043	13
ENSMMUG00000028729	0
ENSMMUG00000063819	0
ENSMMUG00000009704	0
ENSMMUG00000013597	0
ENSMMUG00000060814	0
ENSMMUG00000057142	0
ENSMMUG00000014286	0
ENSMMUG00000052699	0
ENSMMUG00000013376	0
ENSMMUG00000005829	9
ENSMMUG00000050017	210
ENSMMUG00000022877	24
ENSMMUG00000022725	11
ENSMMUG00000000715	16
ENSMMUG00000010560	0
ENSMMUG00000028800	0
ENSMMUG00000052896	0
ENSMMUG00000010429	0
ENSMMUG00000048318	0
ENSMMUG00000004406	0
ENSMMUG00000017211	59
ENSMMUG00000005830	16
ENSMMUG00000059495	0
ENSMMUG00000022041	0
ENSMMUG00000010426	0
ENSMMUG00000012793	6
ENSMMUG00000006121	0
ENSMMUG00000003045	42
ENSMMUG00000061396	0
ENSMMUG00000057146	22
ENSMMUG00000003117	0
ENSMMUG00000000717	33
ENSMMUG00000006122	12
ENSMMUG00000008991	0
ENSMMUG00000022724	0
ENSMMUG00000000718	16
ENSMMUG00000022322	0
ENSMMUG00000009290	1
ENSMMUG00000022878	0
ENSMMUG00000057612	0
ENSMMUG00000041041	11
ENSMMUG00000019870	41
ENSMMUG00000024293	0
ENSMMUG00000011614	59
ENSMMUG00000059530	29
ENSMMUG00000009337	0
ENSMMUG00000053678	0
ENSMMUG00000009292	2
ENSMMUG00000012797	0
ENSMMUG00000055192	9
ENSMMUG00000015445	1
ENSMMUG00000050737	0
ENSMMUG00000000194	70
ENSMMUG00000016571	18
ENSMMUG00000049515	0
ENSMMUG00000065068	0
ENSMMUG00000058460	0
ENSMMUG00000021945	0
ENSMMUG00000059780	0
ENSMMUG00000011311	0
ENSMMUG00000016450	36
ENSMMUG00000050122	0
ENSMMUG00000045335	33
ENSMMUG00000017970	49
ENSMMUG00000014430	48
ENSMMUG00000028905	0
ENSMMUG00000009294	0
ENSMMUG00000012801	0
ENSMMUG00000003046	31
ENSMMUG00000021181	0
ENSMMUG00000020175	36
ENSMMUG00000051916	2
ENSMMUG00000042586	12
ENSMMUG00000060224	0
ENSMMUG00000014599	33
ENSMMUG00000011716	14
ENSMMUG00000021182	47
ENSMMUG00000060498	135
ENSMMUG00000005333	0
ENSMMUG00000057356	13
ENSMMUG00000032774	0
ENSMMUG00000036758	0
ENSMMUG00000061470	62
ENSMMUG00000050184	0
ENSMMUG00000017217	140
ENSMMUG00000021965	10
ENSMMUG00000012802	5
ENSMMUG00000028728	0
ENSMMUG00000055234	0
ENSMMUG00000063299	1
ENSMMUG00000018351	1
ENSMMUG00000051445	0
ENSMMUG00000005335	0
ENSMMUG00000011618	36
ENSMMUG00000043134	90
ENSMMUG00000003053	98
ENSMMUG00000005336	4
ENSMMUG00000059154	0
ENSMMUG00000012535	0
ENSMMUG00000006169	24
ENSMMUG00000056577	0
ENSMMUG00000047887	13
ENSMMUG00000017939	0
ENSMMUG00000048321	0
ENSMMUG00000016456	0
ENSMMUG00000040778	20
ENSMMUG00000005723	94
ENSMMUG00000054339	4
ENSMMUG00000043963	0
ENSMMUG00000043304	6
ENSMMUG00000048701	0
ENSMMUG00000023357	2
ENSMMUG00000011622	237
ENSMMUG00000065082	0
ENSMMUG00000028798	0
ENSMMUG00000062833	0
ENSMMUG00000028948	0
ENSMMUG00000000195	0
ENSMMUG00000016574	0
ENSMMUG00000003056	0
ENSMMUG00000063663	0
ENSMMUG00000061262	0
ENSMMUG00000014604	19
ENSMMUG00000061589	0
ENSMMUG00000001193	0
ENSMMUG00000055035	0
ENSMMUG00000012174	37
ENSMMUG00000019025	0
ENSMMUG00000000196	0
ENSMMUG00000009674	0
ENSMMUG00000017400	6
ENSMMUG00000056903	0
ENSMMUG00000036280	0
ENSMMUG00000039983	0
ENSMMUG00000062811	0
ENSMMUG00000028727	0
ENSMMUG00000053887	0
ENSMMUG00000057816	0
ENSMMUG00000052841	0
ENSMMUG00000010653	2
ENSMMUG00000028947	323
ENSMMUG00000064268	0
ENSMMUG00000056049	0
ENSMMUG00000061505	0
ENSMMUG00000011790	9
ENSMMUG00000064856	0
ENSMMUG00000041442	0
ENSMMUG00000022207	7
ENSMMUG00000005339	20
ENSMMUG00000003060	0
ENSMMUG00000065254	0
ENSMMUG00000011715	0
ENSMMUG00000064898	6
ENSMMUG00000059371	0
ENSMMUG00000000198	13
ENSMMUG00000009677	30
ENSMMUG00000044243	0
ENSMMUG00000030424	0
ENSMMUG00000022938	27
ENSMMUG00000022463	6
ENSMMUG00000055163	0
ENSMMUG00000009486	0
ENSMMUG00000053843	0
ENSMMUG00000003815	3
ENSMMUG00000005727	66
ENSMMUG00000051515	0
ENSMMUG00000010824	0
ENSMMUG00000016578	1
ENSMMUG00000050123	12
ENSMMUG00000043611	0
ENSMMUG00000038989	10
ENSMMUG00000018096	10
ENSMMUG00000063498	0
ENSMMUG00000010826	0
ENSMMUG00000020493	11
ENSMMUG00000028718	0
ENSMMUG00000058493	0
ENSMMUG00000016577	0
ENSMMUG00000047370	0
ENSMMUG00000020495	0
ENSMMUG00000021183	0
ENSMMUG00000048694	0
ENSMMUG00000053242	0
ENSMMUG00000028122	0
ENSMMUG00000058115	0
ENSMMUG00000043342	2
ENSMMUG00000064399	0
ENSMMUG00000019031	0
ENSMMUG00000064983	0
ENSMMUG00000060598	0
ENSMMUG00000064340	0
ENSMMUG00000036133	0
ENSMMUG00000011402	1
ENSMMUG00000062193	0
ENSMMUG00000019032	0
ENSMMUG00000005728	0
ENSMMUG00000007653	0
ENSMMUG00000016505	0
ENSMMUG00000023530	0
ENSMMUG00000061725	0
ENSMMUG00000022872	7
ENSMMUG00000053206	16
ENSMMUG00000048020	0
ENSMMUG00000005729	7
ENSMMUG00000009014	69
ENSMMUG00000064347	0
ENSMMUG00000023531	59
ENSMMUG00000028717	3
ENSMMUG00000020498	9
ENSMMUG00000011403	0
ENSMMUG00000028931	24
ENSMMUG00000013671	49
ENSMMUG00000020503	40
ENSMMUG00000052024	0
ENSMMUG00000020504	2
ENSMMUG00000064378	0
ENSMMUG00000026951	0
ENSMMUG00000017906	44
ENSMMUG00000015369	0
ENSMMUG00000002328	54
ENSMMUG00000056843	0
ENSMMUG00000020505	11
ENSMMUG00000020520	82
ENSMMUG00000012172	2
ENSMMUG00000022875	0
ENSMMUG00000058680	0
ENSMMUG00000006936	0
ENSMMUG00000054266	0
ENSMMUG00000055621	141
ENSMMUG00000064590	0
ENSMMUG00000008137	11
ENSMMUG00000053707	0
ENSMMUG00000006027	0
ENSMMUG00000044329	2
ENSMMUG00000032809	0
ENSMMUG00000021611	14
ENSMMUG00000012171	0
ENSMMUG00000021111	0
ENSMMUG00000006937	17
ENSMMUG00000061372	0
ENSMMUG00000022459	8
ENSMMUG00000006124	31
ENSMMUG00000012170	0
ENSMMUG00000006940	0
ENSMMUG00000009587	62
ENSMMUG00000044652	0
ENSMMUG00000009017	4
ENSMMUG00000050537	0
ENSMMUG00000062413	13
ENSMMUG00000055758	0
ENSMMUG00000006128	17
ENSMMUG00000021360	3
ENSMMUG00000023303	34
ENSMMUG00000049025	0
ENSMMUG00000058342	0
ENSMMUG00000022487	0
ENSMMUG00000051573	10
ENSMMUG00000006586	6
ENSMMUG00000002964	1
ENSMMUG00000001219	18
ENSMMUG00000016085	2
ENSMMUG00000062017	0
ENSMMUG00000014932	47
ENSMMUG00000002965	0
ENSMMUG00000052731	0
ENSMMUG00000051431	0
ENSMMUG00000028930	6
ENSMMUG00000012764	5
ENSMMUG00000064485	73
ENSMMUG00000020616	0
ENSMMUG00000016457	50
ENSMMUG00000014896	12
ENSMMUG00000054512	0
ENSMMUG00000058546	0
ENSMMUG00000056677	0
ENSMMUG00000050251	1
ENSMMUG00000009988	2
ENSMMUG00000028716	0
ENSMMUG00000009672	12
ENSMMUG00000021892	0
ENSMMUG00000009343	0
ENSMMUG00000049066	0
ENSMMUG00000040746	0
ENSMMUG00000056164	0
ENSMMUG00000044080	2
ENSMMUG00000018932	1
ENSMMUG00000056461	0
ENSMMUG00000056802	0
ENSMMUG00000038354	0
ENSMMUG00000014032	0
ENSMMUG00000050415	0
ENSMMUG00000052278	82
ENSMMUG00000060102	0
ENSMMUG00000043536	0
ENSMMUG00000005424	2
ENSMMUG00000048355	0
ENSMMUG00000021629	175
ENSMMUG00000042364	0
ENSMMUG00000001917	0
ENSMMUG00000059073	0
ENSMMUG00000015900	0
ENSMMUG00000006540	0
ENSMMUG00000064204	9
ENSMMUG00000028715	0
ENSMMUG00000014897	23
ENSMMUG00000015901	7
ENSMMUG00000006509	31
ENSMMUG00000021631	0
ENSMMUG00000020617	2
ENSMMUG00000063148	0
ENSMMUG00000063611	0
ENSMMUG00000006542	7
ENSMMUG00000016507	13
ENSMMUG00000056909	0
ENSMMUG00000059420	0
ENSMMUG00000006544	11
ENSMMUG00000042351	0
ENSMMUG00000052806	0
ENSMMUG00000006511	0
ENSMMUG00000010614	0
ENSMMUG00000003110	18
ENSMMUG00000053819	0
ENSMMUG00000020618	44
ENSMMUG00000020653	5
ENSMMUG00000012704	1
ENSMMUG00000006590	0
ENSMMUG00000061632	0
ENSMMUG00000059739	0
ENSMMUG00000064682	0
ENSMMUG00000060289	0
ENSMMUG00000056644	0
ENSMMUG00000056347	0
ENSMMUG00000053889	0
ENSMMUG00000052201	1
ENSMMUG00000050032	0
ENSMMUG00000063342	0
ENSMMUG00000015428	35
ENSMMUG00000023286	77
ENSMMUG00000064639	0
ENSMMUG00000054579	1
ENSMMUG00000005014	5
ENSMMUG00000058217	0
ENSMMUG00000059377	0
ENSMMUG00000001735	0
ENSMMUG00000052665	0
ENSMMUG00000056409	7
ENSMMUG00000004673	0
ENSMMUG00000053700	0
ENSMMUG00000011178	2
ENSMMUG00000015438	0
ENSMMUG00000016614	10
ENSMMUG00000019680	22
ENSMMUG00000006773	21
ENSMMUG00000013758	0
ENSMMUG00000049820	5
ENSMMUG00000037847	0
ENSMMUG00000008103	0
ENSMMUG00000053457	0
ENSMMUG00000039195	0
ENSMMUG00000004085	2
ENSMMUG00000006774	2
ENSMMUG00000023290	6
ENSMMUG00000053220	0
ENSMMUG00000064233	0
ENSMMUG00000007726	5
ENSMMUG00000008741	4
ENSMMUG00000059247	1
ENSMMUG00000056147	0
ENSMMUG00000004804	2
ENSMMUG00000052371	0
ENSMMUG00000015273	40
ENSMMUG00000003111	39
ENSMMUG00000057532	0
ENSMMUG00000016695	14
ENSMMUG00000004808	1
ENSMMUG00000022765	14
ENSMMUG00000023291	58
ENSMMUG00000007729	7
ENSMMUG00000028895	2
ENSMMUG00000001473	3
ENSMMUG00000016699	3
ENSMMUG00000004805	6
ENSMMUG00000032667	0
ENSMMUG00000008742	2
ENSMMUG00000056951	0
ENSMMUG00000065079	0
ENSMMUG00000041352	0
ENSMMUG00000000698	3
ENSMMUG00000004810	16
ENSMMUG00000063797	0
ENSMMUG00000022767	571
ENSMMUG00000044928	0
ENSMMUG00000016122	20
ENSMMUG00000020229	0
ENSMMUG00000050846	0
ENSMMUG00000059015	0
ENSMMUG00000000215	10
ENSMMUG00000010225	38
ENSMMUG00000062449	0
ENSMMUG00000053016	0
ENSMMUG00000061307	0
ENSMMUG00000059305	0
ENSMMUG00000058741	0
ENSMMUG00000058441	0
ENSMMUG00000002846	0
ENSMMUG00000005218	107
ENSMMUG00000004811	65
ENSMMUG00000060731	0
ENSMMUG00000008686	0
ENSMMUG00000025560	0
ENSMMUG00000043959	10
ENSMMUG00000011018	7
ENSMMUG00000025583	0
ENSMMUG00000018806	113
ENSMMUG00000002847	16
ENSMMUG00000046883	53
ENSMMUG00000023293	67
ENSMMUG00000000217	40
ENSMMUG00000057004	0
ENSMMUG00000018808	11
ENSMMUG00000013637	22
ENSMMUG00000035709	0
ENSMMUG00000001476	2
ENSMMUG00000011951	28
ENSMMUG00000063320	52
ENSMMUG00000019918	24
ENSMMUG00000000218	0
ENSMMUG00000011953	0
ENSMMUG00000029506	0
ENSMMUG00000003190	2
ENSMMUG00000061795	0
ENSMMUG00000005827	6
ENSMMUG00000016593	0
ENSMMUG00000019564	52
ENSMMUG00000053552	0
ENSMMUG00000023294	17
ENSMMUG00000052039	0
ENSMMUG00000053125	0
ENSMMUG00000047855	0
ENSMMUG00000003744	38
ENSMMUG00000053747	0
ENSMMUG00000016539	9
ENSMMUG00000007988	0
ENSMMUG00000042912	0
ENSMMUG00000063002	0
ENSMMUG00000050739	0
ENSMMUG00000019954	0
ENSMMUG00000064675	0
ENSMMUG00000019665	39
ENSMMUG00000060522	3
ENSMMUG00000055419	0
ENSMMUG00000014247	0
ENSMMUG00000013747	9
ENSMMUG00000028711	0
ENSMMUG00000019955	14
ENSMMUG00000061156	0
ENSMMUG00000021384	0
ENSMMUG00000014673	89
ENSMMUG00000049496	0
ENSMMUG00000006620	47
ENSMMUG00000016749	0
ENSMMUG00000019668	14
ENSMMUG00000028928	2
ENSMMUG00000059725	40
ENSMMUG00000021382	47
ENSMMUG00000028920	26
ENSMMUG00000011265	431
ENSMMUG00000009935	0
ENSMMUG00000020705	0
ENSMMUG00000041188	12
ENSMMUG00000020707	42
ENSMMUG00000019669	27
ENSMMUG00000057564	2
ENSMMUG00000028710	0
ENSMMUG00000053725	0
ENSMMUG00000028882	30
ENSMMUG00000054609	0
ENSMMUG00000031027	2
ENSMMUG00000016821	14
ENSMMUG00000002974	0
ENSMMUG00000061373	4
ENSMMUG00000062848	33
ENSMMUG00000058031	0
ENSMMUG00000050702	0
ENSMMUG00000049584	0
ENSMMUG00000052661	0
ENSMMUG00000010100	10
ENSMMUG00000050283	0
ENSMMUG00000016665	42
ENSMMUG00000052684	0
ENSMMUG00000010984	18
ENSMMUG00000018367	7
ENSMMUG00000051452	30
ENSMMUG00000064470	0
ENSMMUG00000022338	18
ENSMMUG00000015660	0
ENSMMUG00000028927	0
ENSMMUG00000011963	21
ENSMMUG00000045860	0
ENSMMUG00000064610	0
ENSMMUG00000014677	21
ENSMMUG00000049858	0
ENSMMUG00000059349	0
ENSMMUG00000057212	0
ENSMMUG00000000818	0
ENSMMUG00000060174	0
ENSMMUG00000017498	15
ENSMMUG00000018368	4
ENSMMUG00000015663	36
ENSMMUG00000049311	0
ENSMMUG00000054092	0
ENSMMUG00000000268	8
ENSMMUG00000019965	0
ENSMMUG00000002545	0
ENSMMUG00000064562	0
ENSMMUG00000064532	0
ENSMMUG00000017984	22
ENSMMUG00000062406	0
ENSMMUG00000000271	3
ENSMMUG00000011964	6
ENSMMUG00000028863	18
ENSMMUG00000059812	2
ENSMMUG00000010107	24
ENSMMUG00000017989	4
ENSMMUG00000050674	0
ENSMMUG00000026921	0
ENSMMUG00000053190	0
ENSMMUG00000055775	140
ENSMMUG00000028926	17
ENSMMUG00000063063	0
ENSMMUG00000053661	0
ENSMMUG00000010722	52
ENSMMUG00000049703	0
ENSMMUG00000059930	0
ENSMMUG00000018981	2
ENSMMUG00000020841	4
ENSMMUG00000010723	4
ENSMMUG00000060862	0
ENSMMUG00000004401	108
ENSMMUG00000000273	44
ENSMMUG00000020967	0
ENSMMUG00000057561	0
ENSMMUG00000062498	0
ENSMMUG00000035058	0
ENSMMUG00000057991	0
ENSMMUG00000008578	0
ENSMMUG00000008576	0
ENSMMUG00000016706	0
ENSMMUG00000010109	13
ENSMMUG00000004400	110
ENSMMUG00000033615	0
ENSMMUG00000028834	14
ENSMMUG00000010111	38
ENSMMUG00000053764	2
ENSMMUG00000061429	0
ENSMMUG00000055732	0
ENSMMUG00000058911	3
ENSMMUG00000011967	8
ENSMMUG00000000311	125
ENSMMUG00000008931	27
ENSMMUG00000017949	63
ENSMMUG00000016709	56
ENSMMUG00000058897	0
ENSMMUG00000058241	0
ENSMMUG00000012042	46
ENSMMUG00000064612	0
ENSMMUG00000063286	0
ENSMMUG00000059857	0
ENSMMUG00000000452	14
ENSMMUG00000001715	2
ENSMMUG00000018937	20
ENSMMUG00000028925	53
ENSMMUG00000003164	37
ENSMMUG00000001190	70
ENSMMUG00000005697	23
ENSMMUG00000022656	122
ENSMMUG00000001192	22
ENSMMUG00000023699	2
ENSMMUG00000023701	0
ENSMMUG00000027263	0
ENSMMUG00000057436	0
ENSMMUG00000063389	0
ENSMMUG00000055417	0
ENSMMUG00000060985	0
ENSMMUG00000005698	0
ENSMMUG00000003468	26
ENSMMUG00000049072	0
ENSMMUG00000042809	6
ENSMMUG00000064958	0
ENSMMUG00000028914	22
ENSMMUG00000058424	0
ENSMMUG00000055334	0
ENSMMUG00000046372	0
ENSMMUG00000036775	0
ENSMMUG00000049927	0
ENSMMUG00000065054	0
ENSMMUG00000056401	0
ENSMMUG00000000054	25
ENSMMUG00000057836	0
ENSMMUG00000042296	0
ENSMMUG00000023702	18
ENSMMUG00000053244	2
ENSMMUG00000007904	21
ENSMMUG00000049526	0
ENSMMUG00000003611	11
ENSMMUG00000010998	0
ENSMMUG00000048043	0
ENSMMUG00000005597	47
ENSMMUG00000021716	52
ENSMMUG00000060457	0
ENSMMUG00000016526	1
ENSMMUG00000005598	8
ENSMMUG00000062565	0
ENSMMUG00000051241	0
ENSMMUG00000054614	0
ENSMMUG00000033179	0
ENSMMUG00000057313	1260
ENSMMUG00000050193	0
ENSMMUG00000053329	2
ENSMMUG00000005600	0
ENSMMUG00000054939	0
ENSMMUG00000014216	0
ENSMMUG00000001985	0
ENSMMUG00000011042	0
ENSMMUG00000053631	0
ENSMMUG00000051945	0
ENSMMUG00000064738	0
ENSMMUG00000008693	260
ENSMMUG00000028875	7
ENSMMUG00000057317	0
ENSMMUG00000065081	0
ENSMMUG00000008695	5
ENSMMUG00000012587	4
ENSMMUG00000008697	62
ENSMMUG00000047218	0
ENSMMUG00000050989	0
ENSMMUG00000054946	12
ENSMMUG00000012586	0
ENSMMUG00000008699	8
ENSMMUG00000055138	0
ENSMMUG00000014351	0
ENSMMUG00000050486	0
ENSMMUG00000064114	0
ENSMMUG00000019314	3
ENSMMUG00000049646	2
ENSMMUG00000005236	0
ENSMMUG00000064925	0
ENSMMUG00000053452	0
ENSMMUG00000063683	0
ENSMMUG00000054313	0
ENSMMUG00000058614	0
ENSMMUG00000016860	8
ENSMMUG00000016862	0
ENSMMUG00000016863	36
ENSMMUG00000016868	2
ENSMMUG00000016869	43
ENSMMUG00000062025	0
ENSMMUG00000016870	0
ENSMMUG00000005684	15
ENSMMUG00000055967	0
ENSMMUG00000032946	0
ENSMMUG00000006274	15
ENSMMUG00000006275	29
ENSMMUG00000063236	0
ENSMMUG00000005686	2
ENSMMUG00000005688	66
ENSMMUG00000005689	20
ENSMMUG00000045010	0
ENSMMUG00000063697	0
ENSMMUG00000007322	0
ENSMMUG00000008740	0
ENSMMUG00000048035	0
ENSMMUG00000028866	5
ENSMMUG00000011230	0
ENSMMUG00000007043	5
ENSMMUG00000004390	23
ENSMMUG00000004392	135
ENSMMUG00000004393	123
ENSMMUG00000042251	204
ENSMMUG00000063314	0
ENSMMUG00000019292	82
ENSMMUG00000001166	0
ENSMMUG00000001167	36
ENSMMUG00000017971	1
ENSMMUG00000057038	64
ENSMMUG00000011427	7
ENSMMUG00000003555	0
ENSMMUG00000054395	0
ENSMMUG00000058941	0
ENSMMUG00000053476	0
ENSMMUG00000064418	0
ENSMMUG00000039261	0
ENSMMUG00000061536	0
ENSMMUG00000050643	0
ENSMMUG00000053530	0
ENSMMUG00000064732	0
ENSMMUG00000058969	0
ENSMMUG00000061238	0
ENSMMUG00000057006	0
ENSMMUG00000043318	0
ENSMMUG00000055976	17
ENSMMUG00000053939	0
ENSMMUG00000041853	0
ENSMMUG00000038331	0
ENSMMUG00000056138	0
ENSMMUG00000039089	0
ENSMMUG00000044931	0
ENSMMUG00000049379	0
ENSMMUG00000046583	0
ENSMMUG00000064248	0
ENSMMUG00000061378	0
ENSMMUG00000049458	0
ENSMMUG00000046378	0
ENSMMUG00000042062	0
ENSMMUG00000044890	0
ENSMMUG00000051962	0
ENSMMUG00000051966	0
ENSMMUG00000050682	10
ENSMMUG00000038866	0
ENSMMUG00000054832	0
ENSMMUG00000046495	0
ENSMMUG00000050111	0
ENSMMUG00000056331	0
ENSMMUG00000047306	0
ENSMMUG00000038768	0
ENSMMUG00000059694	0
ENSMMUG00000060913	0
ENSMMUG00000056617	0
ENSMMUG00000041468	4
ENSMMUG00000046892	0
ENSMMUG00000045991	0
ENSMMUG00000041692	0
ENSMMUG00000041274	0
ENSMMUG00000038984	0
ENSMMUG00000063616	0
ENSMMUG00000062205	0
ENSMMUG00000049217	0
ENSMMUG00000052253	0
ENSMMUG00000057875	0
ENSMMUG00000043966	0
ENSMMUG00000063386	0
ENSMMUG00000054981	0
ENSMMUG00000045289	0
ENSMMUG00000038182	0
ENSMMUG00000055015	0
ENSMMUG00000055280	0
ENSMMUG00000058225	0
ENSMMUG00000054467	0
ENSMMUG00000042225	0
ENSMMUG00000042267	0
ENSMMUG00000061325	0
ENSMMUG00000040210	8
ENSMMUG00000049104	0
ENSMMUG00000045017	0
ENSMMUG00000057579	0
ENSMMUG00000043715	0
ENSMMUG00000059478	1
ENSMMUG00000038824	0
ENSMMUG00000065381	0
ENSMMUG00000065373	0
ENSMMUG00000065363	0
ENSMMUG00000065362	0
ENSMMUG00000065374	0
ENSMMUG00000065372	25
ENSMMUG00000065384	0
ENSMMUG00000065364	0
ENSMMUG00000065370	0
ENSMMUG00000065356	13
ENSMMUG00000065378	0
ENSMMUG00000065361	0
ENSMMUG00000065352	0
ENSMMUG00000065367	0
ENSMMUG00000065385	3
ENSMMUG00000065358	9
ENSMMUG00000065360	0
ENSMMUG00000065377	0
ENSMMUG00000065380	0
ENSMMUG00000065376	0
ENSMMUG00000065383	0
ENSMMUG00000065375	10
ENSMMUG00000065366	0
ENSMMUG00000065365	0
ENSMMUG00000065353	0
ENSMMUG00000065369	0
ENSMMUG00000065379	0
ENSMMUG00000065387	0
ENSMMUG00000065357	0
ENSMMUG00000065368	0
ENSMMUG00000065388	0
ENSMMUG00000065354	1
ENSMMUG00000065359	0
ENSMMUG00000065371	0
ENSMMUG00000065382	0
ENSMMUG00000065386	0
ENSMMUG00000065355	0
ENSMMUG00000064861	0
ENSMMUG00000040772	0
ENSMMUG00000055027	0
ENSMMUG00000054156	0
ENSMMUG00000052082	0
ENSMMUG00000060072	0
ENSMMUG00000063707	0
ENSMMUG00000053884	0
ENSMMUG00000050576	0
ENSMMUG00000050818	0
ENSMMUG00000050598	0
ENSMMUG00000063043	0
ENSMMUG00000053618	0
ENSMMUG00000062712	0
ENSMMUG00000057715	0
ENSMMUG00000059727	0
ENSMMUG00000064011	0
ENSMMUG00000050886	0
ENSMMUG00000059020	0
ENSMMUG00000053663	0
ENSMMUG00000052079	0
ENSMMUG00000058770	0
ENSMMUG00000051136	0
ENSMMUG00000059232	0
ENSMMUG00000050829	299
ENSMMUG00000058789	267
ENSMMUG00000063356	0
ENSMMUG00000058796	0
ENSMMUG00000060141	0
ENSMMUG00000054151	0
ENSMMUG00000061363	141
ENSMMUG00000064139	75
ENSMMUG00000050545	0
ENSMMUG00000053510	0
ENSMMUG00000053557	99
ENSMMUG00000039325	0
ENSMMUG00000052873	0
ENSMMUG00000057294	0
ENSMMUG00000049518	0
ENSMMUG00000043052	0
ENSMMUG00000063182	0
ENSMMUG00000062218	0
ENSMMUG00000063943	0
ENSMMUG00000060589	0
ENSMMUG00000054537	0
ENSMMUG00000061671	0
ENSMMUG00000050293	0
ENSMMUG00000062035	0
ENSMMUG00000061631	0
ENSMMUG00000018363	0
ENSMMUG00000018364	0
ENSMMUG00000052293	440
ENSMMUG00000049549	0
ENSMMUG00000063285	0
ENSMMUG00000012297	2
ENSMMUG00000050135	1
ENSMMUG00000049544	0
ENSMMUG00000062632	0
ENSMMUG00000053613	15
ENSMMUG00000059308	0
ENSMMUG00000052738	0
ENSMMUG00000049728	0
ENSMMUG00000044033	0
ENSMMUG00000063382	0
ENSMMUG00000060630	0
ENSMMUG00000045027	0
ENSMMUG00000051019	0
ENSMMUG00000057138	0
ENSMMUG00000060019	0
ENSMMUG00000060002	0
ENSMMUG00000061349	0
ENSMMUG00000062613	0
ENSMMUG00000061187	0
ENSMMUG00000065192	0
ENSMMUG00000060233	0
ENSMMUG00000038162	0
ENSMMUG00000055868	0
ENSMMUG00000051929	4
ENSMMUG00000063341	0
ENSMMUG00000050024	0
ENSMMUG00000050067	0
ENSMMUG00000060415	2
ENSMMUG00000053801	3
ENSMMUG00000057645	0
ENSMMUG00000050701	3
ENSMMUG00000040140	2
ENSMMUG00000053584	0
ENSMMUG00000054705	0
ENSMMUG00000058826	0
ENSMMUG00000053163	4
ENSMMUG00000049730	0
ENSMMUG00000057048	0
ENSMMUG00000064568	0
ENSMMUG00000061018	0
ENSMMUG00000059616	3
ENSMMUG00000063259	0
ENSMMUG00000052094	0
ENSMMUG00000055310	0
ENSMMUG00000061852	0
ENSMMUG00000059242	0
ENSMMUG00000054745	0
ENSMMUG00000039585	0
ENSMMUG00000062709	0
ENSMMUG00000059801	0
ENSMMUG00000051297	0
ENSMMUG00000056334	0
ENSMMUG00000051668	0
ENSMMUG00000054091	0
ENSMMUG00000054751	0
ENSMMUG00000057746	0
ENSMMUG00000050835	0
ENSMMUG00000058792	0
ENSMMUG00000055666	0
ENSMMUG00000062739	0
ENSMMUG00000050976	0
ENSMMUG00000000453	33
ENSMMUG00000059901	0
ENSMMUG00000055017	0
ENSMMUG00000063239	0
ENSMMUG00000064465	5
ENSMMUG00000053052	0
ENSMMUG00000058553	0
ENSMMUG00000063755	0
ENSMMUG00000050203	0
ENSMMUG00000063589	0
ENSMMUG00000061249	10
ENSMMUG00000057716	0
ENSMMUG00000052963	15
ENSMMUG00000056967	31
ENSMMUG00000055319	0
ENSMMUG00000060550	0
ENSMMUG00000056183	12
ENSMMUG00000058167	0
ENSMMUG00000059699	0
ENSMMUG00000052122	0
ENSMMUG00000058154	0
ENSMMUG00000062086	81
ENSMMUG00000052585	6
ENSMMUG00000056494	0
ENSMMUG00000065152	0
ENSMMUG00000065135	0
ENSMMUG00000060433	0
ENSMMUG00000054218	0
ENSMMUG00000065029	0
ENSMMUG00000053453	0
ENSMMUG00000058381	0
ENSMMUG00000056470	0
ENSMMUG00000054703	0
ENSMMUG00000060031	0
ENSMMUG00000062514	0
ENSMMUG00000063761	0
ENSMMUG00000064722	0
ENSMMUG00000014129	0
ENSMMUG00000054194	0
ENSMMUG00000062983	0
ENSMMUG00000042343	0
ENSMMUG00000055044	0
ENSMMUG00000064252	0
ENSMMUG00000060672	0
ENSMMUG00000063945	8
ENSMMUG00000051479	0
ENSMMUG00000054405	0
ENSMMUG00000013632	0
ENSMMUG00000056624	0
ENSMMUG00000063422	6
ENSMMUG00000052858	0
ENSMMUG00000063905	0
ENSMMUG00000056820	2
ENSMMUG00000057162	0
ENSMMUG00000052625	0
ENSMMUG00000059573	1
ENSMMUG00000050850	0
ENSMMUG00000056547	0
ENSMMUG00000060766	0
ENSMMUG00000060354	0
ENSMMUG00000060720	0
ENSMMUG00000052311	0
ENSMMUG00000061499	0
ENSMMUG00000050919	0
ENSMMUG00000005533	2
ENSMMUG00000049560	0
ENSMMUG00000061901	3
ENSMMUG00000054520	0
ENSMMUG00000055063	0
ENSMMUG00000020542	0
ENSMMUG00000050855	0
ENSMMUG00000059022	0
ENSMMUG00000050274	0
ENSMMUG00000040752	0
ENSMMUG00000062534	0
ENSMMUG00000055450	0
ENSMMUG00000052109	0
ENSMMUG00000057368	0
ENSMMUG00000054203	0
ENSMMUG00000060045	0
ENSMMUG00000053167	0
ENSMMUG00000054601	0
ENSMMUG00000056094	0
ENSMMUG00000061132	0
ENSMMUG00000051000	0
ENSMMUG00000060816	0
ENSMMUG00000057381	0
ENSMMUG00000050204	0
ENSMMUG00000058271	0
ENSMMUG00000051066	0
ENSMMUG00000053549	0
ENSMMUG00000007657	12
ENSMMUG00000062252	0
ENSMMUG00000055748	40
ENSMMUG00000056510	8
ENSMMUG00000002993	0
ENSMMUG00000002990	13
ENSMMUG00000064092	0
ENSMMUG00000058831	0
ENSMMUG00000049785	5
ENSMMUG00000064320	0
ENSMMUG00000048003	0
ENSMMUG00000041765	0
ENSMMUG00000065114	0
ENSMMUG00000061692	0
ENSMMUG00000060413	0
ENSMMUG00000051488	0
ENSMMUG00000045265	0
ENSMMUG00000055453	0
ENSMMUG00000049367	0
ENSMMUG00000052541	0
ENSMMUG00000051375	0
ENSMMUG00000063151	0
ENSMMUG00000061987	0
ENSMMUG00000049949	0
ENSMMUG00000058761	7
ENSMMUG00000051166	0
ENSMMUG00000050194	5
ENSMMUG00000052114	7
ENSMMUG00000059110	0
ENSMMUG00000062112	0
ENSMMUG00000061047	0
ENSMMUG00000053168	0
ENSMMUG00000063172	23
ENSMMUG00000051545	2
ENSMMUG00000058327	0
ENSMMUG00000064871	0
ENSMMUG00000054887	0
ENSMMUG00000042221	0
ENSMMUG00000047892	0
ENSMMUG00000054366	0
ENSMMUG00000055100	0
ENSMMUG00000054664	0
ENSMMUG00000057947	0
ENSMMUG00000058579	0
ENSMMUG00000048069	0
ENSMMUG00000052053	0
ENSMMUG00000051194	0
ENSMMUG00000057668	0
ENSMMUG00000051048	0
ENSMMUG00000060728	7
ENSMMUG00000059261	0
ENSMMUG00000057250	0
ENSMMUG00000050201	1
ENSMMUG00000062026	111
ENSMMUG00000051473	0
ENSMMUG00000064258	0
ENSMMUG00000056649	0
ENSMMUG00000054894	0
ENSMMUG00000052054	0
ENSMMUG00000056776	0
ENSMMUG00000056879	0
ENSMMUG00000052702	0
ENSMMUG00000056286	0
ENSMMUG00000058604	0
ENSMMUG00000050760	0
ENSMMUG00000060868	0
ENSMMUG00000063423	0
ENSMMUG00000057505	0
ENSMMUG00000057012	0
ENSMMUG00000049852	0
ENSMMUG00000059284	0
ENSMMUG00000051093	0
ENSMMUG00000036032	0
ENSMMUG00000057140	0
ENSMMUG00000058210	0
ENSMMUG00000060876	0
ENSMMUG00000062145	0
ENSMMUG00000054945	0
ENSMMUG00000059121	1
ENSMMUG00000055030	0
ENSMMUG00000050058	0
ENSMMUG00000047496	0
ENSMMUG00000002234	0
ENSMMUG00000053517	0
ENSMMUG00000018126	0
ENSMMUG00000058306	0
ENSMMUG00000050803	0
ENSMMUG00000061521	0
ENSMMUG00000055547	0
ENSMMUG00000006339	0
ENSMMUG00000063373	0
ENSMMUG00000053619	0
ENSMMUG00000056883	0
ENSMMUG00000065057	0
ENSMMUG00000064115	0
ENSMMUG00000057152	1
ENSMMUG00000051687	0
ENSMMUG00000053135	0
ENSMMUG00000058442	0
ENSMMUG00000049460	0
ENSMMUG00000054518	0
ENSMMUG00000065305	0
ENSMMUG00000053385	0
ENSMMUG00000063644	0
ENSMMUG00000054820	0
ENSMMUG00000054443	0
ENSMMUG00000057104	0
ENSMMUG00000059770	0
ENSMMUG00000051227	0
ENSMMUG00000063739	0
ENSMMUG00000060032	0
ENSMMUG00000055647	0
ENSMMUG00000039722	0
ENSMMUG00000050312	0
ENSMMUG00000063229	0
ENSMMUG00000061147	0
ENSMMUG00000059647	0
ENSMMUG00000060897	0
ENSMMUG00000056400	0
ENSMMUG00000059522	0
ENSMMUG00000057035	8
ENSMMUG00000056955	0
ENSMMUG00000051177	0
ENSMMUG00000064312	3
ENSMMUG00000062018	0
ENSMMUG00000049577	0
ENSMMUG00000064345	0
ENSMMUG00000061788	0
ENSMMUG00000050538	0
ENSMMUG00000062858	0
ENSMMUG00000063832	0
ENSMMUG00000053401	0
ENSMMUG00000064663	0
ENSMMUG00000052907	0
ENSMMUG00000057087	0
ENSMMUG00000049648	0
ENSMMUG00000052824	0
ENSMMUG00000039905	0
ENSMMUG00000058262	0
ENSMMUG00000059544	0
ENSMMUG00000059593	0
ENSMMUG00000060150	0
ENSMMUG00000055523	0
ENSMMUG00000064887	0
ENSMMUG00000049906	0
ENSMMUG00000057478	0
ENSMMUG00000053784	0
ENSMMUG00000056359	0
ENSMMUG00000062947	0
ENSMMUG00000054740	0
ENSMMUG00000059949	0
ENSMMUG00000064884	0
ENSMMUG00000064037	0
ENSMMUG00000059003	0
ENSMMUG00000059523	0
ENSMMUG00000062836	0
ENSMMUG00000064098	4
ENSMMUG00000050684	0
ENSMMUG00000056806	0
ENSMMUG00000052397	0
ENSMMUG00000056936	0
ENSMMUG00000063089	0
ENSMMUG00000054787	0
ENSMMUG00000054160	0
ENSMMUG00000055894	0
ENSMMUG00000062293	0
ENSMMUG00000054079	0
ENSMMUG00000059957	0
ENSMMUG00000046569	0
ENSMMUG00000050805	0
ENSMMUG00000061862	0
ENSMMUG00000060180	0
ENSMMUG00000057200	0
ENSMMUG00000060662	0
ENSMMUG00000059822	0
ENSMMUG00000057880	0
ENSMMUG00000056590	0
ENSMMUG00000056379	0
ENSMMUG00000064205	0
ENSMMUG00000059917	0
ENSMMUG00000060587	0
ENSMMUG00000051540	0
ENSMMUG00000063805	0
ENSMMUG00000053684	0
ENSMMUG00000050143	0
ENSMMUG00000060198	0
ENSMMUG00000053297	0
ENSMMUG00000063138	0
ENSMMUG00000056527	0
ENSMMUG00000059356	0
ENSMMUG00000055144	0
ENSMMUG00000055001	0
ENSMMUG00000063402	16
ENSMMUG00000061768	0
ENSMMUG00000056747	0
ENSMMUG00000053750	0
ENSMMUG00000058775	0
ENSMMUG00000056621	0
ENSMMUG00000044436	0
ENSMMUG00000050191	0
ENSMMUG00000051857	0
ENSMMUG00000061161	0
ENSMMUG00000061685	0
ENSMMUG00000058634	0
ENSMMUG00000057690	19
ENSMMUG00000057090	0
ENSMMUG00000055174	0
ENSMMUG00000051940	0
ENSMMUG00000056952	0
ENSMMUG00000060369	0
ENSMMUG00000050084	0
ENSMMUG00000056850	0
ENSMMUG00000064894	0
ENSMMUG00000049155	0
ENSMMUG00000059887	0
ENSMMUG00000049450	0
ENSMMUG00000055841	0
ENSMMUG00000040721	0
ENSMMUG00000057781	0
ENSMMUG00000059378	0
ENSMMUG00000057246	0
ENSMMUG00000065055	0
ENSMMUG00000058368	3
ENSMMUG00000061584	0
ENSMMUG00000039937	0
ENSMMUG00000055368	0
ENSMMUG00000049461	0
ENSMMUG00000051167	0
ENSMMUG00000059104	0
ENSMMUG00000055176	0
ENSMMUG00000065348	0
ENSMMUG00000051725	0
ENSMMUG00000057413	0
ENSMMUG00000059998	0
ENSMMUG00000045048	0
ENSMMUG00000055939	0
ENSMMUG00000064038	0
ENSMMUG00000062351	0
ENSMMUG00000050322	0
ENSMMUG00000055555	0
ENSMMUG00000059945	0
ENSMMUG00000062817	0
ENSMMUG00000053711	0
ENSMMUG00000059747	0
ENSMMUG00000065116	0
ENSMMUG00000056884	0
ENSMMUG00000059369	5
ENSMMUG00000062731	0
ENSMMUG00000049897	0
ENSMMUG00000064208	0
ENSMMUG00000059325	0
ENSMMUG00000061680	0
ENSMMUG00000052428	0
ENSMMUG00000064580	0
ENSMMUG00000057514	0
ENSMMUG00000042311	0
ENSMMUG00000057936	0
ENSMMUG00000064120	41
ENSMMUG00000063505	0
ENSMMUG00000053654	0
ENSMMUG00000055094	0
ENSMMUG00000052471	0
ENSMMUG00000052694	0
ENSMMUG00000057435	0
ENSMMUG00000055643	0
ENSMMUG00000062606	0
ENSMMUG00000050755	0
ENSMMUG00000054263	0
ENSMMUG00000052052	0
ENSMMUG00000064335	0
ENSMMUG00000050414	0
ENSMMUG00000052017	0
ENSMMUG00000060190	0
ENSMMUG00000058117	0
ENSMMUG00000056748	0
ENSMMUG00000046187	0
ENSMMUG00000059878	0
ENSMMUG00000063194	0
ENSMMUG00000049758	0
ENSMMUG00000061508	0
ENSMMUG00000056252	0
ENSMMUG00000062778	0
ENSMMUG00000062312	0
ENSMMUG00000058530	0
ENSMMUG00000058047	0
ENSMMUG00000054026	0
ENSMMUG00000053442	0
ENSMMUG00000054809	0
ENSMMUG00000055160	0
ENSMMUG00000054854	0
ENSMMUG00000053782	0
ENSMMUG00000045519	0
ENSMMUG00000050365	0
ENSMMUG00000061873	0
ENSMMUG00000063677	0
ENSMMUG00000061146	0
ENSMMUG00000058989	0
ENSMMUG00000054403	0
ENSMMUG00000063497	0
ENSMMUG00000065187	0
ENSMMUG00000061462	0
ENSMMUG00000053759	0
ENSMMUG00000060105	1
ENSMMUG00000061806	0
ENSMMUG00000052061	0
ENSMMUG00000050347	0
ENSMMUG00000057583	0
ENSMMUG00000053951	0
ENSMMUG00000061076	0
ENSMMUG00000064065	0
ENSMMUG00000064655	0
ENSMMUG00000059962	0
ENSMMUG00000061317	0
ENSMMUG00000035418	0
ENSMMUG00000058819	0
ENSMMUG00000032007	0
ENSMMUG00000064678	0
ENSMMUG00000053315	0
ENSMMUG00000064027	0
ENSMMUG00000059394	0
ENSMMUG00000045208	8
ENSMMUG00000051421	0
ENSMMUG00000052034	0
ENSMMUG00000051083	0
ENSMMUG00000053226	0
ENSMMUG00000050029	0
ENSMMUG00000063640	0
ENSMMUG00000064166	0
ENSMMUG00000063841	0
ENSMMUG00000054492	0
ENSMMUG00000053676	0
ENSMMUG00000061620	0
ENSMMUG00000056295	0
ENSMMUG00000053892	0
ENSMMUG00000063065	0
ENSMMUG00000050721	0
ENSMMUG00000061489	0
ENSMMUG00000065243	0
ENSMMUG00000042754	0
ENSMMUG00000057512	0
ENSMMUG00000054208	0
ENSMMUG00000059468	0
ZEBOVgp1	2496
ZEBOVgp2	578
ZEBOVgp3	1435
ZEBOVgp4	3666
ZEBOVgp5	589
ZEBOVgp6	895
ZEBOVgp7	4106
